Reference_Name	Position	Coverage Depth	Consensus	Deletions	Ambiguous	Consensus_Count	Consensus_Average_Quality
A_HA_H7	1	16	G	0	0	16	35.375
A_HA_H7	2	18	G	0	0	18	31
A_HA_H7	3	18	G	0	0	18	30.3888888888889
A_HA_H7	4	22	G	0	0	22	32.8181818181818
A_HA_H7	5	22	A	0	0	22	33.3181818181818
A_HA_H7	6	22	T	0	0	22	34.4090909090909
A_HA_H7	7	22	A	0	0	22	36.6818181818182
A_HA_H7	8	24	C	0	0	24	35.625
A_HA_H7	9	24	A	0	0	24	36.9166666666667
A_HA_H7	10	24	A	0	0	24	36.25
A_HA_H7	11	24	A	0	0	24	36.7083333333333
A_HA_H7	12	24	A	0	0	24	35.9583333333333
A_HA_H7	13	24	T	0	0	24	37.5416666666667
A_HA_H7	14	24	G	0	0	24	37.5
A_HA_H7	15	24	A	0	0	24	35.9166666666667
A_HA_H7	16	24	A	0	0	24	37.75
A_HA_H7	17	24	C	0	0	24	35.2916666666667
A_HA_H7	18	24	A	0	0	24	37.125
A_HA_H7	19	28	C	0	0	28	36.9642857142857
A_HA_H7	20	28	T	0	0	28	36.5357142857143
A_HA_H7	21	28	C	0	0	28	36.4285714285714
A_HA_H7	22	28	G	0	0	28	36.6071428571429
A_HA_H7	23	28	A	0	0	28	35.9642857142857
A_HA_H7	24	28	A	0	0	28	36.7857142857143
A_HA_H7	25	45	T	0	0	45	36.1333333333333
A_HA_H7	26	45	T	0	0	45	35.6222222222222
A_HA_H7	27	48	C	0	0	48	36.2291666666667
A_HA_H7	28	48	T	0	0	48	36.1041666666667
A_HA_H7	29	48	A	0	0	48	36
A_HA_H7	30	49	A	0	0	49	37.2244897959184
A_HA_H7	31	50	T	0	0	50	37.18
A_HA_H7	32	50	A	0	0	50	37.14
A_HA_H7	33	50	C	0	0	50	36.8
A_HA_H7	34	50	T	0	0	49	37.1836734693878
A_HA_H7	35	52	C	0	0	52	37.0384615384615
A_HA_H7	36	52	A	0	0	52	37.5961538461538
A_HA_H7	37	69	C	0	0	69	36.4782608695652
A_HA_H7	38	69	C	0	0	69	36.1739130434783
A_HA_H7	39	71	C	0	0	71	36.0422535211268
A_HA_H7	40	72	T	0	0	72	36.1527777777778
A_HA_H7	41	72	T	0	0	72	36.2638888888889
A_HA_H7	42	72	A	0	0	72	37.1944444444444
A_HA_H7	43	73	C	0	0	73	36.7671232876712
A_HA_H7	44	73	A	0	0	73	37.5616438356164
A_HA_H7	45	78	G	0	0	78	36.9230769230769
A_HA_H7	46	78	C	0	0	78	36.7692307692308
A_HA_H7	47	78	A	0	0	78	36.974358974359
A_HA_H7	48	78	A	0	0	78	36.7179487179487
A_HA_H7	49	78	T	0	0	78	36.4358974358974
A_HA_H7	50	78	C	0	0	78	36.7692307692308
A_HA_H7	51	78	G	0	0	78	35.8205128205128
A_HA_H7	52	78	T	0	0	78	35.9358974358974
A_HA_H7	53	78	C	0	0	77	36.5844155844156
A_HA_H7	54	78	C	0	0	78	35.7051282051282
A_HA_H7	55	78	A	0	0	78	36.525641025641
A_HA_H7	56	82	C	0	0	82	36.9512195121951
A_HA_H7	57	82	A	0	0	82	37.7317073170732
A_HA_H7	58	83	C	0	0	83	36.3253012048193
A_HA_H7	59	83	A	0	0	83	36.6385542168675
A_HA_H7	60	86	A	0	0	86	36.6046511627907
A_HA_H7	61	86	A	0	0	86	37.1279069767442
A_HA_H7	62	86	T	0	0	86	37.4418604651163
A_HA_H7	63	86	G	0	0	86	37.0116279069767
A_HA_H7	64	86	C	0	0	86	36.9302325581395
A_HA_H7	65	86	A	0	0	86	36.9883720930233
A_HA_H7	66	88	G	0	0	88	37.0454545454545
A_HA_H7	67	88	A	0	0	87	37.551724137931
A_HA_H7	68	89	C	0	0	89	36.5280898876404
A_HA_H7	69	89	A	0	0	89	37.314606741573
A_HA_H7	70	89	A	0	0	88	36.9659090909091
A_HA_H7	71	92	A	0	0	92	37.2717391304348
A_HA_H7	72	94	A	0	0	94	37.6382978723404
A_HA_H7	73	94	T	0	0	94	37.5851063829787
A_HA_H7	74	94	A	0	0	94	37.6170212765957
A_HA_H7	75	94	T	0	0	94	37.2021276595745
A_HA_H7	76	94	G	0	0	94	36.936170212766
A_HA_H7	77	96	C	0	0	95	37.6421052631579
A_HA_H7	78	97	A	0	0	97	37.1030927835052
A_HA_H7	79	97	T	0	0	97	37.8556701030928
A_HA_H7	80	97	T	0	0	97	37.9072164948454
A_HA_H7	81	103	G	0	0	103	37.0097087378641
A_HA_H7	82	103	G	0	0	103	35.9029126213592
A_HA_H7	83	106	A	0	0	106	36.3018867924528
A_HA_H7	84	116	C	0	0	116	37.1465517241379
A_HA_H7	85	117	A	0	0	117	37.3247863247863
A_HA_H7	86	117	T	0	0	117	37.5128205128205
A_HA_H7	87	117	C	0	0	117	37.5726495726496
A_HA_H7	88	120	A	0	0	120	36.6666666666667
A_HA_H7	89	120	T	0	0	120	37.025
A_HA_H7	90	121	G	0	0	121	37.3223140495868
A_HA_H7	91	121	C	0	0	121	37.2727272727273
A_HA_H7	92	121	T	0	0	121	37.4214876033058
A_HA_H7	93	136	G	0	0	136	37.2794117647059
A_HA_H7	94	136	T	0	0	135	37.3407407407407
A_HA_H7	95	136	A	0	0	136	37.25
A_HA_H7	96	136	T	0	0	136	37.5735294117647
A_HA_H7	97	136	C	0	0	136	37.3161764705882
A_HA_H7	98	136	A	0	0	136	37.8014705882353
A_HA_H7	99	136	A	0	0	136	38.0735294117647
A_HA_H7	100	136	A	0	0	136	37.8823529411765
A_HA_H7	101	136	C	0	0	136	37.4044117647059
A_HA_H7	102	136	G	0	0	136	36.5661764705882
A_HA_H7	103	139	G	0	0	139	35.9136690647482
A_HA_H7	104	139	C	0	0	139	35.3884892086331
A_HA_H7	105	139	A	0	0	139	37.2230215827338
A_HA_H7	106	140	C	0	0	140	36.3357142857143
A_HA_H7	107	140	C	0	0	140	36.5928571428571
A_HA_H7	108	140	A	0	0	140	38.1857142857143
A_HA_H7	109	140	A	0	0	139	38.0215827338129
A_HA_H7	110	141	A	0	0	141	37.3617021276596
A_HA_H7	111	142	G	0	0	142	37.7676056338028
A_HA_H7	112	142	T	0	0	141	36.0070921985816
A_HA_H7	113	145	G	0	0	145	36.3034482758621
A_HA_H7	114	145	A	0	0	144	37.375
A_HA_H7	115	145	A	0	0	145	37.6620689655172
A_HA_H7	116	145	C	0	0	144	37.6319444444444
A_HA_H7	117	145	A	0	0	145	37.8275862068966
A_HA_H7	118	150	C	0	0	150	37.7466666666667
A_HA_H7	119	150	G	0	0	150	36.8533333333333
A_HA_H7	120	154	C	0	0	154	35.9805194805195
A_HA_H7	121	154	T	0	0	153	35.5098039215686
A_HA_H7	122	157	C	0	0	157	36.0955414012739
A_HA_H7	123	157	A	0	0	156	36.4871794871795
A_HA_H7	124	157	C	0	0	157	36.9490445859873
A_HA_H7	125	157	G	0	0	157	37.3694267515924
A_HA_H7	126	157	G	0	0	156	36.9230769230769
A_HA_H7	127	157	A	0	0	157	35
A_HA_H7	128	158	G	0	0	158	36.2974683544304
A_HA_H7	129	158	A	0	0	158	34.9620253164557
A_HA_H7	130	161	G	0	0	161	36.5031055900621
A_HA_H7	131	164	G	0	0	164	36.6585365853659
A_HA_H7	132	165	G	0	0	165	36.3757575757576
A_HA_H7	133	172	G	0	0	172	36.6046511627907
A_HA_H7	134	172	T	0	0	171	34.0584795321637
A_HA_H7	135	172	G	0	0	172	35.1744186046512
A_HA_H7	136	171	T	0	0	170	35.0941176470588
A_HA_H7	137	171	A	0	0	171	37.3040935672515
A_HA_H7	138	171	G	0	0	171	37.6549707602339
A_HA_H7	139	171	A	0	0	171	37.8771929824561
A_HA_H7	140	171	A	0	0	171	37.8538011695906
A_HA_H7	141	170	G	0	0	170	37.7705882352941
A_HA_H7	142	167	T	0	0	167	36.562874251497
A_HA_H7	143	165	T	0	0	165	37.4363636363636
A_HA_H7	144	165	G	0	0	165	37.7636363636364
A_HA_H7	145	164	T	0	0	164	37.7560975609756
A_HA_H7	146	169	C	0	0	169	37.5739644970414
A_HA_H7	147	169	A	0	0	169	37.9289940828402
A_HA_H7	148	169	A	0	0	169	37.603550295858
A_HA_H7	149	168	T	0	0	168	37.7440476190476
A_HA_H7	150	170	G	0	0	170	38.0176470588235
A_HA_H7	151	170	C	0	0	170	37.6117647058824
A_HA_H7	152	170	T	0	0	170	37.8411764705882
A_HA_H7	153	173	A	0	0	173	37.9075144508671
A_HA_H7	154	173	C	0	0	173	37.9942196531792
A_HA_H7	155	173	T	0	0	173	37.5491329479769
A_HA_H7	156	174	G	0	0	174	37.8045977011494
A_HA_H7	157	178	A	0	0	178	37.5
A_HA_H7	158	178	A	0	0	178	37.7247191011236
A_HA_H7	159	178	A	0	0	178	37.9325842696629
A_HA_H7	160	180	C	0	0	180	37.8888888888889
A_HA_H7	161	180	A	0	0	180	37.6111111111111
A_HA_H7	162	179	G	0	0	179	37.8491620111732
A_HA_H7	163	179	T	0	0	179	37.4022346368715
A_HA_H7	164	179	A	0	0	179	38.2402234636872
A_HA_H7	165	179	G	0	0	179	38.122905027933
A_HA_H7	166	179	A	0	0	179	38.122905027933
A_HA_H7	167	181	G	0	0	181	37.9502762430939
A_HA_H7	168	183	C	0	0	183	37.792349726776
A_HA_H7	169	182	A	0	0	182	38.467032967033
A_HA_H7	170	183	G	0	0	183	38.0382513661202
A_HA_H7	171	183	A	0	0	182	38.043956043956
A_HA_H7	172	183	T	0	0	183	37.655737704918
A_HA_H7	173	183	G	0	0	183	38.3606557377049
A_HA_H7	174	183	A	0	0	182	38.3791208791209
A_HA_H7	175	183	A	0	0	182	38.1923076923077
A_HA_H7	176	170	C	0	0	170	37.7176470588235
A_HA_H7	177	169	A	0	0	169	38.1775147928994
A_HA_H7	178	169	T	0	0	169	38.2248520710059
A_HA_H7	179	169	T	0	0	169	37.9763313609467
A_HA_H7	180	169	C	0	0	169	37.2662721893491
A_HA_H7	181	169	C	0	0	169	37.6153846153846
A_HA_H7	182	169	C	0	0	169	37.6863905325444
A_HA_H7	183	169	A	0	0	169	38.2781065088757
A_HA_H7	184	172	G	0	0	172	38
A_HA_H7	185	173	A	0	0	173	37.3236994219653
A_HA_H7	186	174	A	0	0	174	37.7011494252874
A_HA_H7	187	173	T	0	0	173	38.0924855491329
A_HA_H7	188	162	T	0	0	162	38.0432098765432
A_HA_H7	189	162	T	0	0	162	38.4814814814815
A_HA_H7	190	164	G	0	0	164	37.9939024390244
A_HA_H7	191	162	T	0	0	162	37.1851851851852
A_HA_H7	192	162	A	0	0	162	37.6111111111111
A_HA_H7	193	162	C	0	0	160	37.96875
A_HA_H7	194	161	T	0	0	161	38.3975155279503
A_HA_H7	195	161	A	0	0	161	38.2732919254658
A_HA_H7	196	156	A	0	0	156	38.1025641025641
A_HA_H7	197	159	G	0	0	159	37.9748427672956
A_HA_H7	198	162	G	0	0	162	37.4567901234568
A_HA_H7	199	164	G	0	0	164	37.3780487804878
A_HA_H7	200	163	A	0	0	163	37.3742331288344
A_HA_H7	201	163	A	0	0	163	37.9877300613497
A_HA_H7	202	163	A	0	0	163	38.0613496932515
A_HA_H7	203	164	A	0	0	164	37.9512195121951
A_HA_H7	204	163	A	0	0	161	38.1863354037267
A_HA_H7	205	164	G	0	0	164	37.25
A_HA_H7	206	163	A	0	0	163	37.2760736196319
A_HA_H7	207	162	G	0	0	162	37.3456790123457
A_HA_H7	208	162	C	0	0	162	37.5432098765432
A_HA_H7	209	164	G	0	0	164	37.3414634146341
A_HA_H7	210	164	A	0	0	164	36.9573170731707
A_HA_H7	211	162	T	0	0	162	37.2839506172839
A_HA_H7	212	165	T	0	0	165	37.5090909090909
A_HA_H7	213	165	G	0	0	164	37.1890243902439
A_HA_H7	214	167	A	0	0	167	37.7604790419162
A_HA_H7	215	167	T	0	0	167	37.1197604790419
A_HA_H7	216	167	C	0	0	167	37.5568862275449
A_HA_H7	217	167	T	0	0	167	37.2814371257485
A_HA_H7	218	188	C	0	0	188	37.2340425531915
A_HA_H7	219	188	G	0	0	188	37.3989361702128
A_HA_H7	220	190	G	0	0	190	36.5263157894737
A_HA_H7	221	189	T	0	0	189	35.962962962963
A_HA_H7	222	186	C	0	0	186	36.241935483871
A_HA_H7	223	185	A	0	0	185	36.6756756756757
A_HA_H7	224	199	G	0	0	199	36.7537688442211
A_HA_H7	225	199	T	0	0	197	35.6142131979695
A_HA_H7	226	201	G	0	0	200	36.64
A_HA_H7	227	200	T	0	0	200	35.765
A_HA_H7	228	203	G	0	0	203	36.4532019704434
A_HA_H7	229	201	G	0	0	201	35.6019900497512
A_HA_H7	230	201	G	0	0	201	35.3681592039801
A_HA_H7	231	201	T	0	0	199	35.7989949748744
A_HA_H7	232	201	T	0	0	201	36.5621890547264
A_HA_H7	233	195	A	0	0	195	37.1538461538462
A_HA_H7	234	186	C	0	0	186	37.5537634408602
A_HA_H7	235	186	T	0	0	186	37.752688172043
A_HA_H7	236	186	T	0	0	185	37.6216216216216
A_HA_H7	237	190	G	1	0	189	36.9365079365079
A_HA_H7	238	193	G	0	0	193	36.7668393782383
A_HA_H7	239	193	C	0	0	193	36.9844559585492
A_HA_H7	240	193	A	0	0	193	37.5284974093264
A_HA_H7	241	192	T	0	0	192	37.4166666666667
A_HA_H7	242	196	A	0	0	196	37.9489795918367
A_HA_H7	243	201	G	0	0	201	37.0099502487562
A_HA_H7	244	197	T	0	0	197	36.3807106598985
A_HA_H7	245	199	C	0	0	199	36.7035175879397
A_HA_H7	246	196	A	0	0	196	37.3571428571429
A_HA_H7	247	195	C	0	0	195	36.9282051282051
A_HA_H7	248	194	A	0	0	194	37.6494845360825
A_HA_H7	249	196	G	0	0	196	36.9285714285714
A_HA_H7	250	197	G	0	0	197	35.5837563451777
A_HA_H7	251	196	A	0	0	195	36.4871794871795
A_HA_H7	252	195	C	0	0	195	36.374358974359
A_HA_H7	253	191	C	0	0	191	36.6387434554974
A_HA_H7	254	196	A	0	0	194	37.0979381443299
A_HA_H7	255	215	C	0	0	215	36.7116279069767
A_HA_H7	256	215	C	0	0	215	36.3116279069767
A_HA_H7	257	216	T	0	0	216	37.0740740740741
A_HA_H7	258	219	C	0	0	219	36.6073059360731
A_HA_H7	259	220	A	0	0	220	36.8909090909091
A_HA_H7	260	220	A	0	0	220	36.7090909090909
A_HA_H7	261	219	T	0	0	219	37.3150684931507
A_HA_H7	262	219	G	0	0	218	37.5642201834862
A_HA_H7	263	211	T	0	0	210	36.3047619047619
A_HA_H7	264	210	G	0	0	210	37.3095238095238
A_HA_H7	265	211	A	0	0	208	37.1442307692308
A_HA_H7	266	216	T	0	0	216	36.6527777777778
A_HA_H7	267	216	C	0	0	216	37.3240740740741
A_HA_H7	268	218	A	0	0	217	37.668202764977
A_HA_H7	269	215	A	0	0	214	37.5514018691589
A_HA_H7	270	217	T	0	0	216	37.0555555555556
A_HA_H7	271	215	T	0	0	215	36.8046511627907
A_HA_H7	272	213	C	0	0	213	36.7652582159624
A_HA_H7	273	215	C	0	0	215	36.7116279069767
A_HA_H7	274	219	T	0	0	219	36.9817351598174
A_HA_H7	275	219	C	0	0	218	37.1834862385321
A_HA_H7	276	218	G	0	0	218	37.0321100917431
A_HA_H7	277	221	A	0	0	221	36.4977375565611
A_HA_H7	278	221	G	0	0	221	36.6696832579185
A_HA_H7	279	223	T	0	0	223	37.2421524663677
A_HA_H7	280	223	T	0	0	223	36.9955156950673
A_HA_H7	281	223	T	0	0	223	37.8251121076233
A_HA_H7	282	222	G	0	0	221	37.5610859728507
A_HA_H7	283	217	C	0	0	217	36.9723502304147
A_HA_H7	284	217	A	0	0	217	37.4884792626728
A_HA_H7	285	218	G	0	0	218	37.4678899082569
A_HA_H7	286	222	C	0	0	222	37.6261261261261
A_HA_H7	287	222	G	0	0	222	36.8648648648649
A_HA_H7	288	224	G	0	0	224	36.7678571428571
A_HA_H7	289	229	A	0	0	229	36.5633187772926
A_HA_H7	290	233	T	0	0	232	36.1206896551724
A_HA_H7	291	233	C	0	0	233	36.3776824034335
A_HA_H7	292	233	T	0	0	233	37.5836909871245
A_HA_H7	293	235	G	0	0	235	37.736170212766
A_HA_H7	294	235	A	0	0	234	37.2350427350427
A_HA_H7	295	235	T	0	0	235	37.4340425531915
A_HA_H7	296	235	A	0	0	235	37.6170212765957
A_HA_H7	297	232	A	0	0	231	37.5281385281385
A_HA_H7	298	233	T	0	0	233	37.1330472103004
A_HA_H7	299	229	C	0	0	229	37.2707423580786
A_HA_H7	300	229	G	0	0	229	36.7554585152838
A_HA_H7	301	228	A	0	0	228	36.3333333333333
A_HA_H7	302	226	G	0	0	226	35.9955752212389
A_HA_H7	303	221	C	0	0	221	36.0090497737557
A_HA_H7	304	221	G	0	0	220	37.0409090909091
A_HA_H7	305	222	G	0	0	222	36.7162162162162
A_HA_H7	306	224	A	0	0	224	35.8526785714286
A_HA_H7	307	226	G	0	0	225	36.68
A_HA_H7	308	227	A	0	0	227	36.8810572687225
A_HA_H7	309	230	G	0	0	230	37.1260869565217
A_HA_H7	310	229	A	1	0	229	37.1877729257642
A_HA_H7	311	230	A	0	0	229	37.9606986899563
A_HA_H7	312	230	G	0	0	230	37.5347826086957
A_HA_H7	313	233	G	0	0	232	37.3448275862069
A_HA_H7	314	231	A	0	0	230	37.1913043478261
A_HA_H7	315	231	G	0	0	230	37.3652173913043
A_HA_H7	316	231	A	0	0	230	36.7260869565217
A_HA_H7	317	231	T	0	0	231	37.3679653679654
A_HA_H7	318	232	G	0	0	232	37.7974137931034
A_HA_H7	319	230	A	0	0	229	37.6724890829694
A_HA_H7	320	230	T	0	0	229	37.6855895196507
A_HA_H7	321	230	G	0	0	230	37.8478260869565
A_HA_H7	322	227	T	0	0	226	37.7566371681416
A_HA_H7	323	230	T	0	0	230	37.7260869565217
A_HA_H7	324	230	T	0	0	230	37.6434782608696
A_HA_H7	325	230	G	0	0	230	37.4260869565217
A_HA_H7	326	230	C	0	0	230	37.8478260869565
A_HA_H7	327	230	T	0	0	229	37.5152838427948
A_HA_H7	328	230	A	0	0	229	37.5414847161572
A_HA_H7	329	230	T	0	0	230	37.1782608695652
A_HA_H7	330	229	C	0	0	229	36.5240174672489
A_HA_H7	331	230	C	0	0	230	37.1913043478261
A_HA_H7	332	229	T	0	0	229	37.7161572052402
A_HA_H7	333	228	G	1	0	228	37.969298245614
A_HA_H7	334	229	G	0	0	229	37.8777292576419
A_HA_H7	335	227	G	0	0	227	37.5814977973568
A_HA_H7	336	227	A	0	0	227	37.6431718061674
A_HA_H7	337	223	A	0	0	223	38.3542600896861
A_HA_H7	338	225	A	0	0	225	37.8577777777778
A_HA_H7	339	224	T	0	0	224	37.5267857142857
A_HA_H7	340	224	T	0	0	224	37.8169642857143
A_HA_H7	341	223	T	0	0	223	38.152466367713
A_HA_H7	342	223	G	0	0	222	38.0765765765766
A_HA_H7	343	225	T	0	0	224	37.7366071428571
A_HA_H7	344	225	A	0	0	224	38.125
A_HA_H7	345	225	A	0	0	225	37.9688888888889
A_HA_H7	346	225	A	0	0	225	37.2666666666667
A_HA_H7	347	226	T	0	0	226	37.5176991150442
A_HA_H7	348	229	G	0	0	227	37.6696035242291
A_HA_H7	349	227	A	0	0	226	37.5575221238938
A_HA_H7	350	226	A	0	0	226	37.8893805309735
A_HA_H7	351	226	G	0	0	225	37.7333333333333
A_HA_H7	352	226	A	0	0	225	37.3955555555556
A_HA_H7	353	226	A	0	0	224	37.9910714285714
A_HA_H7	354	226	G	0	0	225	36.9688888888889
A_HA_H7	355	232	C	0	0	231	36.6103896103896
A_HA_H7	356	232	C	0	0	232	36.4353448275862
A_HA_H7	357	232	C	0	0	232	36.4094827586207
A_HA_H7	358	230	T	0	0	230	36.4173913043478
A_HA_H7	359	232	A	0	0	232	36.5474137931034
A_HA_H7	360	233	C	0	0	232	37.1637931034483
A_HA_H7	361	234	G	0	0	233	36.6824034334764
A_HA_H7	362	234	C	0	0	234	36.1623931623932
A_HA_H7	363	229	C	0	0	228	36.8245614035088
A_HA_H7	364	232	A	0	0	232	37.6077586206897
A_HA_H7	365	231	A	0	0	230	37.6391304347826
A_HA_H7	366	232	A	0	0	232	37.5775862068966
A_HA_H7	367	233	T	0	0	232	37.5646551724138
A_HA_H7	368	234	T	0	0	234	37.1581196581197
A_HA_H7	369	218	C	0	0	217	37.9447004608295
A_HA_H7	370	218	T	0	0	218	37.5596330275229
A_HA_H7	371	218	C	0	0	218	38.1284403669725
A_HA_H7	372	218	A	0	0	218	38.2385321100917
A_HA_H7	373	218	G	0	0	218	37.7798165137615
A_HA_H7	374	219	G	0	0	219	37.5707762557078
A_HA_H7	375	213	G	0	0	213	37.81220657277
A_HA_H7	376	213	A	0	0	213	36.9201877934272
A_HA_H7	377	215	G	0	0	215	37.5441860465116
A_HA_H7	378	214	T	0	0	214	36.9345794392523
A_HA_H7	379	211	C	0	0	211	37.2369668246445
A_HA_H7	380	210	A	0	0	210	37.8761904761905
A_HA_H7	381	211	G	0	0	211	37.3317535545024
A_HA_H7	382	211	G	0	0	211	37.9431279620853
A_HA_H7	383	209	A	0	0	209	37.6937799043062
A_HA_H7	384	208	G	0	0	208	37.3317307692308
A_HA_H7	385	208	G	0	0	207	36.9613526570048
A_HA_H7	386	209	G	0	0	209	36.8851674641148
A_HA_H7	387	206	A	0	0	204	36.7205882352941
A_HA_H7	388	202	T	0	0	201	37.6965174129353
A_HA_H7	389	202	C	0	0	202	36.8217821782178
A_HA_H7	390	201	A	0	0	201	37.7860696517413
A_HA_H7	391	202	A	0	0	202	37.5544554455446
A_HA_H7	392	201	C	0	0	200	37.045
A_HA_H7	393	200	A	0	0	200	37.81
A_HA_H7	394	196	A	0	0	196	37.7448979591837
A_HA_H7	395	192	A	0	0	192	37.7447916666667
A_HA_H7	396	191	G	0	0	191	37.2513089005236
A_HA_H7	397	191	A	0	0	191	37.8638743455497
A_HA_H7	398	192	A	0	0	192	37.5989583333333
A_HA_H7	399	191	A	0	0	191	37.3979057591623
A_HA_H7	400	190	C	0	0	190	37.6368421052632
A_HA_H7	401	188	A	0	0	188	37.6648936170213
A_HA_H7	402	188	A	0	0	188	37.2712765957447
A_HA_H7	403	188	C	0	0	188	37.5531914893617
A_HA_H7	404	188	G	0	0	188	37.218085106383
A_HA_H7	405	189	G	0	0	188	36.9627659574468
A_HA_H7	406	180	G	0	0	180	37.05
A_HA_H7	407	184	A	0	0	184	36.9021739130435
A_HA_H7	408	194	T	0	0	194	36.5463917525773
A_HA_H7	409	193	T	0	0	193	36.6580310880829
A_HA_H7	410	197	C	0	0	197	36.6548223350254
A_HA_H7	411	198	A	0	0	198	36.3838383838384
A_HA_H7	412	203	C	0	0	203	36.9064039408867
A_HA_H7	413	202	A	0	0	202	37.3366336633663
A_HA_H7	414	202	T	0	0	202	36.990099009901
A_HA_H7	415	200	A	0	0	200	36.505
A_HA_H7	416	203	C	0	0	203	36.9852216748768
A_HA_H7	417	189	A	0	0	188	37.5425531914894
A_HA_H7	418	194	G	0	0	194	37.1340206185567
A_HA_H7	419	188	T	0	0	187	36.7914438502674
A_HA_H7	420	190	G	0	0	190	37.0631578947368
A_HA_H7	421	190	G	0	0	190	37.2736842105263
A_HA_H7	422	191	A	0	0	190	37.2105263157895
A_HA_H7	423	198	A	0	0	198	37.1616161616162
A_HA_H7	424	196	T	0	0	196	37.0561224489796
A_HA_H7	425	187	A	0	0	187	37.5026737967914
A_HA_H7	426	187	A	0	0	187	37.1871657754011
A_HA_H7	427	181	G	0	0	181	37.4198895027624
A_HA_H7	428	190	G	0	0	189	37.1481481481481
A_HA_H7	429	189	A	0	0	189	36.7354497354497
A_HA_H7	430	196	C	0	0	196	37.2244897959184
A_HA_H7	431	196	T	0	0	196	37.3673469387755
A_HA_H7	432	195	A	0	0	195	37.3692307692308
A_HA_H7	433	195	A	0	0	195	37.148717948718
A_HA_H7	434	195	T	0	0	195	36.6615384615385
A_HA_H7	435	198	G	0	0	198	37.3787878787879
A_HA_H7	436	198	G	0	0	198	36.9545454545455
A_HA_H7	437	190	A	0	0	188	36.8457446808511
A_HA_H7	438	190	G	0	0	190	37.6263157894737
A_HA_H7	439	182	T	0	0	181	37.0386740331492
A_HA_H7	440	185	G	0	0	184	36.75
A_HA_H7	441	186	A	0	0	186	37.1827956989247
A_HA_H7	442	186	C	0	0	186	37.0268817204301
A_HA_H7	443	185	C	0	0	185	37.0432432432432
A_HA_H7	444	185	A	0	0	185	36.6864864864865
A_HA_H7	445	185	A	0	0	185	36.5027027027027
A_HA_H7	446	186	T	0	0	185	36.9027027027027
A_HA_H7	447	187	G	0	0	187	36.8395721925134
A_HA_H7	448	190	C	0	0	189	36.4708994708995
A_HA_H7	449	193	G	0	0	193	37.1243523316062
A_HA_H7	450	190	T	0	0	190	36.6578947368421
A_HA_H7	451	191	G	0	0	191	36.4397905759162
A_HA_H7	452	192	T	0	0	192	36.9583333333333
A_HA_H7	453	192	A	0	0	192	37.4427083333333
A_HA_H7	454	199	G	0	0	196	37.3673469387755
A_HA_H7	455	198	A	0	0	198	37.5050505050505
A_HA_H7	456	195	A	0	0	194	37.6546391752577
A_HA_H7	457	196	G	0	0	196	37.6122448979592
A_HA_H7	458	188	A	0	0	186	37.9623655913978
A_HA_H7	459	193	T	0	0	193	37.2487046632124
A_HA_H7	460	192	C	0	0	192	37.640625
A_HA_H7	461	190	A	0	0	190	37.6315789473684
A_HA_H7	462	190	G	0	0	190	37.1157894736842
A_HA_H7	463	192	G	0	0	192	36.5052083333333
A_HA_H7	464	193	G	0	0	193	36.7616580310881
A_HA_H7	465	194	T	0	0	192	36.71875
A_HA_H7	466	195	C	0	0	194	37.0618556701031
A_HA_H7	467	196	C	0	0	195	37.0666666666667
A_HA_H7	468	198	T	0	0	196	37.6938775510204
A_HA_H7	469	200	C	0	0	199	37.5678391959799
A_HA_H7	470	201	A	0	0	201	37.7164179104478
A_HA_H7	471	205	T	0	0	205	37.2048780487805
A_HA_H7	472	205	T	0	0	205	37.5317073170732
A_HA_H7	473	201	C	0	0	201	37.5074626865672
A_HA_H7	474	199	T	0	0	199	37.1809045226131
A_HA_H7	475	199	A	0	0	199	37.8693467336683
A_HA_H7	476	203	C	0	0	202	37.1930693069307
A_HA_H7	477	202	A	0	0	200	37.76
A_HA_H7	478	208	C	0	0	208	37.2355769230769
A_HA_H7	479	208	G	0	0	208	36.8894230769231
A_HA_H7	480	216	G	0	0	216	37.0462962962963
A_HA_H7	481	216	A	0	0	216	36.912037037037
A_HA_H7	482	215	A	0	0	215	37.1720930232558
A_HA_H7	483	215	A	0	0	215	37.1767441860465
A_HA_H7	484	214	T	0	0	214	37.6822429906542
A_HA_H7	485	217	G	0	0	216	37.587962962963
A_HA_H7	486	217	A	0	0	217	37.8433179723502
A_HA_H7	487	217	A	0	0	217	37.8202764976959
A_HA_H7	488	217	A	0	0	217	37.8986175115207
A_HA_H7	489	215	T	0	0	215	37.3209302325581
A_HA_H7	490	215	G	0	0	215	37.3813953488372
A_HA_H7	491	215	G	0	0	215	37.0604651162791
A_HA_H7	492	215	C	0	0	215	37.2744186046512
A_HA_H7	493	214	T	0	0	213	37.924882629108
A_HA_H7	494	214	T	0	0	214	37.4065420560748
A_HA_H7	495	215	C	0	0	215	37.6976744186046
A_HA_H7	496	215	T	0	0	215	37.9767441860465
A_HA_H7	497	226	A	0	0	226	37.8982300884956
A_HA_H7	498	225	T	0	0	225	37.2355555555556
A_HA_H7	499	225	C	0	0	225	37.2
A_HA_H7	500	226	A	0	0	226	37.4557522123894
A_HA_H7	501	228	A	0	0	228	37.6184210526316
A_HA_H7	502	229	A	0	0	229	37.5196506550218
A_HA_H7	503	230	T	0	0	230	37.2608695652174
A_HA_H7	504	230	A	0	0	230	37.6
A_HA_H7	505	231	C	0	0	231	37.6406926406926
A_HA_H7	506	225	A	0	0	222	37.7657657657658
A_HA_H7	507	226	G	0	0	226	37.7699115044248
A_HA_H7	508	226	A	0	0	226	37.8274336283186
A_HA_H7	509	226	T	0	0	226	37.6769911504425
A_HA_H7	510	223	A	0	0	223	37.7443946188341
A_HA_H7	511	223	A	0	0	223	37.4170403587444
A_HA_H7	512	222	T	0	0	222	37.3423423423423
A_HA_H7	513	223	G	0	0	222	37.7432432432432
A_HA_H7	514	222	C	0	0	222	37.1891891891892
A_HA_H7	515	214	T	0	0	214	37.8224299065421
A_HA_H7	516	218	G	0	0	218	37.743119266055
A_HA_H7	517	215	C	0	0	214	37.0934579439252
A_HA_H7	518	215	T	0	0	215	37.8372093023256
A_HA_H7	519	215	T	0	0	215	37.553488372093
A_HA_H7	520	215	T	0	0	215	37.6186046511628
A_HA_H7	521	215	C	0	0	215	37.106976744186
A_HA_H7	522	215	C	0	0	214	37.0140186915888
A_HA_H7	523	214	C	0	0	214	37.1028037383178
A_HA_H7	524	214	G	0	0	214	36.9392523364486
A_HA_H7	525	215	C	0	0	215	36.9720930232558
A_HA_H7	526	216	A	0	0	216	37.4259259259259
A_HA_H7	527	216	A	0	0	216	37.3055555555556
A_HA_H7	528	213	A	0	0	213	37.2441314553991
A_HA_H7	529	216	T	0	0	216	38.0231481481481
A_HA_H7	530	216	G	0	0	216	37.7731481481481
A_HA_H7	531	218	A	0	0	218	37.3577981651376
A_HA_H7	532	218	C	0	0	218	37.8623853211009
A_HA_H7	533	217	A	0	0	216	37.7685185185185
A_HA_H7	534	218	A	0	0	218	37.5596330275229
A_HA_H7	535	218	A	0	0	218	37.3394495412844
A_HA_H7	536	218	A	0	0	218	37.0688073394495
A_HA_H7	537	218	T	0	0	218	37.2660550458716
A_HA_H7	538	218	C	0	0	218	37.7752293577982
A_HA_H7	539	217	A	0	0	217	38.2672811059908
A_HA_H7	540	218	T	0	0	218	37.9633027522936
A_HA_H7	541	218	A	0	0	218	37.3853211009174
A_HA_H7	542	215	C	0	0	214	37.7943925233645
A_HA_H7	543	216	A	0	0	216	38.0601851851852
A_HA_H7	544	216	A	0	0	216	38.2638888888889
A_HA_H7	545	216	A	0	0	212	37.8915094339623
A_HA_H7	546	216	A	0	0	216	38.0462962962963
A_HA_H7	547	216	A	0	0	216	37.8796296296296
A_HA_H7	548	218	C	0	0	218	37.5504587155963
A_HA_H7	549	215	A	0	0	215	38.0325581395349
A_HA_H7	550	216	T	0	0	216	37.912037037037
A_HA_H7	551	216	T	0	0	216	38.1990740740741
A_HA_H7	552	216	A	0	0	216	37.962962962963
A_HA_H7	553	218	G	0	0	218	37.802752293578
A_HA_H7	554	225	G	0	0	225	37.7288888888889
A_HA_H7	555	225	A	0	0	225	37.4755555555556
A_HA_H7	556	221	A	0	0	221	37.683257918552
A_HA_H7	557	216	T	0	0	216	37.212962962963
A_HA_H7	558	215	A	0	0	214	37.481308411215
A_HA_H7	559	211	A	0	0	210	37.1857142857143
A_HA_H7	560	211	A	0	0	209	36.7129186602871
A_HA_H7	561	209	C	0	0	209	37.3301435406699
A_HA_H7	562	207	C	0	0	207	37.1980676328502
A_HA_H7	563	201	T	0	0	201	37.8358208955224
A_HA_H7	564	206	G	0	0	205	37.609756097561
A_HA_H7	565	205	C	0	0	205	37.6975609756098
A_HA_H7	566	205	T	0	0	205	37.7560975609756
A_HA_H7	567	205	T	0	0	205	37.6878048780488
A_HA_H7	568	203	T	0	0	202	37.9752475247525
A_HA_H7	569	203	A	0	0	203	37.6896551724138
A_HA_H7	570	203	A	0	0	203	37.7733990147783
A_HA_H7	571	201	T	0	0	201	37.910447761194
A_HA_H7	572	201	T	0	0	201	38.044776119403
A_HA_H7	573	204	G	0	0	204	37.8725490196078
A_HA_H7	574	199	T	0	0	199	37.5879396984925
A_HA_H7	575	199	A	0	0	199	37.6733668341709
A_HA_H7	576	199	T	0	0	199	37.5829145728643
A_HA_H7	577	202	G	0	0	202	37.3564356435644
A_HA_H7	578	201	G	0	0	200	37.34
A_HA_H7	579	194	G	0	0	194	37.3505154639175
A_HA_H7	580	195	G	0	0	195	36.9076923076923
A_HA_H7	581	188	A	0	0	188	37.0851063829787
A_HA_H7	582	190	A	0	0	190	37.2421052631579
A_HA_H7	583	189	T	0	0	188	37.8297872340426
A_HA_H7	584	190	T	0	0	190	38.0421052631579
A_HA_H7	585	190	C	0	0	190	37.821052631579
A_HA_H7	586	190	A	0	0	190	38.0631578947368
A_HA_H7	587	191	T	0	0	190	38.1210526315789
A_HA_H7	588	191	C	0	0	190	37.8947368421053
A_HA_H7	589	192	A	0	0	192	38.0885416666667
A_HA_H7	590	192	T	0	0	191	37.7643979057592
A_HA_H7	591	191	T	0	0	191	37.5549738219895
A_HA_H7	592	190	C	0	0	190	37.8578947368421
A_HA_H7	593	189	T	0	0	189	38.1216931216931
A_HA_H7	594	190	G	0	0	190	37.1210526315789
A_HA_H7	595	190	G	0	0	189	37.4814814814815
A_HA_H7	596	190	A	0	0	190	37.2157894736842
A_HA_H7	597	196	T	0	0	196	36.4132653061224
A_HA_H7	598	189	C	0	0	189	37.1851851851852
A_HA_H7	599	189	G	0	0	188	37.2553191489362
A_HA_H7	600	188	A	0	0	187	37.5080213903743
A_HA_H7	601	192	C	0	0	192	37.234375
A_HA_H7	602	191	T	0	0	191	37.455497382199
A_HA_H7	603	192	G	0	0	191	37.2094240837696
A_HA_H7	604	188	C	0	0	188	37.6489361702128
A_HA_H7	605	191	T	0	0	191	37.9842931937173
A_HA_H7	606	194	G	0	0	194	37.7164948453608
A_HA_H7	607	194	A	0	0	194	37.0360824742268
A_HA_H7	608	195	G	0	0	194	37.2525773195876
A_HA_H7	609	195	C	0	0	194	37.0773195876289
A_HA_H7	610	188	A	0	0	188	37.6276595744681
A_HA_H7	611	191	G	0	0	191	37.6073298429319
A_HA_H7	612	192	A	0	0	192	37.0625
A_HA_H7	613	193	C	0	0	192	37.0833333333333
A_HA_H7	614	191	C	0	0	191	37.0680628272251
A_HA_H7	615	191	A	0	0	191	37.5916230366492
A_HA_H7	616	190	A	0	0	190	37.0157894736842
A_HA_H7	617	190	A	0	0	189	37.3756613756614
A_HA_H7	618	190	C	0	0	190	37.4947368421053
A_HA_H7	619	190	T	0	0	190	37.4526315789474
A_HA_H7	620	204	G	0	0	204	37.4166666666667
A_HA_H7	621	203	T	0	0	203	37.0246305418719
A_HA_H7	622	203	A	0	0	203	36.7931034482759
A_HA_H7	623	207	T	0	0	207	36.6376811594203
A_HA_H7	624	206	G	0	0	206	37.0631067961165
A_HA_H7	625	210	G	0	0	210	36.7904761904762
A_HA_H7	626	209	G	0	0	209	36.8516746411483
A_HA_H7	627	196	A	0	0	196	36.9438775510204
A_HA_H7	628	195	G	0	0	191	36.5968586387435
A_HA_H7	629	185	T	0	0	185	36.4432432432432
A_HA_H7	630	186	G	0	0	186	37.3225806451613
A_HA_H7	631	181	G	0	0	181	36.1049723756906
A_HA_H7	632	182	G	0	0	182	36.8956043956044
A_HA_H7	633	181	A	0	0	180	37.3111111111111
A_HA_H7	634	179	A	0	0	179	37.5474860335196
A_HA_H7	635	180	C	0	0	179	37.1173184357542
A_HA_H7	636	179	A	0	0	179	37.7541899441341
A_HA_H7	637	180	A	0	0	180	37.95
A_HA_H7	638	181	A	0	0	181	37.4309392265193
A_HA_H7	639	182	T	0	0	181	37.3701657458564
A_HA_H7	640	180	T	0	0	179	37.9888268156425
A_HA_H7	641	182	G	0	0	182	38.032967032967
A_HA_H7	642	181	A	0	0	181	37.8508287292818
A_HA_H7	643	181	T	0	0	181	37.9889502762431
A_HA_H7	644	181	A	0	0	180	38.2777777777778
A_HA_H7	645	181	A	0	0	181	37.7955801104972
A_HA_H7	646	184	C	0	0	184	37.6086956521739
A_HA_H7	647	183	A	0	0	182	37.5934065934066
A_HA_H7	648	177	G	0	0	177	37.4519774011299
A_HA_H7	649	179	T	0	0	179	37.6759776536313
A_HA_H7	650	177	T	0	0	177	37.7796610169492
A_HA_H7	651	177	G	0	0	177	38.0960451977401
A_HA_H7	652	176	G	0	0	175	37.7428571428571
A_HA_H7	653	176	G	0	0	176	37.1931818181818
A_HA_H7	654	189	A	0	0	189	37.5291005291005
A_HA_H7	655	192	G	0	0	192	37.3177083333333
A_HA_H7	656	190	T	0	0	190	36.6894736842105
A_HA_H7	657	192	T	0	0	192	37.2760416666667
A_HA_H7	658	191	C	0	0	191	37.6387434554974
A_HA_H7	659	191	T	0	0	190	38.0157894736842
A_HA_H7	660	193	A	0	0	193	38.0673575129534
A_HA_H7	661	195	A	0	0	195	37.7230769230769
A_HA_H7	662	194	C	0	0	194	37.0154639175258
A_HA_H7	663	193	T	0	0	193	37.6113989637306
A_HA_H7	664	193	A	0	0	193	37.3575129533679
A_HA_H7	665	193	C	0	0	193	37.580310880829
A_HA_H7	666	191	C	0	0	191	37.5916230366492
A_HA_H7	667	191	A	0	0	191	37.4764397905759
A_HA_H7	668	192	G	0	0	192	37.234375
A_HA_H7	669	193	C	0	0	193	37.6943005181347
A_HA_H7	670	196	A	0	0	196	38.030612244898
A_HA_H7	671	197	A	0	0	197	37.8832487309645
A_HA_H7	672	198	T	0	0	197	37.4517766497462
A_HA_H7	673	203	C	0	0	202	37.029702970297
A_HA_H7	674	206	C	0	0	205	36.8634146341463
A_HA_H7	675	203	T	0	0	203	37.5418719211823
A_HA_H7	676	203	T	0	0	203	37.6551724137931
A_HA_H7	677	203	T	0	0	203	37.6206896551724
A_HA_H7	678	205	G	0	0	205	37.8829268292683
A_HA_H7	679	207	T	0	0	207	37.280193236715
A_HA_H7	680	205	T	0	0	204	36.8137254901961
A_HA_H7	681	207	C	0	0	207	37.2028985507246
A_HA_H7	682	205	C	0	0	203	36.7192118226601
A_HA_H7	683	205	A	0	0	204	37.3921568627451
A_HA_H7	684	205	A	0	0	205	37.4292682926829
A_HA_H7	685	212	G	0	0	210	37.252380952381
A_HA_H7	686	214	T	0	0	213	37.1737089201878
A_HA_H7	687	214	C	0	0	214	36.7616822429907
A_HA_H7	688	214	C	0	0	214	37.6028037383178
A_HA_H7	689	214	A	0	0	213	37.2488262910798
A_HA_H7	690	214	G	0	0	214	37.8738317757009
A_HA_H7	691	215	G	0	0	213	37.1737089201878
A_HA_H7	692	215	A	0	0	215	37.5209302325581
A_HA_H7	693	216	G	0	0	216	36.7592592592593
A_HA_H7	694	212	C	0	0	212	37.377358490566
A_HA_H7	695	213	A	0	0	213	37.3708920187793
A_HA_H7	696	213	A	0	0	211	37.5876777251185
A_HA_H7	697	213	G	0	0	212	37.6037735849057
A_HA_H7	698	218	A	0	0	217	36.9677419354839
A_HA_H7	699	221	C	0	0	220	36.3681818181818
A_HA_H7	700	218	C	0	0	218	37.4174311926606
A_HA_H7	701	219	A	0	0	219	37.5022831050228
A_HA_H7	702	221	C	0	0	221	37.7285067873303
A_HA_H7	703	221	A	0	0	220	37.7
A_HA_H7	704	222	A	0	0	222	37.3603603603604
A_HA_H7	705	219	G	0	0	219	37.7397260273973
A_HA_H7	706	220	T	0	0	219	37
A_HA_H7	707	220	G	0	0	219	37.5388127853881
A_HA_H7	708	218	A	0	0	218	37.6009174311927
A_HA_H7	709	219	A	0	0	219	37.7442922374429
A_HA_H7	710	218	T	0	0	218	37.6559633027523
A_HA_H7	711	217	G	0	0	217	37.63133640553
A_HA_H7	712	217	G	0	0	217	37.815668202765
A_HA_H7	713	216	T	0	0	215	36.8604651162791
A_HA_H7	714	211	C	0	0	211	37.1800947867299
A_HA_H7	715	210	A	0	0	210	37.5142857142857
A_HA_H7	716	214	A	0	0	213	37.3051643192488
A_HA_H7	717	214	T	0	0	214	37.1775700934579
A_HA_H7	718	214	C	0	0	214	37.0280373831776
A_HA_H7	719	213	A	0	0	211	37.7725118483412
A_HA_H7	720	214	G	0	0	214	37.0607476635514
A_HA_H7	721	215	G	0	0	215	37.846511627907
A_HA_H7	722	217	A	0	0	217	37.4055299539171
A_HA_H7	723	217	A	0	0	217	37.8663594470046
A_HA_H7	724	217	G	0	0	217	37.3179723502304
A_HA_H7	725	215	A	0	0	214	37.7710280373832
A_HA_H7	726	218	A	0	0	217	37.7880184331797
A_HA_H7	727	218	T	0	0	218	37.743119266055
A_HA_H7	728	217	T	0	0	217	37.9861751152074
A_HA_H7	729	224	G	0	0	224	37.1696428571429
A_HA_H7	730	225	A	0	0	223	37.5201793721973
A_HA_H7	731	225	T	0	0	225	37.7111111111111
A_HA_H7	732	225	T	0	0	225	37.8311111111111
A_HA_H7	733	221	T	0	0	220	37.9181818181818
A_HA_H7	734	222	T	0	0	222	37.6756756756757
A_HA_H7	735	222	C	0	0	222	37.545045045045
A_HA_H7	736	221	A	0	0	220	37.3727272727273
A_HA_H7	737	224	T	0	0	223	37.4035874439462
A_HA_H7	738	223	T	0	0	223	37.7982062780269
A_HA_H7	739	233	G	0	0	233	37.6480686695279
A_HA_H7	740	231	G	0	0	231	37.3160173160173
A_HA_H7	741	231	T	0	0	231	37.1298701298701
A_HA_H7	742	232	T	0	0	232	37.4612068965517
A_HA_H7	743	232	A	0	0	231	37.7662337662338
A_HA_H7	744	236	A	0	0	235	37.6893617021277
A_HA_H7	745	237	T	0	0	236	37.6694915254237
A_HA_H7	746	239	A	0	0	239	37.5690376569038
A_HA_H7	747	239	T	0	0	238	37.3697478991597
A_HA_H7	748	230	T	0	0	230	37.7086956521739
A_HA_H7	749	230	G	0	0	230	37.504347826087
A_HA_H7	750	229	A	0	0	229	37.703056768559
A_HA_H7	751	233	A	0	0	233	37.5236051502146
A_HA_H7	752	231	T	0	0	230	36.8652173913043
A_HA_H7	753	240	C	0	0	239	36.9456066945607
A_HA_H7	754	238	C	0	0	238	37.3193277310924
A_HA_H7	755	244	C	0	0	244	37.4098360655738
A_HA_H7	756	241	A	0	0	241	37.2738589211618
A_HA_H7	757	245	A	0	0	245	36.9428571428571
A_HA_H7	758	248	T	0	0	247	37.2914979757085
A_HA_H7	759	251	G	0	0	251	36.8764940239044
A_HA_H7	760	252	A	0	0	252	37.2857142857143
A_HA_H7	761	251	C	0	0	250	37.544
A_HA_H7	762	245	A	0	0	244	37.827868852459
A_HA_H7	763	249	C	0	0	249	37.3895582329317
A_HA_H7	764	244	A	0	0	244	37.5573770491803
A_HA_H7	765	249	G	0	0	249	37.2128514056225
A_HA_H7	766	253	T	0	0	252	37.3095238095238
A_HA_H7	767	255	C	0	0	255	36.5529411764706
A_HA_H7	768	255	A	0	0	254	36.744094488189
A_HA_H7	769	250	C	0	0	250	36.92
A_HA_H7	770	247	C	0	0	247	37.417004048583
A_HA_H7	771	247	T	0	0	247	37.5748987854251
A_HA_H7	772	246	T	0	0	245	37.534693877551
A_HA_H7	773	246	C	0	0	245	37.469387755102
A_HA_H7	774	241	A	0	0	241	37.4149377593361
A_HA_H7	775	244	G	0	0	244	37.4016393442623
A_HA_H7	776	244	T	0	0	243	37.4238683127572
A_HA_H7	777	244	T	0	0	244	37.4262295081967
A_HA_H7	778	244	T	0	0	244	37.1188524590164
A_HA_H7	779	247	C	0	0	247	37.4372469635627
A_HA_H7	780	247	A	0	0	247	37.5222672064777
A_HA_H7	781	247	A	0	0	247	37.0080971659919
A_HA_H7	782	246	T	0	0	246	37.130081300813
A_HA_H7	783	247	G	0	0	247	37.165991902834
A_HA_H7	784	245	G	0	0	244	35.9016393442623
A_HA_H7	785	250	G	0	0	249	36.6345381526104
A_HA_H7	786	248	G	0	0	246	35.8333333333333
A_HA_H7	787	250	C	0	0	249	36.0883534136546
A_HA_H7	788	252	C	0	0	252	36.2896825396825
A_HA_H7	789	252	T	0	0	252	37.015873015873
A_HA_H7	790	260	T	0	0	259	37.1505791505791
A_HA_H7	791	260	C	0	0	258	36.9186046511628
A_HA_H7	792	261	A	0	0	260	37.2
A_HA_H7	793	262	T	0	0	262	37.4389312977099
A_HA_H7	794	260	T	0	0	259	37.2007722007722
A_HA_H7	795	277	G	0	0	277	37.0072202166065
A_HA_H7	796	279	C	0	0	279	36.9856630824373
A_HA_H7	797	279	T	0	0	279	37.1469534050179
A_HA_H7	798	283	C	0	0	280	36.8857142857143
A_HA_H7	799	283	C	0	0	282	36.613475177305
A_HA_H7	800	278	A	0	0	277	36.8339350180505
A_HA_H7	801	278	G	0	0	278	36.5935251798561
A_HA_H7	802	277	A	0	0	277	36.4909747292419
A_HA_H7	803	277	C	0	0	277	35.7148014440433
A_HA_H7	804	252	C	0	0	252	36.2738095238095
A_HA_H7	805	255	G	0	0	255	36.9803921568627
A_HA_H7	806	253	T	0	0	252	36.2460317460317
A_HA_H7	807	253	G	0	0	253	37.1304347826087
A_HA_H7	808	252	T	0	0	252	37.0793650793651
A_HA_H7	809	252	G	0	0	252	36.8730158730159
A_HA_H7	810	253	A	0	0	253	37.2885375494071
A_HA_H7	811	254	G	0	0	254	37.1496062992126
A_HA_H7	812	252	C	0	0	252	36.984126984127
A_HA_H7	813	248	T	1	0	248	37.4959677419355
A_HA_H7	814	251	T	0	0	250	37.76
A_HA_H7	815	249	T	0	0	249	37.6586345381526
A_HA_H7	816	255	T	0	0	255	37.843137254902
A_HA_H7	817	255	T	0	0	255	37.5294117647059
A_HA_H7	818	254	C	0	0	253	37.1818181818182
A_HA_H7	819	254	C	0	0	254	37.1732283464567
A_HA_H7	820	252	A	0	0	251	37.8884462151394
A_HA_H7	821	249	A	0	0	249	37.5421686746988
A_HA_H7	822	249	G	0	0	249	37.6024096385542
A_HA_H7	823	249	G	0	0	249	36.4979919678715
A_HA_H7	824	247	G	0	0	247	36.4493927125506
A_HA_H7	825	245	A	0	0	245	37.1632653061224
A_HA_H7	826	245	A	0	0	245	37.4285714285714
A_HA_H7	827	254	G	0	0	253	36.5889328063241
A_HA_H7	828	254	T	0	0	252	37.0119047619048
A_HA_H7	829	253	C	0	0	252	37.0833333333333
A_HA_H7	830	252	C	0	0	252	37.0912698412698
A_HA_H7	831	252	A	0	0	252	37.3690476190476
A_HA_H7	832	251	T	0	0	251	37.4262948207171
A_HA_H7	833	251	A	0	0	251	37.1872509960159
A_HA_H7	834	252	G	0	0	252	37.3849206349206
A_HA_H7	835	252	G	0	0	252	36.9087301587302
A_HA_H7	836	243	A	0	0	243	36.8106995884774
A_HA_H7	837	245	A	0	0	244	37.5040983606557
A_HA_H7	838	245	T	0	0	244	37.5860655737705
A_HA_H7	839	248	T	0	0	248	37.8991935483871
A_HA_H7	840	249	C	0	0	249	37.5983935742972
A_HA_H7	841	251	A	1	0	251	37.3545816733068
A_HA_H7	842	251	A	1	0	251	37.6215139442231
A_HA_H7	843	251	A	1	0	251	37.207171314741
A_HA_H7	844	251	G	1	0	251	37.6772908366534
A_HA_H7	845	252	T	1	0	251	36.7410358565737
A_HA_H7	846	251	G	1	0	251	37.0478087649402
A_HA_H7	847	251	G	1	0	251	37.1394422310757
A_HA_H7	848	246	A	1	0	244	36.9426229508197
A_HA_H7	849	247	G	1	0	247	37.1862348178138
A_HA_H7	850	242	T	0	0	239	37.4937238493724
A_HA_H7	851	242	G	0	0	241	37.149377593361
A_HA_H7	852	241	C	0	0	240	37.2958333333333
A_HA_H7	853	241	C	0	0	241	37.3775933609959
A_HA_H7	854	241	A	0	0	239	36.8870292887029
A_HA_H7	855	242	G	0	0	241	37.7302904564315
A_HA_H7	856	242	T	0	0	240	37.3125
A_HA_H7	857	242	T	0	0	242	37.4421487603306
A_HA_H7	858	243	G	0	0	243	37.5555555555556
A_HA_H7	859	243	A	0	0	243	36.9423868312757
A_HA_H7	860	243	T	0	0	243	37.3703703703704
A_HA_H7	861	243	G	0	0	243	37.59670781893
A_HA_H7	862	242	T	0	0	242	37.099173553719
A_HA_H7	863	238	T	0	0	238	37.4915966386555
A_HA_H7	864	238	A	0	0	238	37.5672268907563
A_HA_H7	865	239	A	0	0	239	36.6276150627615
A_HA_H7	866	240	T	0	0	240	37.1166666666667
A_HA_H7	867	237	T	0	0	237	37.0506329113924
A_HA_H7	868	238	G	0	0	238	37.0084033613445
A_HA_H7	869	233	C	0	0	233	36.9399141630901
A_HA_H7	870	233	G	0	0	233	36.8669527896996
A_HA_H7	871	233	A	0	0	233	36.656652360515
A_HA_H7	872	231	A	0	0	231	36.4285714285714
A_HA_H7	873	235	G	0	0	235	36.4170212765957
A_HA_H7	874	235	G	0	0	234	36.5683760683761
A_HA_H7	875	233	A	0	0	232	37.2413793103448
A_HA_H7	876	233	G	0	0	233	37.5321888412017
A_HA_H7	877	232	A	0	0	232	37.6379310344828
A_HA_H7	878	232	A	0	0	232	37.5646551724138
A_HA_H7	879	236	T	0	0	236	37.114406779661
A_HA_H7	880	231	G	0	0	230	37.4086956521739
A_HA_H7	881	236	C	0	0	236	36.1610169491525
A_HA_H7	882	236	C	0	0	234	36.7948717948718
A_HA_H7	883	236	A	0	0	235	36.7021276595745
A_HA_H7	884	238	C	0	0	236	37.271186440678
A_HA_H7	885	237	C	0	0	237	36.9113924050633
A_HA_H7	886	236	A	0	0	235	36.9574468085106
A_HA_H7	887	239	C	0	0	239	37.2301255230126
A_HA_H7	888	232	A	0	0	229	37.2445414847162
A_HA_H7	889	232	G	0	0	232	37.7413793103448
A_HA_H7	890	224	T	0	0	224	36.8080357142857
A_HA_H7	891	224	G	0	0	223	37.0358744394619
A_HA_H7	892	225	G	0	0	225	36.8844444444444
A_HA_H7	893	223	A	0	0	221	36.9502262443439
A_HA_H7	894	224	G	0	0	224	37.15625
A_HA_H7	895	238	G	0	0	238	36.436974789916
A_HA_H7	896	237	T	0	0	235	34.9234042553191
A_HA_H7	897	237	A	0	0	237	36.3670886075949
A_HA_H7	898	238	C	0	0	238	36.9873949579832
A_HA_H7	899	236	T	0	0	235	36.8042553191489
A_HA_H7	900	238	A	0	0	238	36.7352941176471
A_HA_H7	901	238	T	0	0	238	37
A_HA_H7	902	234	A	0	0	234	37.2307692307692
A_HA_H7	903	234	G	0	0	234	37.2948717948718
A_HA_H7	904	211	C	0	0	211	36.8862559241706
A_HA_H7	905	210	A	0	0	210	37.4
A_HA_H7	906	208	A	0	0	208	37.5
A_HA_H7	907	208	G	0	0	207	37.1304347826087
A_HA_H7	908	204	C	0	0	204	37.4705882352941
A_HA_H7	909	198	A	0	0	197	37.8832487309645
A_HA_H7	910	195	A	0	0	195	37.9538461538462
A_HA_H7	911	194	T	0	0	193	37.6269430051813
A_HA_H7	912	193	T	0	0	193	37.8134715025907
A_HA_H7	913	194	T	0	0	194	37.7422680412371
A_HA_H7	914	193	A	0	0	192	36.9739583333333
A_HA_H7	915	188	C	0	0	188	37.1329787234043
A_HA_H7	916	188	C	0	0	188	37.5904255319149
A_HA_H7	917	184	T	0	0	184	37.9239130434783
A_HA_H7	918	184	T	0	0	184	38.1413043478261
A_HA_H7	919	185	T	0	0	185	37.5243243243243
A_HA_H7	920	184	C	0	0	184	36.9728260869565
A_HA_H7	921	185	C	0	0	185	37.4540540540541
A_HA_H7	922	185	A	0	0	185	37.9297297297297
A_HA_H7	923	185	A	0	0	184	37.6413043478261
A_HA_H7	924	186	A	0	0	186	37.6129032258064
A_HA_H7	925	192	A	0	0	191	36.9319371727749
A_HA_H7	926	193	C	0	0	191	37.3821989528796
A_HA_H7	927	194	A	0	0	194	37.2938144329897
A_HA_H7	928	194	T	0	0	194	37.4381443298969
A_HA_H7	929	195	T	0	0	195	37.6205128205128
A_HA_H7	930	194	A	0	0	194	37.7628865979381
A_HA_H7	931	194	A	0	0	194	37.0824742268041
A_HA_H7	932	205	T	0	0	205	37.0195121951219
A_HA_H7	933	205	A	0	0	205	37.0829268292683
A_HA_H7	934	207	G	0	0	207	37.0821256038647
A_HA_H7	935	200	T	0	0	199	36.1457286432161
A_HA_H7	936	194	A	0	0	194	36.798969072165
A_HA_H7	937	194	G	0	0	192	37.2135416666667
A_HA_H7	938	196	G	0	0	196	36.9183673469388
A_HA_H7	939	197	G	0	0	197	36.0406091370558
A_HA_H7	940	194	C	0	0	194	36.5670103092784
A_HA_H7	941	181	A	0	0	180	37.0666666666667
A_HA_H7	942	183	G	0	0	183	36.6174863387978
A_HA_H7	943	180	T	0	0	180	36.8277777777778
A_HA_H7	944	181	G	0	0	181	37.5745856353591
A_HA_H7	945	181	G	0	0	181	37.1325966850829
A_HA_H7	946	168	G	0	0	167	36.5568862275449
A_HA_H7	947	166	C	0	0	166	36.433734939759
A_HA_H7	948	167	A	0	0	167	37.6526946107784
A_HA_H7	949	169	A	0	0	169	37.3372781065089
A_HA_H7	950	170	A	0	0	170	37.6882352941176
A_HA_H7	951	173	T	0	0	173	37.6011560693642
A_HA_H7	952	177	G	0	0	177	37.6610169491525
A_HA_H7	953	176	T	0	0	175	37.2228571428571
A_HA_H7	954	176	C	0	0	176	37.0397727272727
A_HA_H7	955	176	C	0	0	176	37.5113636363636
A_HA_H7	956	176	A	0	0	175	37.5142857142857
A_HA_H7	957	176	A	0	0	176	37.1761363636364
A_HA_H7	958	181	G	0	0	181	37.3812154696133
A_HA_H7	959	184	G	0	0	184	36.9836956521739
A_HA_H7	960	183	T	0	0	183	36.6939890710383
A_HA_H7	961	184	A	0	0	184	37.2880434782609
A_HA_H7	962	183	T	0	0	183	37.5300546448087
A_HA_H7	963	183	G	0	0	183	37.7978142076503
A_HA_H7	964	183	T	0	0	183	37.344262295082
A_HA_H7	965	181	A	0	0	181	37.878453038674
A_HA_H7	966	184	A	0	0	184	37.6032608695652
A_HA_H7	967	178	A	0	0	178	37.5561797752809
A_HA_H7	968	180	G	0	0	180	37.5
A_HA_H7	969	181	C	0	0	181	36.7790055248619
A_HA_H7	970	180	A	0	0	179	37.5418994413408
A_HA_H7	971	180	A	0	0	180	37.8277777777778
A_HA_H7	972	180	A	0	0	179	37.927374301676
A_HA_H7	973	181	A	0	0	181	37.8839779005525
A_HA_H7	974	181	A	0	0	181	37.7955801104972
A_HA_H7	975	179	A	0	0	179	36.854748603352
A_HA_H7	976	179	G	0	0	179	36.1117318435754
A_HA_H7	977	178	C	0	0	178	36.9101123595506
A_HA_H7	978	178	C	0	0	178	37.7640449438202
A_HA_H7	979	180	T	0	0	179	37.1731843575419
A_HA_H7	980	185	G	0	0	185	37.4324324324324
A_HA_H7	981	186	C	0	0	185	37.3297297297297
A_HA_H7	982	186	T	0	0	186	37.5
A_HA_H7	983	188	A	0	0	188	37.6382978723404
A_HA_H7	984	187	T	0	0	187	37.0534759358289
A_HA_H7	985	190	T	0	0	190	36.9894736842105
A_HA_H7	986	191	G	0	0	191	37.3664921465969
A_HA_H7	987	190	G	0	0	190	37.0578947368421
A_HA_H7	988	187	C	0	0	187	37.0320855614973
A_HA_H7	989	186	G	0	0	186	36.8333333333333
A_HA_H7	990	183	A	0	0	183	36.6885245901639
A_HA_H7	991	183	C	0	0	183	36.7978142076503
A_HA_H7	992	181	A	0	0	179	37.2402234636872
A_HA_H7	993	183	G	0	0	183	36.9289617486339
A_HA_H7	994	186	G	0	0	186	36.5376344086022
A_HA_H7	995	188	A	0	0	188	37.3563829787234
A_HA_H7	996	189	A	0	0	189	37.3809523809524
A_HA_H7	997	194	T	0	0	194	37.5
A_HA_H7	998	195	G	0	0	195	37.5948717948718
A_HA_H7	999	195	A	0	0	195	37.4769230769231
A_HA_H7	1000	197	A	0	0	197	37.6345177664975
A_HA_H7	1001	197	G	0	0	196	37.2551020408163
A_HA_H7	1002	198	A	0	0	198	37.520202020202
A_HA_H7	1003	199	A	0	0	199	37.3266331658291
A_HA_H7	1004	197	T	0	0	197	37.6497461928934
A_HA_H7	1005	198	G	0	0	198	37.9444444444444
A_HA_H7	1006	198	T	0	0	198	37.4090909090909
A_HA_H7	1007	197	T	0	0	196	37.4438775510204
A_HA_H7	1008	197	C	0	0	197	36.761421319797
A_HA_H7	1009	196	C	0	0	196	37.0816326530612
A_HA_H7	1010	193	T	0	0	193	37.0621761658031
A_HA_H7	1011	194	G	0	0	194	37.4329896907216
A_HA_H7	1012	196	A	0	0	196	37.3775510204082
A_HA_H7	1013	196	A	0	0	195	37.9846153846154
A_HA_H7	1014	197	A	0	0	197	37.5279187817259
A_HA_H7	1015	200	T	0	0	200	36.8
A_HA_H7	1016	199	C	0	0	199	37.1909547738693
A_HA_H7	1017	201	C	0	0	199	36.5979899497487
A_HA_H7	1018	201	C	0	0	201	36.6915422885572
A_HA_H7	1019	201	A	0	0	200	37.06
A_HA_H7	1020	202	G	0	0	202	37.6831683168317
A_HA_H7	1021	202	G	0	0	201	37.089552238806
A_HA_H7	1022	205	G	0	0	204	37.078431372549
A_HA_H7	1023	205	A	0	0	205	36.4585365853659
A_HA_H7	1024	203	A	0	0	203	37.0197044334975
A_HA_H7	1025	203	G	0	0	203	37
A_HA_H7	1026	202	A	0	0	202	37.1138613861386
A_HA_H7	1027	203	G	0	0	203	37.2413793103448
A_HA_H7	1028	200	A	0	0	200	36.955
A_HA_H7	1029	202	G	0	0	202	36.8910891089109
A_HA_H7	1030	205	G	0	0	205	36.4926829268293
A_HA_H7	1031	201	T	0	0	200	36.245
A_HA_H7	1032	205	C	0	0	205	36.3853658536585
A_HA_H7	1033	204	T	0	0	203	37.0738916256158
A_HA_H7	1034	204	G	0	0	204	37.2598039215686
A_HA_H7	1035	206	T	0	0	206	36.5582524271845
A_HA_H7	1036	206	T	0	0	206	36.5679611650485
A_HA_H7	1037	203	C	0	0	203	36.1477832512315
A_HA_H7	1038	202	G	0	0	202	36.1930693069307
A_HA_H7	1039	202	G	0	0	202	35.4851485148515
A_HA_H7	1040	204	C	0	0	204	34.7352941176471
A_HA_H7	1041	203	G	0	0	202	37.2128712871287
A_HA_H7	1042	204	C	0	0	204	36.7205882352941
A_HA_H7	1043	202	C	0	0	202	36.509900990099
A_HA_H7	1044	202	A	0	0	202	36.8019801980198
A_HA_H7	1045	203	T	0	0	203	37.1625615763547
A_HA_H7	1046	196	A	0	0	196	37.469387755102
A_HA_H7	1047	197	G	0	0	197	37.243654822335
A_HA_H7	1048	192	C	0	0	192	37.109375
A_HA_H7	1049	192	T	0	0	192	37.46875
A_HA_H7	1050	194	G	0	0	194	37.2628865979381
A_HA_H7	1051	196	G	0	0	196	37.515306122449
A_HA_H7	1052	196	A	0	0	196	37.0459183673469
A_HA_H7	1053	196	T	0	0	196	37.6734693877551
A_HA_H7	1054	195	T	0	0	195	37.3487179487179
A_HA_H7	1055	198	T	0	0	198	37.5959595959596
A_HA_H7	1056	198	A	0	0	198	38.2626262626263
A_HA_H7	1057	198	T	0	0	198	38
A_HA_H7	1058	198	T	0	0	198	37.8333333333333
A_HA_H7	1059	199	G	0	0	199	38.0251256281407
A_HA_H7	1060	199	A	0	0	199	37.6482412060301
A_HA_H7	1061	199	A	0	0	198	37.9191919191919
A_HA_H7	1062	201	A	0	0	201	37.4577114427861
A_HA_H7	1063	201	A	0	0	200	37.385
A_HA_H7	1064	203	C	0	0	203	37.192118226601
A_HA_H7	1065	200	G	0	0	200	36.2
A_HA_H7	1066	201	G	0	0	201	36.3283582089552
A_HA_H7	1067	202	G	0	0	202	37.1485148514851
A_HA_H7	1068	201	T	0	0	200	35.015
A_HA_H7	1069	202	G	0	0	202	36.4851485148515
A_HA_H7	1070	201	G	0	0	201	36.7114427860697
A_HA_H7	1071	201	G	0	0	201	36.6218905472637
A_HA_H7	1072	201	A	0	0	201	36.6517412935323
A_HA_H7	1073	201	A	0	0	201	37.18407960199
A_HA_H7	1074	207	G	0	0	207	36.6135265700483
A_HA_H7	1075	207	G	0	0	207	35.951690821256
A_HA_H7	1076	201	T	0	0	199	36.3718592964824
A_HA_H7	1077	196	C	0	0	196	36.5561224489796
A_HA_H7	1078	194	T	0	0	194	36.4329896907216
A_HA_H7	1079	196	G	0	0	196	37.280612244898
A_HA_H7	1080	196	G	0	0	196	37.3826530612245
A_HA_H7	1081	196	T	0	0	196	36.6479591836735
A_HA_H7	1082	195	T	0	0	195	37.1435897435897
A_HA_H7	1083	188	G	0	0	188	37.0425531914894
A_HA_H7	1084	186	A	0	0	185	37.6432432432432
A_HA_H7	1085	185	T	0	0	184	37.3260869565217
A_HA_H7	1086	186	G	0	0	186	37.1021505376344
A_HA_H7	1087	186	G	0	0	185	37.3189189189189
A_HA_H7	1088	186	A	0	0	186	36.8924731182796
A_HA_H7	1089	183	T	0	0	183	37.1584699453552
A_HA_H7	1090	183	G	0	0	183	37.6830601092896
A_HA_H7	1091	204	G	0	0	204	36.9117647058824
A_HA_H7	1092	205	T	0	0	205	36.2243902439024
A_HA_H7	1093	207	A	0	0	207	36.719806763285
A_HA_H7	1094	207	T	0	0	207	36.9227053140097
A_HA_H7	1095	208	G	0	0	208	36.8605769230769
A_HA_H7	1096	210	G	0	0	210	37.0047619047619
A_HA_H7	1097	210	A	0	0	210	36.9095238095238
A_HA_H7	1098	210	T	0	0	210	36.3142857142857
A_HA_H7	1099	207	T	0	0	207	37.3816425120773
A_HA_H7	1100	197	C	0	0	197	37.3807106598985
A_HA_H7	1101	194	A	0	0	194	37.5979381443299
A_HA_H7	1102	192	G	0	0	192	36.9739583333333
A_HA_H7	1103	191	A	0	0	190	37.4789473684211
A_HA_H7	1104	197	C	0	0	197	37.4213197969543
A_HA_H7	1105	195	A	0	0	194	37.4690721649485
A_HA_H7	1106	198	T	0	0	198	36.7575757575758
A_HA_H7	1107	200	C	0	0	200	37.575
A_HA_H7	1108	200	A	0	0	200	36.8
A_HA_H7	1109	199	A	0	0	199	36.894472361809
A_HA_H7	1110	196	A	0	0	196	37.2244897959184
A_HA_H7	1111	196	A	0	0	196	37.4387755102041
A_HA_H7	1112	197	C	0	0	197	37.0152284263959
A_HA_H7	1113	196	T	0	0	196	37.2448979591837
A_HA_H7	1114	197	C	0	0	197	37.0253807106599
A_HA_H7	1115	197	A	0	0	197	37.0203045685279
A_HA_H7	1116	197	C	0	0	197	37.0659898477157
A_HA_H7	1117	197	A	0	0	197	36.8477157360406
A_HA_H7	1118	200	G	0	0	200	37.165
A_HA_H7	1119	198	G	0	0	197	37.1573604060914
A_HA_H7	1120	202	G	0	0	202	37.1435643564356
A_HA_H7	1121	202	G	0	0	202	36.2227722772277
A_HA_H7	1122	206	G	0	0	206	36.6504854368932
A_HA_H7	1123	206	A	0	0	206	37.0242718446602
A_HA_H7	1124	207	A	0	0	205	36.7219512195122
A_HA_H7	1125	206	G	0	0	206	36.7766990291262
A_HA_H7	1126	212	G	0	0	212	36.8537735849057
A_HA_H7	1127	211	A	0	0	211	37.2654028436019
A_HA_H7	1128	209	A	0	0	209	37.1052631578947
A_HA_H7	1129	209	C	0	0	209	37.0239234449761
A_HA_H7	1130	204	A	0	0	204	37.2892156862745
A_HA_H7	1131	201	G	0	0	201	36.9950248756219
A_HA_H7	1132	200	C	0	0	200	37.165
A_HA_H7	1133	199	A	0	0	199	36.6984924623116
A_HA_H7	1134	198	G	0	0	198	36.6969696969697
A_HA_H7	1135	195	C	0	0	195	36.8205128205128
A_HA_H7	1136	193	T	0	0	193	37.5906735751295
A_HA_H7	1137	197	G	0	0	197	37.4263959390863
A_HA_H7	1138	201	A	0	0	201	37.6567164179104
A_HA_H7	1139	209	T	0	0	209	37.0047846889952
A_HA_H7	1140	208	T	0	0	208	37.3605769230769
A_HA_H7	1141	209	A	0	0	209	36.8803827751196
A_HA_H7	1142	212	C	0	0	211	37.3317535545024
A_HA_H7	1143	211	A	0	0	211	37.3127962085308
A_HA_H7	1144	217	A	0	0	217	37.5437788018433
A_HA_H7	1145	217	A	0	0	217	37.5576036866359
A_HA_H7	1146	212	A	0	0	211	37.4075829383886
A_HA_H7	1147	214	G	0	0	214	37.0934579439252
A_HA_H7	1148	214	C	0	0	213	37.0845070422535
A_HA_H7	1149	214	A	0	0	214	37.0140186915888
A_HA_H7	1150	214	C	0	0	213	37.9577464788732
A_HA_H7	1151	214	T	0	0	214	37.1308411214953
A_HA_H7	1152	215	C	0	0	214	37.3785046728972
A_HA_H7	1153	214	A	0	0	214	38.1121495327103
A_HA_H7	1154	228	A	0	0	227	37.3612334801762
A_HA_H7	1155	228	T	0	0	228	37.0526315789474
A_HA_H7	1156	229	C	0	0	229	37.1397379912664
A_HA_H7	1157	228	T	0	0	228	37.3333333333333
A_HA_H7	1158	228	G	0	0	228	37.0921052631579
A_HA_H7	1159	229	C	0	0	229	37.3187772925764
A_HA_H7	1160	229	A	0	0	228	37.4517543859649
A_HA_H7	1161	230	A	0	0	230	37.6086956521739
A_HA_H7	1162	232	T	0	0	232	37.4224137931034
A_HA_H7	1163	234	T	0	0	234	37.3162393162393
A_HA_H7	1164	235	G	0	0	235	37.7829787234043
A_HA_H7	1165	242	A	0	0	242	37.6280991735537
A_HA_H7	1166	242	T	0	0	241	37.1659751037344
A_HA_H7	1167	241	C	0	0	241	37.6265560165975
A_HA_H7	1168	240	A	0	0	240	37.8208333333333
A_HA_H7	1169	246	G	0	0	246	37.8414634146341
A_HA_H7	1170	249	A	0	0	248	37.1653225806452
A_HA_H7	1171	249	T	0	0	249	36.570281124498
A_HA_H7	1172	249	A	0	0	249	37.3574297188755
A_HA_H7	1173	248	A	0	0	248	36.8185483870968
A_HA_H7	1174	249	C	0	0	249	36.9718875502008
A_HA_H7	1175	247	G	0	0	247	37.1619433198381
A_HA_H7	1176	250	G	0	0	250	37.14
A_HA_H7	1177	249	G	0	0	249	36.9919678714859
A_HA_H7	1178	250	G	0	0	249	37.0923694779116
A_HA_H7	1179	246	A	0	0	246	36.9146341463415
A_HA_H7	1180	244	A	0	0	244	37.2786885245902
A_HA_H7	1181	249	A	0	0	249	37.578313253012
A_HA_H7	1182	249	T	0	0	249	37.6586345381526
A_HA_H7	1183	243	T	0	0	243	37.7942386831276
A_HA_H7	1184	246	G	0	0	246	37.7845528455285
A_HA_H7	1185	245	A	0	0	245	37.9959183673469
A_HA_H7	1186	245	A	0	0	245	37.7061224489796
A_HA_H7	1187	245	T	0	0	245	37.6489795918367
A_HA_H7	1188	241	A	0	0	241	38.0248962655602
A_HA_H7	1189	249	G	0	0	249	37.8795180722892
A_HA_H7	1190	249	A	0	0	249	37.7710843373494
A_HA_H7	1191	252	T	0	0	252	37.484126984127
A_HA_H7	1192	253	T	0	0	253	37.7905138339921
A_HA_H7	1193	254	G	0	0	254	37.9527559055118
A_HA_H7	1194	255	A	0	0	254	37.6653543307087
A_HA_H7	1195	255	T	0	0	255	37.9803921568627
A_HA_H7	1196	254	A	0	0	254	38.0866141732283
A_HA_H7	1197	255	G	0	0	255	37.9725490196078
A_HA_H7	1198	258	A	0	0	256	37.55859375
A_HA_H7	1199	261	A	0	0	261	37.6590038314176
A_HA_H7	1200	262	A	0	0	262	37.3931297709924
A_HA_H7	1201	263	A	0	0	263	38.1634980988593
A_HA_H7	1202	260	A	0	0	260	37.8461538461538
A_HA_H7	1203	260	A	0	0	260	37.2115384615385
A_HA_H7	1204	260	C	0	0	253	37.5928853754941
A_HA_H7	1205	261	C	0	0	260	37.7884615384615
A_HA_H7	1206	260	A	0	0	260	38.25
A_HA_H7	1207	261	A	0	0	261	38.1149425287356
A_HA_H7	1208	261	T	0	0	261	37.4329501915709
A_HA_H7	1209	260	C	0	0	260	37.8653846153846
A_HA_H7	1210	260	A	0	0	260	38.2076923076923
A_HA_H7	1211	260	A	0	0	260	37.9384615384615
A_HA_H7	1212	260	C	0	0	260	38.2807692307692
A_HA_H7	1213	258	A	0	0	258	38.2674418604651
A_HA_H7	1214	258	A	0	0	258	38.0348837209302
A_HA_H7	1215	257	T	0	0	257	37.3774319066148
A_HA_H7	1216	257	T	0	0	257	37.7587548638132
A_HA_H7	1217	255	T	0	0	254	38.2322834645669
A_HA_H7	1218	255	G	0	0	255	38.0823529411765
A_HA_H7	1219	254	A	0	0	254	38.1062992125984
A_HA_H7	1220	254	A	0	0	254	37.748031496063
A_HA_H7	1221	262	T	0	0	262	37.7595419847328
A_HA_H7	1222	260	T	0	0	260	37.9769230769231
A_HA_H7	1223	262	G	0	0	262	37.736641221374
A_HA_H7	1224	262	A	0	0	262	37.7671755725191
A_HA_H7	1225	261	T	0	0	261	38.0842911877395
A_HA_H7	1226	260	A	0	0	260	38.2615384615385
A_HA_H7	1227	261	G	0	0	261	37.7547892720306
A_HA_H7	1228	261	A	0	0	261	37.8773946360153
A_HA_H7	1229	263	C	0	0	262	38.0839694656489
A_HA_H7	1230	272	A	0	0	272	38.1654411764706
A_HA_H7	1231	273	A	0	0	273	38.0879120879121
A_HA_H7	1232	273	T	0	0	273	37.996336996337
A_HA_H7	1233	277	G	0	0	277	37.8014440433213
A_HA_H7	1234	277	A	0	0	276	37.8949275362319
A_HA_H7	1235	279	A	0	0	279	37.5698924731183
A_HA_H7	1236	279	T	0	0	279	37.4695340501792
A_HA_H7	1237	277	T	0	0	276	37.5760869565217
A_HA_H7	1238	275	C	0	0	274	37.7153284671533
A_HA_H7	1239	270	A	0	0	270	37.7962962962963
A_HA_H7	1240	271	A	0	0	271	38.1365313653137
A_HA_H7	1241	270	T	0	0	269	37.82156133829
A_HA_H7	1242	263	G	0	0	263	38.2965779467681
A_HA_H7	1243	261	A	0	0	260	37.9653846153846
A_HA_H7	1244	257	G	0	0	256	37.7890625
A_HA_H7	1245	259	G	0	0	259	37.6100386100386
A_HA_H7	1246	257	T	0	0	257	36.0311284046693
A_HA_H7	1247	255	G	0	0	255	37.3019607843137
A_HA_H7	1248	254	G	0	0	254	36.8543307086614
A_HA_H7	1249	255	A	0	0	254	37.988188976378
A_HA_H7	1250	255	A	0	0	255	38.3529411764706
A_HA_H7	1251	255	A	0	0	255	38.3137254901961
A_HA_H7	1252	256	A	0	0	256	37.90234375
A_HA_H7	1253	257	G	0	0	257	37.8093385214008
A_HA_H7	1254	255	C	0	0	255	37.4039215686275
A_HA_H7	1255	256	A	0	0	256	37.95703125
A_HA_H7	1256	257	A	0	0	257	37.84046692607
A_HA_H7	1257	256	A	0	0	256	37.91796875
A_HA_H7	1258	253	T	0	0	253	37.8893280632411
A_HA_H7	1259	253	T	0	0	253	38.0237154150198
A_HA_H7	1260	251	G	0	0	251	38.0836653386454
A_HA_H7	1261	252	G	0	0	252	37.2023809523809
A_HA_H7	1262	253	C	0	0	253	37.7351778656126
A_HA_H7	1263	253	A	0	0	253	37.8339920948617
A_HA_H7	1264	257	A	0	0	257	37.3424124513619
A_HA_H7	1265	256	T	0	0	256	37.8125
A_HA_H7	1266	262	G	0	0	262	37.675572519084
A_HA_H7	1267	262	T	0	0	260	37.8307692307692
A_HA_H7	1268	263	A	0	0	263	37.8859315589354
A_HA_H7	1269	261	A	0	0	260	37.5461538461538
A_HA_H7	1270	261	T	0	0	261	37.2567049808429
A_HA_H7	1271	264	C	0	0	264	37.5227272727273
A_HA_H7	1272	261	A	0	0	261	37.8697318007663
A_HA_H7	1273	261	A	0	0	261	37.8927203065134
A_HA_H7	1274	261	T	0	0	261	37.5555555555556
A_HA_H7	1275	261	T	0	0	261	37.6475095785441
A_HA_H7	1276	264	G	0	0	264	36.7159090909091
A_HA_H7	1277	263	G	0	0	262	36.6297709923664
A_HA_H7	1278	265	A	0	0	264	36.9734848484849
A_HA_H7	1279	267	C	0	0	267	36.5767790262172
A_HA_H7	1280	266	T	0	0	265	36.6566037735849
A_HA_H7	1281	266	C	0	0	265	37.5320754716981
A_HA_H7	1282	266	G	0	0	266	37.2932330827068
A_HA_H7	1283	273	G	0	0	273	36.8754578754579
A_HA_H7	1284	273	G	0	0	273	37.018315018315
A_HA_H7	1285	271	A	0	0	271	36.7638376383764
A_HA_H7	1286	276	T	0	0	276	36.7898550724638
A_HA_H7	1287	276	T	0	0	276	37.0434782608696
A_HA_H7	1288	275	C	0	0	275	36.8509090909091
A_HA_H7	1289	270	C	0	0	270	37.2518518518519
A_HA_H7	1290	271	A	0	0	271	37.5166051660517
A_HA_H7	1291	275	T	0	0	274	37.0583941605839
A_HA_H7	1292	271	A	0	0	271	37.4538745387454
A_HA_H7	1293	272	A	0	0	272	37.5404411764706
A_HA_H7	1294	272	C	0	0	272	37.2058823529412
A_HA_H7	1295	264	A	0	0	263	37.5589353612167
A_HA_H7	1296	270	G	0	0	270	37.0481481481482
A_HA_H7	1297	263	A	0	0	262	37.5839694656489
A_HA_H7	1298	268	A	0	0	267	37.3782771535581
A_HA_H7	1299	274	G	0	0	274	37.2226277372263
A_HA_H7	1300	271	T	0	0	270	36.9962962962963
A_HA_H7	1301	271	A	0	0	271	36.9741697416974
A_HA_H7	1302	271	T	0	0	271	37.2250922509225
A_HA_H7	1303	269	G	0	0	268	37.2723880597015
A_HA_H7	1304	300	G	0	0	300	36.9166666666667
A_HA_H7	1305	295	T	0	0	295	36.528813559322
A_HA_H7	1306	294	C	0	0	294	36.9251700680272
A_HA_H7	1307	294	T	0	0	294	37.0748299319728
A_HA_H7	1308	295	T	0	0	295	37.1389830508475
A_HA_H7	1309	300	A	0	0	300	37.4533333333333
A_HA_H7	1310	299	C	0	0	299	37.2976588628763
A_HA_H7	1311	299	A	0	0	299	37.4682274247492
A_HA_H7	1312	305	A	0	0	305	37.2393442622951
A_HA_H7	1313	294	T	0	0	294	37.3673469387755
A_HA_H7	1314	295	G	0	0	295	37.1220338983051
A_HA_H7	1315	295	C	0	0	295	36.6847457627119
A_HA_H7	1316	283	T	0	0	282	37.7021276595745
A_HA_H7	1317	285	G	0	0	284	37.75
A_HA_H7	1318	285	A	0	0	285	37.4877192982456
A_HA_H7	1319	285	A	0	0	285	37.4175438596491
A_HA_H7	1320	285	C	0	0	285	37.4526315789474
A_HA_H7	1321	291	T	0	0	290	37.4620689655172
A_HA_H7	1322	303	C	0	0	302	37.6986754966887
A_HA_H7	1323	300	C	0	0	300	37.7966666666667
A_HA_H7	1324	301	T	0	0	301	37.8704318936877
A_HA_H7	1325	301	A	0	0	301	37.9302325581395
A_HA_H7	1326	299	G	0	0	299	38.1204013377926
A_HA_H7	1327	304	T	0	0	303	37.1518151815182
A_HA_H7	1328	303	G	0	0	303	37.8415841584158
A_HA_H7	1329	301	G	0	0	299	37.6421404682274
A_HA_H7	1330	301	C	0	0	300	37.4533333333333
A_HA_H7	1331	300	A	0	0	300	38.12
A_HA_H7	1332	297	A	0	0	297	37.9427609427609
A_HA_H7	1333	300	T	0	0	300	37.9933333333333
A_HA_H7	1334	304	G	0	0	304	38.0065789473684
A_HA_H7	1335	303	G	0	0	303	37.6600660066007
A_HA_H7	1336	301	A	0	0	300	37.7
A_HA_H7	1337	303	G	0	0	301	37.8073089700997
A_HA_H7	1338	310	A	0	0	310	37.6
A_HA_H7	1339	312	A	0	0	312	37.6891025641026
A_HA_H7	1340	316	C	0	0	316	37.2816455696203
A_HA_H7	1341	313	C	0	0	313	37.1948881789137
A_HA_H7	1342	305	A	0	0	305	37.6
A_HA_H7	1343	307	G	0	0	307	37.4885993485342
A_HA_H7	1344	304	C	0	0	304	37.3026315789474
A_HA_H7	1345	308	A	0	0	308	37.762987012987
A_HA_H7	1346	309	T	0	0	309	37.5695792880259
A_HA_H7	1347	304	A	0	0	304	37.5328947368421
A_HA_H7	1348	306	C	0	0	306	37.5326797385621
A_HA_H7	1349	300	C	0	0	299	37.4615384615385
A_HA_H7	1350	299	A	0	0	299	37.7558528428094
A_HA_H7	1351	300	T	0	0	300	37.63
A_HA_H7	1352	299	C	0	0	298	37.2885906040268
A_HA_H7	1353	298	G	0	0	297	37.4309764309764
A_HA_H7	1354	303	A	0	0	302	37.6986754966887
A_HA_H7	1355	303	T	0	0	303	38.019801980198
A_HA_H7	1356	302	T	0	0	302	38.2350993377483
A_HA_H7	1357	297	T	0	0	297	38.040404040404
A_HA_H7	1358	297	G	0	0	297	38.2289562289562
A_HA_H7	1359	297	A	0	0	296	38.1013513513514
A_HA_H7	1360	297	C	0	0	296	38.1081081081081
A_HA_H7	1361	294	A	0	0	294	38.4115646258503
A_HA_H7	1362	295	G	0	0	295	38.3016949152542
A_HA_H7	1363	306	A	0	0	306	37.8366013071895
A_HA_H7	1364	309	T	0	0	309	37.6699029126214
A_HA_H7	1365	309	T	0	0	308	37.8701298701299
A_HA_H7	1366	309	C	0	0	308	37.8993506493507
A_HA_H7	1367	308	A	0	0	308	38.0811688311688
A_HA_H7	1368	310	G	0	0	310	37.9967741935484
A_HA_H7	1369	318	A	0	0	318	38.0691823899371
A_HA_H7	1370	318	A	0	0	318	37.9779874213836
A_HA_H7	1371	319	A	0	0	319	37.8996865203762
A_HA_H7	1372	315	T	0	0	315	37.9333333333333
A_HA_H7	1373	317	G	0	0	317	37.9652996845426
A_HA_H7	1374	320	A	0	0	319	38.0564263322884
A_HA_H7	1375	323	A	0	0	323	38.1981424148607
A_HA_H7	1376	324	T	0	0	324	38.0092592592593
A_HA_H7	1377	322	A	0	0	322	38
A_HA_H7	1378	322	A	0	0	322	37.7453416149068
A_HA_H7	1379	323	G	0	0	323	38.1826625386997
A_HA_H7	1380	324	T	0	0	322	37.6180124223603
A_HA_H7	1381	312	T	0	0	312	38.0128205128205
A_HA_H7	1382	313	G	0	0	313	38.1884984025559
A_HA_H7	1383	313	T	0	0	313	38.0031948881789
A_HA_H7	1384	312	A	0	0	311	38.1254019292604
A_HA_H7	1385	313	T	0	0	313	38.4121405750799
A_HA_H7	1386	313	G	0	0	313	38.1182108626198
A_HA_H7	1387	313	A	0	0	313	38.2683706070288
A_HA_H7	1388	310	A	0	0	310	38.241935483871
A_HA_H7	1389	309	A	0	0	309	38.3721682847896
A_HA_H7	1390	310	A	0	0	310	38.358064516129
A_HA_H7	1391	307	A	0	0	307	38.2540716612378
A_HA_H7	1392	307	G	0	0	307	38.1237785016287
A_HA_H7	1393	307	T	0	0	307	37.6221498371335
A_HA_H7	1394	307	G	0	0	306	38.0718954248366
A_HA_H7	1395	305	A	0	0	305	37.9737704918033
A_HA_H7	1396	307	G	0	0	307	37.8794788273616
A_HA_H7	1397	309	A	0	0	308	37.6201298701299
A_HA_H7	1398	309	C	0	0	309	37.5825242718447
A_HA_H7	1399	308	G	0	0	307	37.671009771987
A_HA_H7	1400	310	A	0	0	309	37.588996763754
A_HA_H7	1401	311	C	0	0	311	37.7138263665595
A_HA_H7	1402	310	A	0	0	310	38.0709677419355
A_HA_H7	1403	311	A	0	0	311	37.7684887459807
A_HA_H7	1404	311	T	0	0	311	37.7073954983923
A_HA_H7	1405	309	T	0	0	309	38.252427184466
A_HA_H7	1406	309	G	0	0	309	38.3139158576052
A_HA_H7	1407	308	A	0	0	308	38.1720779220779
A_HA_H7	1408	308	G	0	0	308	38.5097402597403
A_HA_H7	1409	307	A	0	0	307	38.2312703583062
A_HA_H7	1410	307	G	0	0	307	38.4820846905537
A_HA_H7	1411	307	A	0	0	307	38.1921824104235
A_HA_H7	1412	306	A	0	0	306	38.5522875816993
A_HA_H7	1413	305	A	0	0	305	38.6262295081967
A_HA_H7	1414	308	A	0	0	308	38.4025974025974
A_HA_H7	1415	308	T	0	0	307	38.2182410423453
A_HA_H7	1416	309	G	0	0	309	38.1877022653722
A_HA_H7	1417	307	C	0	0	307	38.0130293159609
A_HA_H7	1418	307	T	0	0	306	38.3071895424837
A_HA_H7	1419	309	G	0	0	309	38.0388349514563
A_HA_H7	1420	310	A	0	0	310	38.2645161290323
A_HA_H7	1421	310	A	0	0	309	38.0258899676375
A_HA_H7	1422	309	G	0	0	309	38.2394822006473
A_HA_H7	1423	306	A	0	0	306	38.3300653594771
A_HA_H7	1424	309	G	0	0	309	38.1359223300971
A_HA_H7	1425	309	G	0	0	309	37.3527508090615
A_HA_H7	1426	306	A	0	0	306	38.2320261437908
A_HA_H7	1427	307	T	0	0	304	38.1184210526316
A_HA_H7	1428	303	G	0	0	303	37.7887788778878
A_HA_H7	1429	306	G	0	0	306	37.3464052287582
A_HA_H7	1430	308	C	0	0	308	37.8409090909091
A_HA_H7	1431	305	A	0	0	303	37.8943894389439
A_HA_H7	1432	306	C	0	0	306	37.7581699346405
A_HA_H7	1433	298	T	0	0	298	37.6979865771812
A_HA_H7	1434	299	G	0	0	299	38.0334448160535
A_HA_H7	1435	300	G	0	0	299	38.066889632107
A_HA_H7	1436	299	T	0	0	299	37.943143812709
A_HA_H7	1437	304	T	0	0	304	38.3881578947368
A_HA_H7	1438	304	G	0	0	303	38.0891089108911
A_HA_H7	1439	306	T	0	0	306	37.8823529411765
A_HA_H7	1440	306	T	0	0	306	37.8235294117647
A_HA_H7	1441	306	T	0	0	306	38.3104575163399
A_HA_H7	1442	304	T	0	0	304	38.2796052631579
A_HA_H7	1443	304	G	0	0	304	38.6151315789474
A_HA_H7	1444	303	A	0	0	303	38.0759075907591
A_HA_H7	1445	303	G	0	0	303	38.0924092409241
A_HA_H7	1446	304	A	0	0	304	38.2763157894737
A_HA_H7	1447	295	T	0	0	294	38.421768707483
A_HA_H7	1448	296	T	0	0	296	38.5236486486486
A_HA_H7	1449	296	T	0	0	296	38.4155405405405
A_HA_H7	1450	296	T	0	0	295	38.1830508474576
A_HA_H7	1451	299	C	0	0	299	37.628762541806
A_HA_H7	1452	299	C	0	0	298	38.1275167785235
A_HA_H7	1453	299	A	0	0	299	38.2508361204013
A_HA_H7	1454	292	C	0	0	292	38.1438356164384
A_HA_H7	1455	292	A	0	0	292	38.2979452054795
A_HA_H7	1456	291	A	0	0	291	37.6048109965636
A_HA_H7	1457	293	G	0	0	293	37.5085324232082
A_HA_H7	1458	289	T	0	0	289	37.2352941176471
A_HA_H7	1459	288	G	0	0	288	37.1145833333333
A_HA_H7	1460	285	C	0	0	285	37.9578947368421
A_HA_H7	1461	286	G	0	0	286	37.7482517482517
A_HA_H7	1462	289	A	0	0	289	37.9100346020761
A_HA_H7	1463	286	T	0	0	286	38.3426573426573
A_HA_H7	1464	290	G	0	0	290	37.8413793103448
A_HA_H7	1465	291	A	0	0	290	38.0310344827586
A_HA_H7	1466	292	T	0	0	292	37.958904109589
A_HA_H7	1467	292	G	0	0	292	38.0342465753425
A_HA_H7	1468	290	A	0	0	290	38.0034482758621
A_HA_H7	1469	292	T	0	0	292	37.7397260273973
A_HA_H7	1470	291	T	0	0	290	37.8172413793103
A_HA_H7	1471	290	G	0	0	290	37.7655172413793
A_HA_H7	1472	277	T	0	0	277	37.985559566787
A_HA_H7	1473	273	A	0	0	273	38.1465201465201
A_HA_H7	1474	272	T	0	0	271	37.9815498154982
A_HA_H7	1475	268	G	0	0	267	38.0037453183521
A_HA_H7	1476	269	G	0	0	269	37.8698884758364
A_HA_H7	1477	266	C	0	0	266	37.3684210526316
A_HA_H7	1478	261	T	0	0	261	37.9731800766284
A_HA_H7	1479	258	A	0	0	258	38.0116279069767
A_HA_H7	1480	281	G	0	0	281	37.7508896797153
A_HA_H7	1481	281	T	0	0	281	37.7046263345196
A_HA_H7	1482	281	A	0	0	281	37.5943060498221
A_HA_H7	1483	280	T	0	0	280	37.575
A_HA_H7	1484	276	A	0	0	276	37.4673913043478
A_HA_H7	1485	276	A	0	0	276	37.7717391304348
A_HA_H7	1486	278	G	0	0	278	37.6546762589928
A_HA_H7	1487	283	A	0	0	283	37.5936395759717
A_HA_H7	1488	281	A	0	0	281	37.44128113879
A_HA_H7	1489	261	A	0	0	261	37.8390804597701
A_HA_H7	1490	261	T	0	0	261	37.5555555555556
A_HA_H7	1491	261	A	0	0	261	37.6130268199234
A_HA_H7	1492	261	A	0	0	261	37.4521072796935
A_HA_H7	1493	261	C	0	0	261	37.5019157088123
A_HA_H7	1494	260	A	0	0	259	37.1196911196911
A_HA_H7	1495	264	C	0	0	264	37.5606060606061
A_HA_H7	1496	251	T	0	0	251	37.6294820717131
A_HA_H7	1497	252	T	0	0	251	37.7649402390438
A_HA_H7	1498	252	A	0	0	252	37.9206349206349
A_HA_H7	1499	253	T	0	0	253	37.2766798418972
A_HA_H7	1500	254	G	0	0	254	37.4370078740157
A_HA_H7	1501	253	A	0	0	253	37.6363636363636
A_HA_H7	1502	265	T	0	0	265	37.3245283018868
A_HA_H7	1503	263	C	0	0	262	37.587786259542
A_HA_H7	1504	257	A	0	0	257	38.2023346303502
A_HA_H7	1505	259	T	0	0	259	37.8069498069498
A_HA_H7	1506	263	A	0	0	263	38.0152091254753
A_HA_H7	1507	267	G	0	0	267	37.5655430711611
A_HA_H7	1508	269	C	0	0	269	37.6505576208178
A_HA_H7	1509	268	A	0	0	268	37.5932835820896
A_HA_H7	1510	267	C	0	0	267	37.6928838951311
A_HA_H7	1511	269	A	0	0	269	37.6802973977695
A_HA_H7	1512	269	T	0	0	269	37.6840148698885
A_HA_H7	1513	268	A	0	0	268	37.2798507462687
A_HA_H7	1514	267	C	0	0	267	37.4307116104869
A_HA_H7	1515	260	A	0	0	260	37.6923076923077
A_HA_H7	1516	264	G	0	0	264	37.4848484848485
A_HA_H7	1517	248	A	0	0	248	37.625
A_HA_H7	1518	250	G	0	0	250	37.26
A_HA_H7	1519	249	A	0	0	249	37.6265060240964
A_HA_H7	1520	236	A	0	0	236	37.7161016949153
A_HA_H7	1521	237	G	0	0	237	37.7383966244726
A_HA_H7	1522	237	A	0	0	236	37.3389830508475
A_HA_H7	1523	234	G	0	0	234	37.4786324786325
A_HA_H7	1524	234	G	0	0	234	37.1752136752137
A_HA_H7	1525	230	C	0	0	228	36.5043859649123
A_HA_H7	1526	224	A	0	0	224	37.3392857142857
A_HA_H7	1527	230	A	0	0	230	38.1565217391304
A_HA_H7	1528	230	T	0	0	230	38.0173913043478
A_HA_H7	1529	235	G	0	0	235	37.6297872340426
A_HA_H7	1530	235	C	0	0	235	37.6808510638298
A_HA_H7	1531	230	A	0	0	230	37.9608695652174
A_HA_H7	1532	232	G	0	0	232	37.6551724137931
A_HA_H7	1533	231	A	0	0	231	37.7922077922078
A_HA_H7	1534	232	A	0	0	232	38.051724137931
A_HA_H7	1535	233	T	0	0	233	37.8497854077253
A_HA_H7	1536	222	A	0	0	222	38.3378378378378
A_HA_H7	1537	222	G	0	0	222	38.1261261261261
A_HA_H7	1538	227	G	0	0	227	38.0220264317181
A_HA_H7	1539	232	T	0	0	231	37.7835497835498
A_HA_H7	1540	231	T	0	0	230	38.2478260869565
A_HA_H7	1541	228	G	0	0	228	38.2280701754386
A_HA_H7	1542	234	A	0	0	234	38.5299145299145
A_HA_H7	1543	234	A	0	0	234	37.8076923076923
A_HA_H7	1544	234	A	0	0	234	38.4957264957265
A_HA_H7	1545	240	A	0	0	240	38.2166666666667
A_HA_H7	1546	240	T	0	0	240	37.2666666666667
A_HA_H7	1547	237	C	0	0	237	37.7974683544304
A_HA_H7	1548	237	G	0	0	237	38.1814345991561
A_HA_H7	1549	237	A	0	0	237	38.1139240506329
A_HA_H7	1550	237	T	0	0	236	38.0508474576271
A_HA_H7	1551	236	C	0	0	235	37.8
A_HA_H7	1552	236	A	0	0	236	38.1525423728814
A_HA_H7	1553	237	G	0	0	237	38.2025316455696
A_HA_H7	1554	239	G	0	0	239	38
A_HA_H7	1555	239	T	0	0	239	38.1422594142259
A_HA_H7	1556	239	C	0	0	238	38.3445378151261
A_HA_H7	1557	245	A	0	0	245	38.2571428571429
A_HA_H7	1558	246	A	0	0	245	38.3183673469388
A_HA_H7	1559	247	A	0	0	246	38.0040650406504
A_HA_H7	1560	247	T	0	0	247	37.668016194332
A_HA_H7	1561	246	T	0	0	246	37.9593495934959
A_HA_H7	1562	246	G	0	0	246	38.0406504065041
A_HA_H7	1563	244	A	0	0	244	37.8483606557377
A_HA_H7	1564	246	A	0	0	246	38.3617886178862
A_HA_H7	1565	246	T	0	0	246	38.239837398374
A_HA_H7	1566	244	A	0	0	244	38.0040983606557
A_HA_H7	1567	244	G	0	0	244	38.1352459016393
A_HA_H7	1568	238	T	0	0	236	37.9449152542373
A_HA_H7	1569	238	G	0	0	238	38
A_HA_H7	1570	238	G	0	0	237	38.1983122362869
A_HA_H7	1571	251	C	0	0	251	37.7768924302789
A_HA_H7	1572	251	T	0	0	249	38.0240963855422
A_HA_H7	1573	253	A	0	0	252	37.7023809523809
A_HA_H7	1574	253	C	0	0	253	37.9288537549407
A_HA_H7	1575	252	A	0	0	252	38.1944444444444
A_HA_H7	1576	252	A	0	0	252	38.1626984126984
A_HA_H7	1577	252	A	0	0	252	38.1190476190476
A_HA_H7	1578	251	G	0	0	250	37.784
A_HA_H7	1579	250	A	0	0	250	37.892
A_HA_H7	1580	244	T	0	0	244	38.155737704918
A_HA_H7	1581	244	G	0	0	244	38.2827868852459
A_HA_H7	1582	243	T	0	0	243	37.9794238683128
A_HA_H7	1583	243	G	0	0	242	37.9338842975207
A_HA_H7	1584	244	A	0	0	244	37.922131147541
A_HA_H7	1585	243	T	0	0	243	37.6748971193416
A_HA_H7	1586	242	A	0	0	240	37.2208333333333
A_HA_H7	1587	243	C	0	0	243	37.5679012345679
A_HA_H7	1588	234	T	0	0	234	37.9230769230769
A_HA_H7	1589	234	T	0	0	234	38.0213675213675
A_HA_H7	1590	232	T	0	0	231	38.2077922077922
A_HA_H7	1591	232	G	0	0	232	38.198275862069
A_HA_H7	1592	232	G	0	0	232	38.2758620689655
A_HA_H7	1593	230	T	0	0	230	38.504347826087
A_HA_H7	1594	230	T	0	0	230	38.3782608695652
A_HA_H7	1595	230	T	0	0	224	38.4017857142857
A_HA_H7	1596	229	A	0	0	229	37.9825327510917
A_HA_H7	1597	229	G	0	0	229	37.5589519650655
A_HA_H7	1598	229	C	0	0	229	37.0742358078603
A_HA_H7	1599	228	T	0	0	228	37.6008771929825
A_HA_H7	1600	227	T	0	0	227	37.6299559471366
A_HA_H7	1601	227	C	0	0	227	37.5198237885463
A_HA_H7	1602	227	G	0	0	227	37.4449339207048
A_HA_H7	1603	227	G	0	0	227	37.9955947136564
A_HA_H7	1604	227	G	0	0	227	37.920704845815
A_HA_H7	1605	225	G	0	0	225	37.7644444444444
A_HA_H7	1606	224	C	0	0	224	37.8705357142857
A_HA_H7	1607	224	A	0	0	224	37.9330357142857
A_HA_H7	1608	224	T	0	0	223	38.0986547085202
A_HA_H7	1609	224	C	0	0	224	37.9553571428571
A_HA_H7	1610	224	A	0	0	224	38.3392857142857
A_HA_H7	1611	224	T	0	0	224	38.1205357142857
A_HA_H7	1612	221	G	0	0	221	38.0588235294118
A_HA_H7	1613	220	C	0	0	220	37.7863636363636
A_HA_H7	1614	217	T	0	0	217	38.3917050691244
A_HA_H7	1615	216	T	0	0	216	38.1296296296296
A_HA_H7	1616	215	C	0	0	215	37.6232558139535
A_HA_H7	1617	215	C	0	0	213	37.8075117370892
A_HA_H7	1618	215	T	0	0	215	38.1395348837209
A_HA_H7	1619	215	A	0	0	215	37.6372093023256
A_HA_H7	1620	215	C	0	0	215	37.9581395348837
A_HA_H7	1621	214	T	0	0	214	37.8317757009346
A_HA_H7	1622	213	T	0	0	213	37.7981220657277
A_HA_H7	1623	213	C	0	0	211	37.6635071090047
A_HA_H7	1624	208	T	0	0	208	37.6778846153846
A_HA_H7	1625	208	T	0	0	207	37.695652173913
A_HA_H7	1626	206	G	0	0	206	38.0339805825243
A_HA_H7	1627	206	C	0	0	206	37.7572815533981
A_HA_H7	1628	206	C	0	0	206	38.0097087378641
A_HA_H7	1629	198	A	0	0	198	38.4292929292929
A_HA_H7	1630	198	T	0	0	197	38.2131979695431
A_HA_H7	1631	198	T	0	0	198	38.3282828282828
A_HA_H7	1632	198	G	0	0	198	38.1010101010101
A_HA_H7	1633	198	C	0	0	197	38.2233502538071
A_HA_H7	1634	198	A	0	0	197	38.2233502538071
A_HA_H7	1635	198	A	0	0	198	38.0353535353535
A_HA_H7	1636	196	T	0	0	196	37.3010204081633
A_HA_H7	1637	196	G	0	0	196	36.8622448979592
A_HA_H7	1638	196	G	0	0	196	37.234693877551
A_HA_H7	1639	195	G	0	0	195	36.8153846153846
A_HA_H7	1640	195	C	0	0	194	35.4432989690722
A_HA_H7	1641	190	C	0	0	190	37.0526315789474
A_HA_H7	1642	187	T	0	0	186	37.4516129032258
A_HA_H7	1643	187	T	0	0	187	37.6524064171123
A_HA_H7	1644	187	G	0	0	187	37.8716577540107
A_HA_H7	1645	187	G	0	0	187	37.9358288770053
A_HA_H7	1646	183	T	0	0	182	38.043956043956
A_HA_H7	1647	179	T	0	0	179	38.1284916201117
A_HA_H7	1648	179	T	0	0	179	37.5139664804469
A_HA_H7	1649	179	C	0	0	179	37.3240223463687
A_HA_H7	1650	179	A	0	0	179	37.5307262569832
A_HA_H7	1651	179	T	0	0	179	37.7430167597765
A_HA_H7	1652	179	A	0	0	179	37.6648044692737
A_HA_H7	1653	152	T	0	0	152	38.3026315789474
A_HA_H7	1654	151	G	0	0	151	38.4105960264901
A_HA_H7	1655	145	T	0	0	145	38.6137931034483
A_HA_H7	1656	144	G	0	0	144	38.2777777777778
A_HA_H7	1657	144	T	0	0	144	38.1527777777778
A_HA_H7	1658	143	A	1	0	143	37.7762237762238
A_HA_H7	1659	144	A	0	0	144	38.4930555555556
A_HA_H7	1660	144	A	0	0	144	38.3541666666667
A_HA_H7	1661	144	A	0	0	143	38.4685314685315
A_HA_H7	1662	141	A	0	0	141	38.1276595744681
A_HA_H7	1663	141	A	0	0	141	38.290780141844
A_HA_H7	1664	139	T	0	0	139	37.8920863309352
A_HA_H7	1665	137	G	0	0	137	38.0656934306569
A_HA_H7	1666	137	G	0	0	137	38.2335766423358
A_HA_H7	1667	137	A	0	0	137	37.6934306569343
A_HA_H7	1668	137	A	0	0	137	38.1094890510949
A_HA_H7	1669	137	A	0	0	137	37.963503649635
A_HA_H7	1670	136	C	0	0	136	37.6838235294118
A_HA_H7	1671	136	A	0	0	136	36.9411764705882
A_HA_H7	1672	135	T	0	0	134	37.0373134328358
A_HA_H7	1673	135	G	0	0	135	36.9111111111111
A_HA_H7	1674	134	C	0	0	134	36.7910447761194
A_HA_H7	1675	134	G	0	0	134	37.7164179104478
A_HA_H7	1676	134	G	0	0	134	37.3955223880597
A_HA_H7	1677	133	T	0	0	133	37.5037593984962
A_HA_H7	1678	133	G	0	0	133	37.0751879699248
A_HA_H7	1679	133	C	0	0	133	37.0451127819549
A_HA_H7	1680	131	A	0	0	131	36.2977099236641
A_HA_H7	1681	131	C	0	0	131	37.030534351145
A_HA_H7	1682	129	T	0	0	128	36.9765625
A_HA_H7	1683	129	A	0	0	129	36.9457364341085
A_HA_H7	1684	129	T	0	0	129	36.8992248062016
A_HA_H7	1685	120	T	0	0	120	36.9416666666667
A_HA_H7	1686	116	T	0	0	116	36.7672413793103
A_HA_H7	1687	110	G	0	0	110	36.6545454545455
A_HA_H7	1688	103	T	0	0	102	36.5980392156863
A_HA_H7	1689	103	A	0	0	103	36.2330097087379
A_HA_H7	1690	90	T	0	0	90	36.7333333333333
A_HA_H7	1691	88	A	0	0	88	35.7159090909091
A_HA_H7	1692	73	T	0	0	73	36.4109589041096
A_HA_H7	1693	71	A	0	0	71	36.5633802816901
A_HA_H7	1694	70	A	0	0	70	36.7285714285714
A_HA_H7	1695	70	G	0	0	70	36.5
A_HA_H7	1696	52	T	0	0	52	38.1153846153846
A_HA_H7	1697	52	T	0	0	52	37.6923076923077
A_HA_H7	1698	50	T	0	0	49	37.6938775510204
A_HA_H7	1699	50	G	0	0	50	37.26
A_HA_H7	1700	50	A	0	0	50	37.38
A_HA_H7	1701	50	G	0	0	50	36.48
A_HA_H7	1702	50	A	0	0	50	36.7
A_HA_H7	1703	47	A	0	0	47	36.9787234042553
A_HA_H7	1704	45	A	0	0	45	36.9111111111111
A_HA_H7	1705	45	A	0	0	45	36.3777777777778
A_HA_H7	1706	45	A	0	0	45	35.7333333333333
A_HA_H7	1707	45	C	0	0	45	35.0888888888889
A_HA_H7	1708	44	A	0	0	41	35.7317073170732
A_HA_H7	1709	44	C	0	0	44	35.5454545454545
A_HA_H7	1710	44	C	0	0	44	33.4318181818182
A_HA_H7	1711	44	C	0	0	44	36.3181818181818
A_HA_H7	1712	43	T	0	0	43	33.5116279069767
A_HA_H7	1713	42	T	0	0	42	36.3809523809524
A_HA_H7	1714	42	G	0	0	42	36
A_HA_H7	1715	40	T	0	0	40	35.875
A_HA_H7	1716	40	T	0	0	40	35.425
A_HA_H7	1717	40	T	0	0	40	32.675
A_HA_H7	1718	35	C	0	0	35	33.5714285714286
A_HA_H7	1719	34	T	0	0	34	32.5588235294118
A_HA_H7	1720	34	A	0	0	34	33.3529411764706
A_HA_H7	1721	34	C	0	0	34	33.4411764705882
