Reference_Name	Position	Coverage Depth	Consensus	Deletions	Ambiguous	Consensus_Count	Consensus_Average_Quality
A_MP	1	70	C	0	0	70	32.6571428571429
A_MP	2	87	A	0	0	87	32.9195402298851
A_MP	3	156	G	0	0	156	32.9935897435897
A_MP	4	160	C	0	0	160	33.25
A_MP	5	166	A	0	0	165	33.1090909090909
A_MP	6	196	A	0	0	196	34.6428571428571
A_MP	7	202	A	0	0	202	34.8316831683168
A_MP	8	241	A	0	0	240	34.8041666666667
A_MP	9	249	G	1	0	249	35.0843373493976
A_MP	10	275	C	0	0	275	35.08
A_MP	11	276	A	0	0	276	35.5253623188406
A_MP	12	365	G	0	0	365	34.6684931506849
A_MP	13	369	G	0	0	369	33.6151761517615
A_MP	14	371	T	0	0	370	33.3054054054054
A_MP	15	376	A	0	0	374	35.2459893048128
A_MP	16	406	G	0	0	406	35.4261083743842
A_MP	17	442	A	0	0	442	36.1877828054299
A_MP	18	450	T	0	0	450	36.2844444444444
A_MP	19	497	A	0	0	497	36.2173038229376
A_MP	20	504	T	0	0	504	36.5714285714286
A_MP	21	507	T	0	0	507	36.8540433925049
A_MP	22	518	G	0	0	517	36.7253384912959
A_MP	23	532	A	0	0	532	36.7424812030075
A_MP	24	540	A	0	0	539	37.0909090909091
A_MP	25	545	A	0	0	545	37.4036697247706
A_MP	26	567	G	0	0	567	36.968253968254
A_MP	27	570	A	0	0	570	36.759649122807
A_MP	28	580	T	0	0	580	37.0603448275862
A_MP	29	582	G	0	0	581	36.8726333907057
A_MP	30	582	A	0	0	581	37.289156626506
A_MP	31	685	G	0	0	681	36.5726872246696
A_MP	32	689	T	0	0	685	36.4861313868613
A_MP	33	776	C	0	0	775	36.378064516129
A_MP	34	835	T	0	0	833	36.358943577431
A_MP	35	840	T	0	0	840	36.4952380952381
A_MP	36	845	C	0	0	845	37.0284023668639
A_MP	37	845	T	0	0	844	36.9928909952607
A_MP	38	857	A	0	0	855	37.4269005847953
A_MP	39	858	A	0	0	858	37.6107226107226
A_MP	40	858	C	0	0	856	37.3808411214953
A_MP	41	858	C	0	0	857	37.3640606767795
A_MP	42	858	G	0	0	858	36.1888111888112
A_MP	43	863	A	0	0	860	35.6581395348837
A_MP	44	877	G	0	0	876	35.8504566210046
A_MP	45	901	G	0	0	898	35.8830734966592
A_MP	46	901	T	0	0	897	34.9687848383501
A_MP	47	901	C	0	0	901	36.8235294117647
A_MP	48	903	G	0	0	903	36.5049833887043
A_MP	49	931	A	0	0	930	36.4967741935484
A_MP	50	936	A	0	0	933	36.8456591639871
A_MP	51	940	A	0	0	937	36.820704375667
A_MP	52	974	C	0	0	971	36.5612770339856
A_MP	53	986	G	0	0	985	36.7543147208122
A_MP	54	992	T	0	0	990	36.9212121212121
A_MP	55	995	A	0	0	993	37.4038267875126
A_MP	56	1011	C	0	0	1009	37.0267591674926
A_MP	57	1023	G	0	0	1023	36.5522971652004
A_MP	58	1032	T	0	0	1028	36.807392996109
A_MP	59	1093	T	0	0	1093	36.6559926806953
A_MP	60	1151	C	0	0	1150	36.8417391304348
A_MP	61	1156	T	0	0	1153	36.0381613183001
A_MP	62	1225	C	0	0	1222	36.8968903436989
A_MP	63	1225	T	0	0	1225	37.0848979591837
A_MP	64	1297	C	0	0	1296	37.099537037037
A_MP	65	1297	T	0	0	1297	37.2266769468003
A_MP	66	1316	A	0	0	1315	37.3330798479087
A_MP	67	1316	T	0	0	1316	37.2074468085106
A_MP	68	1328	C	0	0	1325	37.3879245283019
A_MP	69	1342	G	0	0	1340	36.0582089552239
A_MP	70	1342	T	0	0	1337	37.5377711293942
A_MP	71	1346	C	0	0	1344	36.7209821428571
A_MP	72	1348	C	0	0	1346	36.2057949479941
A_MP	73	1386	C	0	0	1384	36.3937861271676
A_MP	74	1401	G	0	0	1399	36.6318799142244
A_MP	75	1401	T	0	0	1395	36.8731182795699
A_MP	76	1402	C	0	0	1399	36.4496068620443
A_MP	77	1402	A	0	0	1398	36.5143061516452
A_MP	78	1433	G	0	0	1431	35.9203354297694
A_MP	79	1433	G	0	0	1429	36.4499650104969
A_MP	80	1436	C	0	0	1432	37.3240223463687
A_MP	81	1437	C	0	0	1434	36.4511854951186
A_MP	82	1441	C	0	0	1440	36.4229166666667
A_MP	83	1486	C	0	0	1485	36.8491582491583
A_MP	84	1494	C	0	0	1494	36.7965194109772
A_MP	85	1496	T	0	0	1494	36.8614457831325
A_MP	86	1500	C	0	0	1500	37.2246666666667
A_MP	87	1500	A	1	0	1499	37.743162108072
A_MP	88	1503	A	0	0	1501	37.8774150566289
A_MP	89	1529	A	0	0	1527	37.5762933857236
A_MP	90	1547	G	0	0	1545	37.2899676375404
A_MP	91	1549	C	0	0	1548	37.3520671834625
A_MP	92	1551	C	0	0	1550	37.4709677419355
A_MP	93	1551	G	0	0	1549	36.8153647514525
A_MP	94	1562	A	0	0	1561	36.5317104420243
A_MP	95	1565	G	0	0	1562	36.4654289372599
A_MP	96	1579	A	0	0	1578	36.3295310519645
A_MP	97	1579	T	0	0	1577	36.7349397590361
A_MP	98	1583	C	0	0	1580	37.7430379746835
A_MP	99	1594	G	0	0	1593	37.5009416195857
A_MP	100	1605	C	0	0	1604	36.5773067331671
A_MP	101	1609	G	0	0	1607	36.9135034225264
A_MP	102	1609	C	0	0	1608	37.1063432835821
A_MP	103	1610	A	0	0	1607	37.0304915992533
A_MP	104	1620	G	0	0	1620	36.9407407407407
A_MP	105	1620	A	0	0	1615	36.030959752322
A_MP	106	1692	G	0	0	1690	37.098224852071
A_MP	107	1694	A	0	0	1688	36.8501184834123
A_MP	108	1719	C	0	0	1718	37.593131548312
A_MP	109	1723	T	0	0	1722	37.6881533101045
A_MP	110	1724	T	0	0	1719	37.826061663758
A_MP	111	1734	G	0	0	1733	37.1863819965378
A_MP	112	1735	A	0	0	1734	37.5449826989619
A_MP	113	1739	A	0	0	1738	37.915420023015
A_MP	114	1742	G	0	0	1736	37.4349078341014
A_MP	115	1745	A	0	0	1739	37.5664174813111
A_MP	116	1765	T	0	0	1765	37.7371104815864
A_MP	117	1779	G	0	0	1778	37.8492688413948
A_MP	118	1783	T	1	0	1778	37.4325084364454
A_MP	119	1784	T	0	0	1774	37.7841037204059
A_MP	120	1784	T	0	0	1782	37.8653198653199
A_MP	121	1784	T	0	0	1784	37.9030269058296
A_MP	122	1784	T	0	0	1784	37.4540358744395
A_MP	123	1798	G	0	0	1798	36.960511679644
A_MP	124	1799	C	0	0	1796	38.0645879732739
A_MP	125	1799	A	0	0	1793	37.8761851645287
A_MP	126	1820	G	1	0	1818	37.8030803080308
A_MP	127	1837	G	1	0	1835	37.5514986376022
A_MP	128	1920	G	0	0	1919	36.4981761334028
A_MP	129	1918	A	2	0	1918	36.5782064650678
A_MP	130	1922	A	0	0	1920	37.7067708333333
A_MP	131	1925	A	0	0	1916	37.6461377870564
A_MP	132	1926	A	0	0	1925	37.5792207792208
A_MP	133	1957	A	0	0	1955	37.4245524296675
A_MP	134	2036	C	0	0	2035	36.4918918918919
A_MP	135	2035	A	0	0	2032	37.429625984252
A_MP	136	2046	C	0	0	2046	37.6285434995112
A_MP	137	2038	C	0	0	2026	36.7275419545903
A_MP	138	2054	G	0	0	2052	36.7139376218324
A_MP	139	2079	A	0	0	2076	36.099710982659
A_MP	140	2095	T	0	0	2094	36.5004775549188
A_MP	141	2110	C	0	0	2109	36.6263632053106
A_MP	142	2110	T	0	0	2108	37.5071157495256
A_MP	143	2120	C	0	0	2113	37.9053478466635
A_MP	144	2121	G	0	0	2120	37.6325471698113
A_MP	145	2123	A	0	0	2117	37.5224374114313
A_MP	146	2127	G	0	0	2127	36.6408086506817
A_MP	147	2145	G	0	0	2143	36.2571161922538
A_MP	148	2159	C	0	0	2113	36.3719829626124
A_MP	149	2161	T	0	0	2158	36.6974050046339
A_MP	150	2350	C	0	0	2347	37.3864507882403
A_MP	151	2356	T	0	0	2355	37.3715498938429
A_MP	152	2358	C	0	0	2358	37.5004240882103
A_MP	153	2359	A	0	0	2356	37.3994057724958
A_MP	154	2334	T	0	0	2331	37.4221364221364
A_MP	155	2328	G	0	0	2324	37.7951807228916
A_MP	156	2343	G	0	0	2341	37.5672789406237
A_MP	157	2331	A	0	0	2330	37.5862660944206
A_MP	158	2334	A	0	0	2331	37.5280995280995
A_MP	159	2273	T	0	0	2273	37.5411350637923
A_MP	160	2412	G	0	0	2411	37.4964744919121
A_MP	161	2587	G	0	0	2586	37.0982211910286
A_MP	162	2584	T	0	0	2581	37.0612165827199
A_MP	163	2546	T	0	0	2545	37.5123772102161
A_MP	164	2542	A	0	0	2541	37.3943329397875
A_MP	165	2546	A	0	0	2543	37.4541879669681
A_MP	166	2586	A	0	0	2583	37.525358110724
A_MP	167	2608	G	0	0	2608	37.3036809815951
A_MP	168	2596	A	0	0	2591	37.3296024700888
A_MP	169	2575	C	0	0	2574	37.4856254856255
A_MP	170	2520	A	0	0	2517	37.7659912594358
A_MP	171	2535	A	0	0	2533	37.6889064350572
A_MP	172	2609	G	0	0	2608	36.6698619631902
A_MP	173	2614	A	0	0	2602	37.4884704073789
A_MP	174	2611	C	0	0	2608	37.5318251533742
A_MP	175	2604	C	0	0	2600	37.6384615384615
A_MP	176	2599	A	0	0	2599	37.9207387456714
A_MP	177	2671	A	0	0	2670	37.3850187265918
A_MP	178	2681	T	1	0	2678	37.6575802837939
A_MP	179	2728	C	0	0	2727	37.4719471947195
A_MP	180	2629	C	0	0	2622	37.604118993135
A_MP	181	2648	T	0	0	2641	37.5365391897009
A_MP	182	2673	G	0	0	2673	37.4668911335578
A_MP	183	2674	T	0	0	2669	37.5972274260022
A_MP	184	2675	C	0	0	2672	37.5217065868263
A_MP	185	2679	A	0	0	2672	37.4285179640719
A_MP	186	2767	C	0	0	2765	37.5019891500904
A_MP	187	2762	C	0	0	2758	37.6145757795504
A_MP	188	2759	T	0	0	2756	37.494557329463
A_MP	189	2768	C	0	0	2767	37.8232743043007
A_MP	190	2761	T	0	0	2757	37.7413855640189
A_MP	191	2837	G	0	0	2836	37.6477433004231
A_MP	192	2841	A	0	0	2834	37.3309809456598
A_MP	193	2839	C	0	0	2837	37.7169545294325
A_MP	194	2839	T	0	0	2838	37.9101479915433
A_MP	195	2821	A	0	0	2818	37.5262597586941
A_MP	196	2810	A	0	0	2806	37.3977191732003
A_MP	197	2822	G	1	0	2816	37.6225142045455
A_MP	198	2827	G	0	0	2825	37.6145132743363
A_MP	199	2842	G	0	0	2842	37.5249824067558
A_MP	200	2857	G	0	0	2848	36.968047752809
A_MP	201	2959	A	0	0	2947	36.3098065829657
A_MP	202	2961	T	2	0	2960	36.6743243243243
A_MP	203	2954	T	0	0	2952	37.6429539295393
A_MP	204	2950	T	0	0	2950	37.8084745762712
A_MP	205	2948	T	0	0	2948	38.0050881953867
A_MP	206	2939	A	0	0	2934	37.799591002045
A_MP	207	2950	G	0	0	2948	37.5552917232022
A_MP	208	2962	G	0	0	2961	37.3846673421141
A_MP	209	2964	G	0	0	2954	37.5846310088016
A_MP	210	2906	T	0	0	2883	36.2584113770378
A_MP	211	2885	T	0	0	2881	37.044776119403
A_MP	212	2854	C	0	0	2773	37.4601514605121
A_MP	213	2892	G	0	0	2890	37.1055363321799
A_MP	214	2994	T	0	0	2985	36.2150753768844
A_MP	215	2975	G	0	0	2975	36.9257142857143
A_MP	216	2989	T	0	0	2984	37.1702412868633
A_MP	217	2994	T	0	0	2988	36.9872824631861
A_MP	218	3004	T	0	0	2992	37.0354278074866
A_MP	219	3009	A	0	0	3005	37.6073211314476
A_MP	220	3049	C	0	0	3045	37.5714285714286
A_MP	221	3051	G	0	0	3048	36.4629265091864
A_MP	222	3027	C	0	0	3026	36.9246530072703
A_MP	223	2988	T	0	0	2978	36.114842175957
A_MP	224	3089	C	0	0	3087	36.5824425008098
A_MP	225	3104	A	0	0	3097	36.4058766548273
A_MP	226	3383	C	0	0	3381	37.2898550724638
A_MP	227	3389	C	0	0	3383	37.1806089269879
A_MP	228	3395	G	0	0	3390	36.3044247787611
A_MP	229	3417	T	0	0	3408	36.7447183098592
A_MP	230	3432	G	0	0	3428	36.6689031505251
A_MP	231	3444	C	0	0	3383	36.3059414720662
A_MP	232	3442	C	0	0	3439	37.0340215178831
A_MP	233	3440	C	0	0	3435	37.5671033478894
A_MP	234	3429	A	0	0	3424	37.7429906542056
A_MP	235	3470	G	0	0	3468	37.1401384083045
A_MP	236	3481	T	0	0	3473	37.0823495537
A_MP	237	3498	G	0	0	3496	37.2717391304348
A_MP	238	3539	A	0	0	3535	37.3236209335219
A_MP	239	3572	G	0	0	3570	37.2053221288515
A_MP	240	3574	C	0	0	3570	37.3114845938375
A_MP	241	3581	G	0	0	3577	37.0928152082751
A_MP	242	3581	A	0	0	3575	36.9566433566434
A_MP	243	3626	G	0	0	3622	36.7205963556046
A_MP	244	3631	G	0	0	3627	36.4284532671629
A_MP	245	3621	A	0	0	3620	36.5417127071823
A_MP	246	3659	C	0	0	3651	37.2651328403177
A_MP	247	3638	T	0	0	3634	37.5963126031921
A_MP	248	3655	G	0	0	3655	37.1518467852257
A_MP	249	3650	C	0	0	3645	37.3558299039781
A_MP	250	3650	A	0	0	3647	37.6136550589526
A_MP	251	3713	G	0	0	3711	37.5313931554837
A_MP	252	3711	C	0	0	3707	37.4812516859995
A_MP	253	3738	G	0	0	3737	37.0612791008831
A_MP	254	3739	T	0	0	3732	36.5385852090032
A_MP	255	3721	A	0	0	3720	36.4400537634409
A_MP	256	3724	G	0	0	3722	36.2493283181085
A_MP	257	3689	A	0	0	3687	36.5522104692162
A_MP	258	3716	C	0	0	3712	37.5705818965517
A_MP	259	3722	G	0	0	3719	36.9327776283947
A_MP	260	3705	C	0	0	3698	36.9597079502434
A_MP	261	3693	T	0	0	3687	36.7095199349064
A_MP	262	3695	T	0	0	3692	37.0641928494041
A_MP	263	3692	T	0	0	3690	37.3018970189702
A_MP	264	3803	G	0	0	3801	37.6390423572744
A_MP	265	3808	T	0	0	3798	37.6658767772512
A_MP	266	3796	C	0	0	3791	37.4642574518597
A_MP	267	3795	C	0	0	3791	37.7697177525719
A_MP	268	3802	A	0	0	3798	37.8607161664034
A_MP	269	3818	A	0	0	3806	37.6332107199159
A_MP	270	3845	A	0	0	3843	37.7374447046578
A_MP	271	3853	A	0	0	3846	37.4721788871555
A_MP	272	3883	T	0	0	3880	37.8355670103093
A_MP	273	3880	G	0	0	3879	37.6756896107244
A_MP	274	3875	C	0	0	3870	37.871834625323
A_MP	275	3913	A	0	0	3885	37.7670527670528
A_MP	276	3911	C	0	0	3906	38.0289298515105
A_MP	277	3911	T	0	0	3908	38.1269191402252
A_MP	278	4013	A	0	0	4012	38.1660019940179
A_MP	279	3981	A	0	0	3979	38.0040211108319
A_MP	280	4023	A	0	0	4019	37.9027121174421
A_MP	281	4042	T	0	0	4037	37.8441912311122
A_MP	282	4037	G	0	0	4028	37.9200595829196
A_MP	283	4064	G	0	0	4060	37.7970443349754
A_MP	284	4056	A	0	0	4045	38.1441285537701
A_MP	285	4022	A	0	0	4016	38.1471613545817
A_MP	286	4062	A	0	0	4061	37.4646638758926
A_MP	287	4022	T	0	0	4016	36.9315239043825
A_MP	288	4022	G	0	0	4018	37.4153807864609
A_MP	289	4022	G	0	0	4019	37.2906195571038
A_MP	290	3988	A	0	0	3970	37.4435768261965
A_MP	291	4007	G	0	0	4004	37.1520979020979
A_MP	292	3997	A	0	0	3986	37.1613146011039
A_MP	293	4113	C	0	0	4098	36.3718887262079
A_MP	294	4159	C	0	0	4151	36.2596964586847
A_MP	295	4155	C	0	0	4150	37.3927710843373
A_MP	296	4182	A	0	0	4174	37.6751317680882
A_MP	297	4182	A	0	0	4178	37.5248922929631
A_MP	298	4180	A	0	0	4173	37.7838485502037
A_MP	299	4337	C	0	0	4332	37.4501385041551
A_MP	300	4387	A	0	0	4383	37.7510837326032
A_MP	301	4329	A	0	0	4324	37.5041628122109
A_MP	302	4293	C	0	0	4290	37.5501165501165
A_MP	303	4288	A	0	0	4284	37.4544817927171
A_MP	304	4282	T	0	0	4277	37.5770399812953
A_MP	305	4345	G	0	0	4344	37.4882596685083
A_MP	306	4351	G	0	0	4346	37.3881730326737
A_MP	307	4346	A	0	0	4337	37.4961955268619
A_MP	308	4344	C	0	0	4328	37.6661275415896
A_MP	309	4202	A	0	0	4193	37.6122108275698
A_MP	310	4289	G	0	0	4284	36.8688141923436
A_MP	311	4239	G	0	0	4229	36.7422558524474
A_MP	312	4186	G	0	0	4180	36.7665071770335
A_MP	313	4211	C	0	0	4206	36.8185924869234
A_MP	314	4168	A	0	0	4163	37.1364400672592
A_MP	315	4228	G	0	0	4223	37.1617333649065
A_MP	316	4227	T	0	0	4213	37.1690007120817
A_MP	317	4295	C	0	0	4291	37.4227452808203
A_MP	318	4337	A	2	0	4336	37.5521217712177
A_MP	319	4313	A	0	0	4307	37.4021360575807
A_MP	320	4310	A	0	0	4306	37.4925685090571
A_MP	321	4303	C	1	0	4292	37.6241845293569
A_MP	322	4299	T	1	0	4297	37.7074703281359
A_MP	323	4486	G	1	0	4473	37.5644980997094
A_MP	324	4462	T	1	0	4446	37.0686009896536
A_MP	325	4465	A	0	0	4461	37.4586415601883
A_MP	326	4466	C	0	0	4457	37.462418667265
A_MP	327	4433	A	0	0	4428	37.743450767841
A_MP	328	4431	G	0	0	4421	37.7104727437231
A_MP	329	4520	G	0	0	4516	37.4957927369353
A_MP	330	4531	A	0	0	4528	37.5384275618375
A_MP	331	4527	A	0	0	4521	37.591904445919
A_MP	332	4436	A	0	0	4426	37.6545413465883
A_MP	333	4442	T	0	0	4425	37.7518644067797
A_MP	334	4442	T	0	0	4442	37.8464655560558
A_MP	335	4452	G	0	0	4435	37.8962795941375
A_MP	336	4454	A	0	0	4444	37.5751575157516
A_MP	337	4389	A	0	0	4384	37.8159215328467
A_MP	338	4395	G	0	0	4389	37.84666210982
A_MP	339	4361	A	0	0	4351	37.7818892208688
A_MP	340	4405	G	0	0	4400	37.7343181818182
A_MP	341	4407	A	0	0	4403	37.6000454235748
A_MP	342	4423	G	0	0	4420	37.1941176470588
A_MP	343	4470	A	1	0	4459	37.0771473424535
A_MP	344	4527	G	0	0	4515	36.9282392026578
A_MP	345	4558	A	0	0	4551	37.2133597011646
A_MP	346	4576	T	0	0	4572	37.3383639545057
A_MP	347	4574	A	0	0	4566	37.5989925536575
A_MP	348	4611	A	0	0	4601	37.3005868289502
A_MP	349	4656	C	0	0	4649	37.5104323510432
A_MP	350	4633	A	0	0	4631	37.6335564672857
A_MP	351	4638	T	0	0	4633	37.5255773796676
A_MP	352	4571	T	0	0	4567	37.3569082548719
A_MP	353	4596	C	0	0	4563	37.4714003944773
A_MP	354	4548	C	0	0	4547	37.6582361996921
A_MP	355	4544	A	0	0	4541	37.7802246201277
A_MP	356	4548	T	0	0	4546	37.450065992081
A_MP	357	4522	G	0	0	4520	37.6508849557522
A_MP	358	4650	G	0	0	4647	37.4740692920164
A_MP	359	4689	G	0	0	4686	37.1165172855314
A_MP	360	4698	G	0	0	4694	36.7626757562846
A_MP	361	4701	C	0	0	4700	36.8504255319149
A_MP	362	4690	T	0	0	4680	37.2087606837607
A_MP	363	4706	A	1	0	4706	37.7734806629834
A_MP	364	4702	A	0	0	4698	37.9921243082163
A_MP	365	4671	A	0	0	4652	37.8123387790198
A_MP	366	4675	G	0	0	4671	37.8028259473346
A_MP	367	4665	A	0	0	4661	37.8663376957734
A_MP	368	4613	A	0	0	4606	37.9489795918367
A_MP	369	4609	G	0	0	4608	37.7866753472222
A_MP	370	4611	T	0	0	4601	37.428167789611
A_MP	371	4594	T	0	0	4584	37.5724258289703
A_MP	372	4603	G	0	0	4593	37.4951012410189
A_MP	373	4604	C	0	0	4596	37.4645343777198
A_MP	374	4603	A	0	0	4599	37.8006088280061
A_MP	375	4390	C	0	0	4388	37.8682771194166
A_MP	376	4392	T	0	0	4387	37.8388420332801
A_MP	377	4531	C	0	0	4511	37.8521392152516
A_MP	378	4515	A	0	0	4513	38.144914690893
A_MP	379	4604	G	0	0	4604	37.8963944396177
A_MP	380	4616	T	0	0	4599	37.5925201130681
A_MP	381	4625	T	0	0	4622	37.6908264820424
A_MP	382	4649	A	0	0	4646	37.9177787343952
A_MP	383	4653	T	1	0	4633	37.8657457371034
A_MP	384	4652	T	0	0	4649	37.7229511722951
A_MP	385	4632	C	0	0	4627	37.3261292414091
A_MP	386	4554	A	1	0	4552	37.4727592267135
A_MP	387	4575	A	0	0	4569	37.4720945502298
A_MP	388	4581	C	0	0	4577	37.28097006773
A_MP	389	4488	C	0	0	4467	37.354600402955
A_MP	390	4470	G	0	0	4468	37.2945389435989
A_MP	391	4499	G	0	0	4495	37.0958843159066
A_MP	392	4488	T	0	0	4473	36.5649452269171
A_MP	393	4505	G	0	0	4500	36.6735555555556
A_MP	394	4513	C	0	0	4512	36.9780585106383
A_MP	395	4541	A	0	0	4538	37.6271485235787
A_MP	396	4544	C	0	0	4541	37.6842105263158
A_MP	397	4512	T	0	0	4512	38.0219414893617
A_MP	398	4572	T	0	0	4564	37.9031551270815
A_MP	399	4568	G	0	0	4566	37.8646517739816
A_MP	400	4566	C	0	0	4559	37.4209256415881
A_MP	401	4541	C	0	0	4538	37.7952842661966
A_MP	402	4526	A	0	0	4524	37.9818744473917
A_MP	403	4924	G	0	0	4923	37.5608368880764
A_MP	404	4947	T	1	0	4939	37.3030977930755
A_MP	405	4947	T	0	0	4944	37.4152508090615
A_MP	406	4975	G	0	0	4972	37.429203539823
A_MP	407	4969	C	0	0	4966	37.3920660491341
A_MP	408	4970	A	0	0	4963	37.7773524078179
A_MP	409	4956	T	0	0	4949	37.6619519094767
A_MP	410	4943	G	0	0	4936	37.6803079416532
A_MP	411	5052	G	0	0	5050	36.9623762376238
A_MP	412	5130	G	0	0	5126	36.9317206398751
A_MP	413	5129	T	0	0	5109	37.117048346056
A_MP	414	5307	C	0	0	5303	36.8461248349991
A_MP	415	5279	T	0	0	5267	37.2652363774445
A_MP	416	5406	C	0	0	5404	37.3480754996299
A_MP	417	5713	A	0	0	5711	37.1894589388899
A_MP	418	5719	T	0	0	5716	37.3194541637509
A_MP	419	5804	A	0	0	5801	37.1791070505085
A_MP	420	5760	T	0	0	5756	37.2390548992356
A_MP	421	5676	A	0	0	5670	37.2282186948854
A_MP	422	5825	C	0	0	5811	37.4617105489589
A_MP	423	5699	A	0	0	5695	37.571202809482
A_MP	424	5693	A	0	0	5690	37.5260105448155
A_MP	425	5686	C	0	0	5681	37.5210350290442
A_MP	426	5494	A	1	0	5488	37.4138119533528
A_MP	427	5571	G	1	0	5570	37.7631956912029
A_MP	428	5649	G	1	0	5639	37.2174144351835
A_MP	429	5623	A	1	0	5618	37.3081167675329
A_MP	430	5657	T	1	0	5655	37.4546419098143
A_MP	431	5584	G	2	0	5581	37.5511557068626
A_MP	432	5591	G	1	0	5582	36.9002149767109
A_MP	433	5631	G	1	0	5625	37.1683555555556
A_MP	434	5625	A	1	0	5607	37.4153736400927
A_MP	435	5627	A	1	0	5618	37.6756852972588
A_MP	436	5633	C	1	0	5631	37.2509323388386
A_MP	437	5521	A	1	0	5511	37.8844129921974
A_MP	438	5531	G	1	0	5526	37.7551574375679
A_MP	439	5554	T	1	0	5540	37.7095667870036
A_MP	440	5584	G	1	0	5579	37.6011830077075
A_MP	441	5575	A	1	0	5561	37.5739974824672
A_MP	442	5631	C	0	0	5628	37.8253375977257
A_MP	443	5558	C	0	0	5541	37.8830536004331
A_MP	444	5551	A	0	0	5540	37.8032490974729
A_MP	445	5552	C	0	0	5546	37.8755860079336
A_MP	446	5543	A	0	0	5537	37.8605743182229
A_MP	447	5589	G	1	0	5587	37.8593162699123
A_MP	448	5666	A	1	0	5661	37.6477654124713
A_MP	449	5641	A	1	0	5632	37.7668678977273
A_MP	450	5587	G	1	0	5582	37.5180938731637
A_MP	451	5528	T	1	1	5501	36.8414833666606
A_MP	452	5518	G	1	0	5506	37.3031238648747
A_MP	453	5540	G	1	0	5535	37.1279132791328
A_MP	454	5535	C	1	0	5528	36.784008683068
A_MP	455	5548	G	1	0	5532	37.2579537237889
A_MP	456	5480	T	1	0	5473	37.1635300566417
A_MP	457	5485	T	1	0	5479	37.0248220478189
A_MP	458	5482	T	1	0	5481	37.1539864988141
A_MP	459	5689	G	0	0	5682	36.9348820837733
A_MP	460	5747	G	0	0	5744	36.870647632312
A_MP	461	5710	C	0	0	5690	37.3594024604569
A_MP	462	5687	C	0	0	5681	37.5986622073579
A_MP	463	5678	T	0	0	5674	37.6217835741981
A_MP	464	5723	A	0	0	5710	37.5290718038529
A_MP	465	5768	G	0	0	5767	37.3500953702098
A_MP	466	5748	T	0	0	5730	36.761780104712
A_MP	467	5797	G	0	0	5795	37.4631578947368
A_MP	468	5590	T	0	0	5576	37.3181492109039
A_MP	469	5607	G	0	0	5604	37.4983940042827
A_MP	470	5634	T	0	0	5619	37.2486207510233
A_MP	471	5634	G	0	0	5627	37.3993246845566
A_MP	472	5630	C	1	0	5622	37.0430451796514
A_MP	473	5518	C	1	0	5514	37.3340587595212
A_MP	474	5487	A	1	0	5465	37.0883806038426
A_MP	475	5583	C	0	0	5449	37.5145898329969
A_MP	476	5568	C	0	0	5557	37.5159258592766
A_MP	477	5412	T	0	0	5408	37.7457470414201
A_MP	478	5422	G	0	0	5418	37.7200073827981
A_MP	479	5337	T	0	0	5323	37.5549502160436
A_MP	480	5353	G	0	0	5349	37.7117218171621
A_MP	481	5336	A	0	0	5324	37.7747933884297
A_MP	482	5364	G	0	0	5359	37.6999440194066
A_MP	483	5361	C	0	0	5354	37.4153903623459
A_MP	484	5295	A	0	0	5292	38.0786092214664
A_MP	485	5320	G	0	0	5316	37.9309631301731
A_MP	486	5325	A	0	0	5323	37.8653015216983
A_MP	487	5344	T	0	0	5338	37.8684900711877
A_MP	488	5370	T	0	0	5365	37.8747437092265
A_MP	489	5372	G	0	0	5369	37.8597504190725
A_MP	490	5359	C	0	0	5351	37.8635769015137
A_MP	491	5343	T	0	0	5340	37.9217228464419
A_MP	492	5361	G	0	0	5359	38.0128755364807
A_MP	493	5372	A	0	0	5367	37.8315632569406
A_MP	494	5335	C	0	0	5327	37.8408109630186
A_MP	495	5330	T	0	0	5325	37.7862910798122
A_MP	496	5337	C	0	0	5334	37.8352080989876
A_MP	497	5329	A	0	0	5320	37.8595864661654
A_MP	498	5361	C	0	0	5359	37.9602537786901
A_MP	499	5352	A	0	0	5343	37.9212053153659
A_MP	500	5371	G	0	0	5368	37.2384500745156
A_MP	501	5372	C	0	0	5368	37.0754470938897
A_MP	502	5377	A	0	0	5354	36.8242435562196
A_MP	503	5373	T	0	0	5363	37.2233824352042
A_MP	504	5364	C	0	0	5360	37.5307835820896
A_MP	505	5380	G	0	0	5376	36.7859002976191
A_MP	506	5424	G	0	0	5422	37.1278126152711
A_MP	507	5447	T	0	0	5432	37.0581737849779
A_MP	508	5426	C	0	0	5289	37.0412176214785
A_MP	509	5421	T	0	0	5408	37.1164940828402
A_MP	510	5445	C	0	0	5440	37.6369485294118
A_MP	511	5441	A	0	0	5432	37.8453608247423
A_MP	512	5514	C	0	0	5438	37.8782640676719
A_MP	513	5492	A	0	0	5485	37.9443938012762
A_MP	514	5665	G	0	0	5664	37.6537782485876
A_MP	515	5682	G	0	0	5671	37.1856815376477
A_MP	516	5680	C	0	0	5673	37.1531817380575
A_MP	517	5623	A	0	0	5618	37.6441794232823
A_MP	518	5672	G	0	0	5653	37.2745444896515
A_MP	519	5679	A	0	0	5669	37.0585641206562
A_MP	520	5706	T	0	0	5701	37.746535695492
A_MP	521	5737	G	0	0	5736	37.8884239888424
A_MP	522	5799	G	0	0	5798	37.6764401517765
A_MP	523	5760	T	0	0	5731	37.2476007677543
A_MP	524	5810	A	0	0	5802	37.4858669424336
A_MP	525	5819	A	0	0	5812	37.6151066758431
A_MP	526	5803	C	0	0	5802	37.6559806963116
A_MP	527	5761	T	0	0	5758	37.6863494268843
A_MP	528	5777	A	0	0	5768	37.243758668516
A_MP	529	5734	C	1	0	5726	37.2591687041565
A_MP	530	5738	C	0	0	5733	37.2724577010291
A_MP	531	5708	A	0	0	5692	37.1078706957133
A_MP	532	5690	C	0	0	5688	37.4954289732771
A_MP	533	5659	C	0	0	5650	36.7755752212389
A_MP	534	5651	A	0	0	5649	37.3625420428394
A_MP	535	5661	A	0	0	5650	37.5366371681416
A_MP	536	5812	C	1	0	5799	37.156578720469
A_MP	537	5826	C	0	0	5818	36.9932966655208
A_MP	538	5863	C	0	0	5860	37.2730375426621
A_MP	539	5855	A	0	0	5841	37.4227015921931
A_MP	540	5862	T	0	0	5840	37.7296232876712
A_MP	541	5865	T	0	0	5863	37.8751492410029
A_MP	542	5874	A	0	0	5872	37.9802452316076
A_MP	543	5888	A	0	0	5886	37.7108392796466
A_MP	544	5868	T	0	0	5865	37.7399829497016
A_MP	545	5759	C	0	0	5756	37.9009728978457
A_MP	546	5642	A	0	0	5635	37.9834960070985
A_MP	547	5660	G	0	0	5657	37.9598727240587
A_MP	548	5667	G	0	0	5663	37.7261168991701
A_MP	549	5695	C	0	0	5690	37.8725834797891
A_MP	550	5745	A	0	0	5739	37.8623453563339
A_MP	551	5734	T	0	0	5731	37.9900540917815
A_MP	552	5732	G	0	0	5728	38.1204608938547
A_MP	553	5731	A	0	0	5726	37.8314704855047
A_MP	554	5533	A	0	0	5525	37.7563800904977
A_MP	555	5515	A	0	0	5508	37.7374727668845
A_MP	556	5477	A	0	0	5470	37.7859232175503
A_MP	557	5475	C	0	0	5472	38.0052997076023
A_MP	558	5426	A	0	0	5418	37.8848283499446
A_MP	559	5494	G	0	0	5489	37.8642740025506
A_MP	560	5550	A	0	0	5545	37.8149684400361
A_MP	561	5561	A	1	0	5547	37.660176672075
A_MP	562	5527	T	1	0	5522	37.4382470119522
A_MP	563	5413	G	1	0	5409	37.6330190423368
A_MP	564	5593	G	0	0	5588	37.4874731567645
A_MP	565	5449	T	0	0	5433	36.8880912939444
A_MP	566	5443	G	0	0	5440	36.7523897058824
A_MP	567	5253	C	0	0	5249	37.1716517431892
A_MP	568	5205	T	0	0	5196	37.5440723633564
A_MP	569	5272	G	0	0	5270	37.5079696394687
A_MP	570	5278	G	0	0	5272	36.8721547799696
A_MP	571	5280	C	0	0	5275	36.7435071090047
A_MP	572	5246	C	0	0	5235	37.3810888252149
A_MP	573	5072	A	0	0	5069	37.7397908857763
A_MP	574	5188	G	0	0	5182	37.2985333847935
A_MP	575	5219	C	0	0	5213	36.8461538461538
A_MP	576	5220	A	0	0	5206	37.4846331156358
A_MP	577	5233	C	0	0	5230	37.4474187380497
A_MP	578	5141	T	0	0	5131	37.6033911518223
A_MP	579	5150	A	0	0	5144	37.5795101088647
A_MP	580	5174	C	0	0	5152	37.6964285714286
A_MP	581	5211	A	0	0	5207	37.6602650278471
A_MP	582	5265	G	0	0	5259	37.4535082715345
A_MP	583	5161	C	0	0	5155	37.2826382153249
A_MP	584	5127	T	0	0	5114	37.2412983965585
A_MP	585	5122	A	0	0	5122	37.6419367434596
A_MP	586	5066	A	0	0	5062	37.463453180561
A_MP	587	5107	G	0	0	5107	37.5124339142354
A_MP	588	5126	G	0	0	5125	37.2413658536585
A_MP	589	5154	C	0	0	5150	37.1947572815534
A_MP	590	4999	T	0	0	4998	37.5766306522609
A_MP	591	5003	A	0	0	4999	37.5715143028606
A_MP	592	5007	T	0	0	5003	37.6921846891865
A_MP	593	4975	G	0	0	4973	37.8300824452041
A_MP	594	5021	G	0	0	5016	37.6172248803828
A_MP	595	4925	A	0	0	4913	37.4266232444535
A_MP	596	4916	G	0	0	4908	37.5800733496333
A_MP	597	4839	C	0	0	4835	37.5733195449845
A_MP	598	4763	A	0	0	4761	37.7487922705314
A_MP	599	4772	G	0	0	4767	37.9395846444305
A_MP	600	4789	A	0	0	4780	37.6520920502092
A_MP	601	4840	T	0	0	4829	37.0115966038517
A_MP	602	4837	G	0	0	4835	37.1253360910031
A_MP	603	4814	G	0	0	4812	37.4565669160432
A_MP	604	4849	C	0	0	4845	37.1075335397317
A_MP	605	4820	T	0	0	4811	37.6144252754105
A_MP	606	4835	G	0	0	4834	36.9009102192801
A_MP	607	4853	G	0	0	4847	36.614813286569
A_MP	608	4854	G	0	0	4848	36.7289603960396
A_MP	609	4858	T	0	0	4853	37.2668452503606
A_MP	610	4666	C	0	0	4664	37.2579331046312
A_MP	611	4669	G	0	0	4665	37.5245444801715
A_MP	612	4677	A	0	0	4671	37.0327552986513
A_MP	613	4684	G	0	0	4680	37.4891025641026
A_MP	614	4715	T	0	0	4698	37.2973605789698
A_MP	615	4700	G	0	0	4699	37.6131091721643
A_MP	616	4666	A	0	0	4664	37.6858919382504
A_MP	617	4668	G	0	0	4661	37.8212829864836
A_MP	618	4678	C	0	0	4675	37.6823529411765
A_MP	619	4682	A	0	0	4677	37.9991447509087
A_MP	620	4645	A	0	0	4632	37.8672279792746
A_MP	621	4625	G	0	0	4624	37.4569636678201
A_MP	622	4696	C	0	0	4690	37.3172707889126
A_MP	623	4666	A	0	0	4665	37.5290460878885
A_MP	624	4698	G	0	0	4692	37.556052855925
A_MP	625	4666	C	0	0	4662	37.3256113256113
A_MP	626	4665	G	0	0	4658	37.5807213396307
A_MP	627	4680	G	0	0	4677	37.292281376951
A_MP	628	4688	A	0	0	4685	37.1526147278549
A_MP	629	4693	A	0	0	4674	37.0830124090715
A_MP	630	4757	G	0	0	4752	37.1079545454545
A_MP	631	4800	C	0	0	4793	37.1295639474233
A_MP	632	4797	C	0	0	4677	37.6040196707291
A_MP	633	4778	A	0	0	4765	37.6281217208814
A_MP	634	4809	T	0	0	4806	37.7806908031627
A_MP	635	4811	G	0	0	4805	37.7546305931322
A_MP	636	4812	G	0	0	4810	37.7264033264033
A_MP	637	4770	A	0	0	4761	37.3671497584541
A_MP	638	4779	G	0	0	4775	37.5746596858639
A_MP	639	4730	G	0	0	4726	37.1402877697842
A_MP	640	4711	T	0	0	4656	35.8073453608247
A_MP	641	4702	T	0	0	4686	36.5757575757576
A_MP	642	4704	G	0	0	4696	37.379471890971
A_MP	643	4704	C	0	0	4695	37.4347177848775
A_MP	644	4699	T	0	0	4698	37.7320136228182
A_MP	645	4746	A	0	0	4741	37.8335794136258
A_MP	646	4740	G	0	0	4733	37.7817451933235
A_MP	647	4751	T	0	0	4747	37.6621023804508
A_MP	648	4719	C	1	0	4717	37.560737757049
A_MP	649	4672	A	0	0	4662	37.7069927069927
A_MP	650	4796	G	0	0	4787	37.6864424482975
A_MP	651	4811	G	0	0	4798	37.5266777824093
A_MP	652	4815	C	0	0	4811	37.4811889420079
A_MP	653	4805	T	0	0	4798	37.0725302209254
A_MP	654	4787	A	0	0	4782	37.5832287745713
A_MP	655	4824	G	0	0	4819	37.561527287819
A_MP	656	4834	G	0	0	4832	37.3629966887417
A_MP	657	4816	C	0	0	4808	37.2932612312812
A_MP	658	4730	A	0	0	4727	37.7886608842818
A_MP	659	4669	G	0	0	4666	37.4492070295757
A_MP	660	4627	A	0	0	4621	37.1090673014499
A_MP	661	4626	T	0	0	4622	37.6334919948074
A_MP	662	4633	G	0	0	4631	37.7605268840423
A_MP	663	4688	G	0	0	4687	37.5801152122893
A_MP	664	4624	T	0	0	4606	36.5412505427703
A_MP	665	4533	G	0	0	4525	37.382320441989
A_MP	666	4531	C	0	0	4528	36.9220406360424
A_MP	667	4507	A	0	0	4501	37.2150633192624
A_MP	668	4533	G	0	0	4524	37.2928824049514
A_MP	669	4567	G	0	0	4564	37.0394390885188
A_MP	670	4584	C	0	0	4580	36.9489082969432
A_MP	671	4587	G	0	0	4580	37.3731441048035
A_MP	672	4482	A	0	0	4478	37.1607860652077
A_MP	673	4467	T	0	0	4462	37.3406544150605
A_MP	674	4474	G	0	0	4473	37.411804158283
A_MP	675	4443	A	0	0	4438	37.7429022082019
A_MP	676	4451	G	0	0	4448	37.7153776978417
A_MP	677	4449	A	1	0	4432	37.5297833935018
A_MP	678	4451	A	0	0	4440	37.3277027027027
A_MP	679	4551	C	0	0	4543	37.3193924719348
A_MP	680	4591	C	0	0	4588	37.2894507410636
A_MP	681	4562	A	0	0	4557	37.5334649989028
A_MP	682	4609	T	0	0	4608	37.5321180555556
A_MP	683	4603	T	0	0	4603	37.6597870953726
A_MP	684	4607	G	0	0	4605	37.5887079261672
A_MP	685	4634	G	0	0	4630	37.4282937365011
A_MP	686	4635	A	0	0	4629	37.4642471376107
A_MP	687	4645	A	0	0	4636	37.4303278688525
A_MP	688	4596	C	0	0	4594	37.2649107531563
A_MP	689	4417	T	0	1	4406	37.1159782115297
A_MP	690	4442	C	0	0	4441	36.7534339112812
A_MP	691	4441	A	0	0	4418	36.8680398370303
A_MP	692	4611	C	0	0	4601	37.2123451423604
A_MP	693	4610	C	0	0	4596	37.3337684943429
A_MP	694	4577	C	0	0	4573	37.7520227421824
A_MP	695	4573	T	0	0	4570	37.6619256017505
A_MP	696	4574	A	0	0	4573	37.526568991909
A_MP	697	4580	G	0	0	4576	37.3336975524476
A_MP	698	4724	C	0	0	4717	37.2172991308035
A_MP	699	4690	T	0	0	4681	37.050202948088
A_MP	700	4791	C	0	0	4786	37.2908483075637
A_MP	701	4642	C	0	0	4638	37.6880120741699
A_MP	702	4617	A	0	0	4616	37.6659445407279
A_MP	703	4644	G	0	0	4637	37.2201854647401
A_MP	704	4638	T	0	0	4631	36.8512200388685
A_MP	705	4609	G	0	0	4609	36.9381644608375
A_MP	706	4606	C	0	0	4602	36.5004345936549
A_MP	707	4422	C	0	0	4410	36.9755102040816
A_MP	708	4436	G	0	0	4432	37.2060018050542
A_MP	709	4474	G	0	0	4473	37.4001788508831
A_MP	710	4444	T	0	0	4433	37.2206180915858
A_MP	711	4454	C	0	0	4452	37.2672955974843
A_MP	712	4422	T	0	0	4421	37.6028047952952
A_MP	713	4441	G	0	0	4440	38.0646396396396
A_MP	714	4480	A	0	0	4477	37.8925619834711
A_MP	715	4410	A	0	0	4403	37.9457188280718
A_MP	716	4411	A	0	0	4402	37.9784189004998
A_MP	717	4395	G	0	0	4393	38.0703391759618
A_MP	718	4348	A	0	0	4345	37.8124280782509
A_MP	719	4311	T	0	0	4309	37.8700394523091
A_MP	720	4277	G	0	0	4275	38.1176608187135
A_MP	721	4312	A	0	0	4305	37.6980255516841
A_MP	722	4353	T	0	0	4341	37.5491822160792
A_MP	723	4308	C	0	0	4306	37.6623316302833
A_MP	724	4291	T	0	0	4289	37.8006528328282
A_MP	725	4309	T	0	0	4306	37.8450998606595
A_MP	726	4251	C	0	0	4249	38.0204754059779
A_MP	727	4247	T	0	0	4246	38.0400376825247
A_MP	728	4247	T	0	0	4245	38.1689045936396
A_MP	729	4248	G	0	0	4245	38.2070671378092
A_MP	730	4241	A	0	0	4241	38.0940815845319
A_MP	731	4220	A	0	0	4218	37.9985775248933
A_MP	732	4187	A	0	0	4187	38.0126582278481
A_MP	733	4231	A	0	0	4231	37.998109194044
A_MP	734	4228	T	0	0	4225	37.8267455621302
A_MP	735	4336	T	0	0	4335	38.0595155709343
A_MP	736	4334	T	0	0	4332	38.1228070175439
A_MP	737	4364	G	0	0	4362	37.8899587345255
A_MP	738	4356	C	0	0	4353	37.461061337009
A_MP	739	4331	A	0	0	4319	37.9942116230609
A_MP	740	4338	G	0	0	4335	37.8281430219146
A_MP	741	4355	G	0	0	4350	37.4131034482759
A_MP	742	4352	C	0	0	4345	36.2098964326812
A_MP	743	4310	C	0	0	4305	37.3110336817654
A_MP	744	4351	T	0	0	4339	37.7195206268726
A_MP	745	4447	A	0	0	4433	37.2628017144146
A_MP	746	4548	C	1	0	4544	37.5906690140845
A_MP	747	4548	C	0	0	4545	37.7861386138614
A_MP	748	4535	A	0	0	4529	37.7873702804151
A_MP	749	4525	G	0	0	4521	37.635700066357
A_MP	750	4525	A	0	0	4522	37.3741707209199
A_MP	751	4527	A	0	0	4525	37.3089502762431
A_MP	752	4543	A	0	1	4520	36.5212389380531
A_MP	753	4555	C	0	0	4553	37.0153744783659
A_MP	754	4517	G	0	0	4513	37.3144249944604
A_MP	755	4517	G	0	0	4502	37.3180808529542
A_MP	756	4514	A	0	0	4506	36.9702618730581
A_MP	757	4507	T	0	0	4503	37.1701088163447
A_MP	758	4490	G	1	0	4486	37.0249665626393
A_MP	759	4550	G	0	0	4544	36.9577464788732
A_MP	760	4578	G	0	0	4575	37.4673224043716
A_MP	761	4523	A	0	0	4520	37.4871681415929
A_MP	762	4568	G	0	0	4565	37.2869660460022
A_MP	763	4546	T	0	0	4539	37.014760960564
A_MP	764	4547	G	0	0	4537	37.4527220630372
A_MP	765	4591	C	0	0	4587	37.6557662960541
A_MP	766	4615	A	0	0	4608	37.857421875
A_MP	767	4624	A	0	0	4621	37.7662843540359
A_MP	768	4599	A	0	0	4596	37.8096170583116
A_MP	769	4566	T	0	0	4564	37.9355828220859
A_MP	770	4553	G	0	0	4550	37.1969230769231
A_MP	771	4526	C	0	1	4421	37.2470029405112
A_MP	772	4442	A	0	1	4433	37.9120234604106
A_MP	773	4446	G	0	1	4445	37.2814398200225
A_MP	774	4466	C	0	0	4463	37.7004257226081
A_MP	775	4471	G	0	0	4469	37.5650033564556
A_MP	776	4547	A	0	0	4547	37.4930723553992
A_MP	777	4547	T	0	0	4542	37.7380008806693
A_MP	778	4544	T	0	0	4540	37.9574889867841
A_MP	779	4565	C	0	0	4563	37.7343852728468
A_MP	780	4587	A	0	0	4587	37.9391759319817
A_MP	781	4571	A	0	0	4565	37.8214676889376
A_MP	782	4559	G	0	0	4554	37.8320158102767
A_MP	783	4701	T	0	0	4690	37.5042643923241
A_MP	784	4684	G	0	0	4680	37.4230769230769
A_MP	785	4655	A	0	0	4647	36.9649236066279
A_MP	786	4655	T	0	0	4645	37.5308934337998
A_MP	787	4686	C	0	0	4676	36.485243798118
A_MP	788	4649	C	0	0	4643	36.5255222916218
A_MP	789	4675	T	0	0	4656	36.7946735395189
A_MP	790	4687	C	0	0	4681	36.577227088229
A_MP	791	4678	T	0	1	4674	37.2124518613607
A_MP	792	4737	C	0	1	4733	37.0897950559899
A_MP	793	4734	G	0	1	4732	37.6857565511412
A_MP	794	4707	T	0	1	4699	37.6309853160247
A_MP	795	4721	T	0	1	4713	37.6825800976024
A_MP	796	4680	A	0	1	4678	37.8463018383925
A_MP	797	4675	T	0	1	4675	37.2164705882353
A_MP	798	4638	T	0	1	4636	37.4113459879206
A_MP	799	4626	G	0	1	4623	37.1176725070301
A_MP	800	4598	C	0	0	4593	36.9015893751361
A_MP	801	4539	C	0	1	4531	37.1787684837784
A_MP	802	4540	G	1	1	4535	37.6024255788313
A_MP	803	4579	C	0	1	4575	37.6220765027322
A_MP	804	4583	A	0	1	4578	37.7986020096112
A_MP	805	4571	A	0	1	4570	37.7181619256017
A_MP	806	4595	G	0	0	4588	37.8382737576286
A_MP	807	4715	T	0	1	4706	37.9341266468338
A_MP	808	4711	A	0	0	4709	37.8133361647908
A_MP	809	4702	T	0	1	4701	37.8830036162519
A_MP	810	4761	C	0	0	4759	37.8205505358269
A_MP	811	4758	A	0	1	4755	38.016403785489
A_MP	812	4816	T	0	0	4811	37.9948035751403
A_MP	813	4805	T	0	0	4801	38.0114559466778
A_MP	814	4765	G	0	1	4762	37.6604367912642
A_MP	815	4728	G	0	0	4725	37.8283597883598
A_MP	816	4716	A	0	0	4693	37.9686767526103
A_MP	817	4841	A	0	0	4839	37.8898532754701
A_MP	818	4828	T	0	0	4825	37.6072538860104
A_MP	819	4762	C	0	0	4758	37.9682639764607
A_MP	820	4885	T	0	0	4876	37.9938474159147
A_MP	821	5111	T	0	0	5109	38.0661577608142
A_MP	822	5148	G	0	0	5146	37.7250291488535
A_MP	823	5154	C	0	0	5150	37.6034951456311
A_MP	824	5167	A	0	0	5152	37.0271739130435
A_MP	825	5195	C	0	0	5192	37.6473420647149
A_MP	826	5132	T	0	0	5122	37.8943771964077
A_MP	827	5155	T	0	0	5150	37.9596116504854
A_MP	828	5157	G	0	0	5153	37.8074907820687
A_MP	829	5207	A	0	0	5200	37.6065384615385
A_MP	830	5194	T	0	0	5190	37.8859344894027
A_MP	831	5129	A	0	0	5128	37.8985959438378
A_MP	832	5125	T	0	0	5124	37.6969164715066
A_MP	833	5056	T	0	0	5053	38.0571937462893
A_MP	834	5065	G	0	0	5063	37.94706695635
A_MP	835	5031	T	0	0	5026	37.8095901313172
A_MP	836	5001	G	0	0	4998	37.5388155262105
A_MP	837	5002	G	0	0	5002	37.5185925629748
A_MP	838	4897	A	0	0	4895	37.8516853932584
A_MP	839	4901	T	0	0	4898	37.7639853001225
A_MP	840	4881	T	0	0	4876	37.8115258408532
A_MP	841	4852	C	0	0	4845	37.6984520123839
A_MP	842	4842	T	0	0	4829	37.995444191344
A_MP	843	4799	T	0	0	4796	37.2581317764804
A_MP	844	4799	G	0	0	4793	37.7001877738368
A_MP	845	4821	A	0	0	4814	36.8053593685085
A_MP	846	4819	T	0	0	4816	36.905938538206
A_MP	847	4809	C	0	0	4804	36.9034138218152
A_MP	848	4794	G	0	0	4791	37.7459820496765
A_MP	849	4776	T	0	0	4769	36.7427133570979
A_MP	850	4885	C	0	0	4879	37.3133838901414
A_MP	851	4737	T	1	0	4718	37.8066977532853
A_MP	852	4730	T	0	0	4726	37.7699957680914
A_MP	853	4733	T	0	0	4726	37.874312314854
A_MP	854	4722	T	0	0	4718	37.6829164900382
A_MP	855	4771	C	0	0	4763	37.8003359227378
A_MP	856	4761	T	0	0	4756	37.9516400336417
A_MP	857	4751	T	0	0	4744	37.904089376054
A_MP	858	4741	C	0	0	4738	37.9423807513719
A_MP	859	4719	A	0	0	4717	38.2075471698113
A_MP	860	4730	A	0	0	4728	38.1660321489002
A_MP	861	4759	A	0	0	4756	38.0788477712363
A_MP	862	4757	T	0	0	4754	37.9747580984434
A_MP	863	4763	G	0	0	4760	37.8600840336134
A_MP	864	4807	C	0	0	4797	37.840108401084
A_MP	865	4765	A	0	0	4763	37.9361746798236
A_MP	866	4766	T	0	0	4747	37.7223509585001
A_MP	867	4762	T	0	0	4757	37.0832457431154
A_MP	868	4786	T	0	0	4781	37.1794603639406
A_MP	869	4781	A	0	0	4778	37.1605274173294
A_MP	870	4782	T	0	0	4777	36.7339334310237
A_MP	871	4773	C	0	0	4771	36.8845105847831
A_MP	872	4735	G	0	0	4730	36.9306553911205
A_MP	873	4656	T	0	0	4648	36.6544750430293
A_MP	874	4640	C	0	0	4639	36.8098728174175
A_MP	875	4652	G	0	0	4649	37.7780167778017
A_MP	876	4656	T	1	0	4622	37.5789701427953
A_MP	877	4898	C	1	0	4888	37.4486497545008
A_MP	878	4900	T	1	0	4890	37.7770961145194
A_MP	879	4922	T	0	0	4919	37.9837365318154
A_MP	880	4925	A	0	0	4923	38.0475319926874
A_MP	881	4923	A	0	0	4921	37.7906929485877
A_MP	882	4949	A	0	0	4943	37.5763706251264
A_MP	883	4946	T	0	0	4943	37.0202306291726
A_MP	884	4829	A	0	0	4812	35.9123025768911
A_MP	885	4812	C	0	0	4808	36.8874792013311
A_MP	886	4610	G	0	0	4603	37.1194872908972
A_MP	887	4636	G	0	0	4635	37.891046386192
A_MP	888	4604	T	0	0	4600	37.759347826087
A_MP	889	4603	T	0	0	4597	37.6301936045247
A_MP	890	4599	T	0	0	4595	37.8670293797606
A_MP	891	4601	G	0	0	4599	38.012611437269
A_MP	892	4601	A	0	0	4584	37.9452443280977
A_MP	893	4602	A	0	0	4598	38.1083079599826
A_MP	894	4598	A	0	0	4595	38.0330794341676
A_MP	895	4549	A	0	0	4545	37.9667766776678
A_MP	896	4539	G	0	0	4534	37.8164975738862
A_MP	897	4344	A	0	0	4340	37.6951612903226
A_MP	898	4344	G	0	0	4341	36.958074176457
A_MP	899	4345	G	0	0	4341	37.3796360285648
A_MP	900	4334	G	0	0	4326	37.1301433194637
A_MP	901	4319	C	0	0	4311	36.7279053583855
A_MP	902	4303	C	0	0	4298	37.175197766403
A_MP	903	4298	T	0	0	4284	37.3870214752568
A_MP	904	4296	T	0	0	4287	36.7324469325869
A_MP	905	4297	C	0	0	4289	36.5171368617393
A_MP	906	4286	T	0	0	4283	37.1958907307962
A_MP	907	4286	A	0	0	4271	37.2264106766565
A_MP	908	4284	C	0	0	4279	36.9441458284646
A_MP	909	4193	G	0	0	4187	37.725340339145
A_MP	910	4186	G	0	0	4183	37.6918479560124
A_MP	911	4152	A	0	0	4148	37.7953230472517
A_MP	912	4137	A	0	0	4133	37.6963464795548
A_MP	913	4112	G	0	0	4109	37.7619858846435
A_MP	914	4055	G	0	0	4049	37.6715238330452
A_MP	915	4003	A	0	0	4000	37.574
A_MP	916	3998	G	0	0	3996	37.9066566566567
A_MP	917	3945	T	0	0	3942	37.6243023845764
A_MP	918	3944	G	0	0	3940	37.4238578680203
A_MP	919	3926	C	0	0	3916	36.5520939734423
A_MP	920	3923	C	0	0	3919	37.2531257973973
A_MP	921	3901	T	1	0	3895	37.7260590500642
A_MP	922	3894	G	1	0	3893	37.6807089648086
A_MP	923	3856	A	1	0	3854	37.413855734302
A_MP	924	3857	G	0	0	3853	37.642616143265
A_MP	925	3785	T	0	0	3780	37.4949735449735
A_MP	926	3782	C	0	0	3782	37.2437863564252
A_MP	927	3699	T	0	0	3690	37.8018970189702
A_MP	928	3691	A	0	0	3691	37.5128691411542
A_MP	929	3688	T	0	0	3685	37.425237449118
A_MP	930	3688	G	0	0	3686	37.471242539338
A_MP	931	3647	A	0	0	3639	37.4047815333883
A_MP	932	3636	G	0	0	3632	37.2935022026432
A_MP	933	3321	G	0	0	3316	37.4164656212304
A_MP	934	3310	G	0	0	3305	37.5016641452345
A_MP	935	3277	A	0	0	3276	37.6904761904762
A_MP	936	3257	A	0	0	3254	37.3217578365089
A_MP	937	3255	G	0	0	3253	37.4027051952044
A_MP	938	3216	A	0	0	3210	37.4211838006231
A_MP	939	3214	G	0	0	3201	36.6335520149953
A_MP	940	3167	T	0	0	3166	36.4791535060013
A_MP	941	3130	A	0	0	3125	36.37312
A_MP	942	3122	T	0	0	3105	36.2863123993559
A_MP	943	3089	C	0	0	3084	36.7110894941634
A_MP	944	3087	G	0	0	3075	37.420162601626
A_MP	945	3085	G	0	0	3073	37.4757565896518
A_MP	946	3057	C	1	0	3053	37.1415001637733
A_MP	947	3019	A	0	0	3015	37.6142620232173
A_MP	948	2970	G	0	0	2962	37.4821066846725
A_MP	949	2966	G	0	0	2965	37.2492411467116
A_MP	950	2961	A	0	0	2956	37.0791610284168
A_MP	951	2960	A	0	0	2953	37.2726041313918
A_MP	952	2959	C	0	0	2957	37.2130537707136
A_MP	953	2867	A	0	0	2867	37.0924311126613
A_MP	954	2867	G	0	0	2861	37.0985669346382
A_MP	955	2865	C	0	0	2860	36.7307692307692
A_MP	956	2857	A	0	0	2854	36.9639103013315
A_MP	957	2857	G	0	0	2855	36.9821366024518
A_MP	958	2616	A	0	0	2611	37.0854078896974
A_MP	959	2616	G	0	0	2612	37.1183001531394
A_MP	960	2602	T	0	0	2594	37.0647648419429
A_MP	961	2562	G	0	0	2558	35.7924159499609
A_MP	962	2561	C	0	0	2557	36.3793508017208
A_MP	963	2454	T	0	0	2448	37.0339052287582
A_MP	964	2454	G	0	0	2449	36.902817476521
A_MP	965	2443	T	0	0	2436	36.6892446633826
A_MP	966	2431	G	0	0	2426	36.3256389117889
A_MP	967	2425	G	0	0	2425	36.1249484536082
A_MP	968	2235	A	0	0	2235	36.4841163310962
A_MP	969	2232	T	0	0	2231	36.3012102196325
A_MP	970	2140	G	0	0	2137	36.2882545624708
A_MP	971	1929	T	1	0	1927	35.7649195640893
A_MP	972	1628	T	0	0	1624	37.26539408867
A_MP	973	1616	G	0	0	1615	37.0928792569659
A_MP	974	1605	A	0	0	1595	37.0282131661442
A_MP	975	1579	C	0	0	1579	36.2336922102597
A_MP	976	1547	G	0	0	1544	37.4054404145078
A_MP	977	1526	A	0	0	1524	37.2198162729659
A_MP	978	1517	T	0	0	1516	37.4492084432718
A_MP	979	1473	A	0	0	1469	37.3213070115725
A_MP	980	1473	G	0	0	1472	37.4415760869565
A_MP	981	1460	T	0	0	1460	37.1246575342466
A_MP	982	1447	C	0	0	1442	36.8307905686546
A_MP	983	1438	A	0	0	1438	37.3337969401947
A_MP	984	1421	T	0	0	1420	37.2302816901408
A_MP	985	1416	T	0	0	1415	37.3795053003534
A_MP	986	1399	T	0	0	1399	37.698355968549
A_MP	987	1390	T	0	0	1390	37.6309352517986
A_MP	988	1388	G	0	0	1387	37.2011535688536
A_MP	989	1341	T	0	0	1339	37.3271097834205
A_MP	990	1338	C	0	0	1338	36.9813153961136
A_MP	991	1317	A	0	0	1316	37.0881458966565
A_MP	992	1315	A	0	0	1313	36.8172124904798
A_MP	993	1315	C	0	0	1313	36.986290936786
A_MP	994	1314	A	0	0	1314	36.8934550989346
A_MP	995	1314	T	0	0	1311	36.7894736842105
A_MP	996	1224	A	0	0	1224	36.7385620915033
A_MP	997	1221	G	0	0	1221	36.6773136773137
A_MP	998	1187	A	0	0	1184	36.3530405405405
A_MP	999	1185	G	0	0	1185	35.9400843881857
A_MP	1000	1183	C	0	0	1181	34.7375105842506
A_MP	1001	986	T	0	0	984	37.1656504065041
A_MP	1002	966	G	0	0	960	36.9760416666667
A_MP	1003	966	G	0	0	964	37.2427385892116
A_MP	1004	962	A	0	0	962	37.3295218295218
A_MP	1005	962	G	0	0	961	37.3652445369407
A_MP	1006	889	T	0	0	888	36.2162162162162
A_MP	1007	884	A	0	0	884	36.0950226244344
A_MP	1008	883	A	0	0	883	36.4020385050963
A_MP	1009	883	A	0	0	883	36.6149490373726
A_MP	1010	883	A	0	0	883	36.4156285390713
A_MP	1011	845	A	0	0	845	36.4579881656805
A_MP	1012	802	A	0	0	796	36.1218592964824
A_MP	1013	801	C	0	0	799	36.206508135169
A_MP	1014	708	T	0	0	706	35.9178470254958
A_MP	1015	701	A	0	0	694	35.2190201729107
A_MP	1016	700	C	0	0	700	33.5528571428571
A_MP	1017	688	C	0	0	687	35.7802037845706
A_MP	1018	677	T	0	0	675	33.5318518518519
A_MP	1019	641	T	0	0	640	35.715625
A_MP	1020	641	G	0	0	640	35.4125
A_MP	1021	627	T	0	0	627	35.8070175438597
A_MP	1022	616	T	0	0	616	36.1428571428571
A_MP	1023	610	T	0	0	609	33.1215106732348
A_MP	1024	544	C	0	0	544	32.3786764705882
A_MP	1025	534	T	0	0	534	32.7191011235955
A_MP	1026	529	A	0	0	529	32.2230623818526
A_MP	1027	527	C	0	0	527	32.4459203036053
