Reference_Name	Position	Coverage Depth	Consensus	Deletions	Ambiguous	Consensus_Count	Consensus_Average_Quality
A_NA_N8	1	14	G	0	0	14	36.1428571428571
A_NA_N8	2	14	G	0	0	14	35.5714285714286
A_NA_N8	3	37	A	0	0	37	32.4054054054054
A_NA_N8	4	49	G	0	0	49	33
A_NA_N8	5	49	T	0	0	49	32.5918367346939
A_NA_N8	6	49	T	0	0	49	33.4285714285714
A_NA_N8	7	49	T	0	0	49	34.1428571428571
A_NA_N8	8	49	A	0	0	49	36.0204081632653
A_NA_N8	9	49	A	0	0	49	37.2244897959184
A_NA_N8	10	50	A	0	0	50	36.76
A_NA_N8	11	50	A	0	0	50	36.64
A_NA_N8	12	50	T	0	0	50	36.7
A_NA_N8	13	50	G	0	0	50	37.24
A_NA_N8	14	50	A	0	0	50	36.66
A_NA_N8	15	51	A	0	0	51	36.7058823529412
A_NA_N8	16	51	T	0	0	51	37.5882352941176
A_NA_N8	17	51	C	0	0	50	37.22
A_NA_N8	18	51	C	0	0	51	37.2549019607843
A_NA_N8	19	51	A	0	0	51	36.3921568627451
A_NA_N8	20	52	A	0	0	52	37.2884615384615
A_NA_N8	21	52	A	0	0	52	36.2307692307692
A_NA_N8	22	54	T	0	0	54	36.6111111111111
A_NA_N8	23	56	C	0	0	56	37.0178571428571
A_NA_N8	24	56	A	0	0	56	36.8571428571429
A_NA_N8	25	56	A	0	0	56	36.9285714285714
A_NA_N8	26	56	A	0	0	56	37.6785714285714
A_NA_N8	27	56	A	0	0	56	36.8392857142857
A_NA_N8	28	57	A	0	0	57	36.9649122807018
A_NA_N8	29	64	A	0	0	63	36.7619047619048
A_NA_N8	30	65	T	0	0	65	37.4461538461538
A_NA_N8	31	65	A	0	0	64	37.578125
A_NA_N8	32	65	A	0	0	65	37.5846153846154
A_NA_N8	33	65	T	0	0	65	37.6615384615385
A_NA_N8	34	65	A	0	0	65	37.9384615384615
A_NA_N8	35	65	A	0	0	65	37.9384615384615
A_NA_N8	36	77	C	0	0	77	37.0519480519481
A_NA_N8	37	77	C	0	0	77	37.3376623376623
A_NA_N8	38	78	A	0	0	78	36.9358974358974
A_NA_N8	39	78	T	0	0	78	37.2692307692308
A_NA_N8	40	78	T	0	0	78	36.7820512820513
A_NA_N8	41	87	G	0	0	87	36.7816091954023
A_NA_N8	42	90	G	0	0	90	35.9
A_NA_N8	43	98	G	0	0	98	34.8571428571429
A_NA_N8	44	98	T	0	0	98	35.3775510204082
A_NA_N8	45	98	C	0	0	97	36.4123711340206
A_NA_N8	46	98	C	0	0	98	35.4081632653061
A_NA_N8	47	111	A	0	0	111	36.9279279279279
A_NA_N8	48	113	T	0	0	112	36.8660714285714
A_NA_N8	49	117	A	0	0	117	36.7863247863248
A_NA_N8	50	121	T	0	0	121	36.8760330578512
A_NA_N8	51	122	C	0	0	122	36.6147540983607
A_NA_N8	52	122	A	0	0	122	37.3852459016393
A_NA_N8	53	122	T	0	0	122	37.3852459016393
A_NA_N8	54	122	T	0	0	122	37.4262295081967
A_NA_N8	55	130	G	0	0	130	36.9076923076923
A_NA_N8	56	135	G	0	0	135	35.7703703703704
A_NA_N8	57	139	G	0	0	139	34.8201438848921
A_NA_N8	58	139	T	0	0	139	35.1151079136691
A_NA_N8	59	139	T	0	0	139	35.9712230215827
A_NA_N8	60	145	T	0	0	145	35.9862068965517
A_NA_N8	61	150	G	0	0	150	35.48
A_NA_N8	62	156	G	0	0	156	35.2692307692308
A_NA_N8	63	156	T	0	0	155	35.0387096774194
A_NA_N8	64	157	T	0	0	157	36.1592356687898
A_NA_N8	65	160	G	0	0	160	35.9375
A_NA_N8	66	160	T	0	0	159	35.4465408805031
A_NA_N8	67	162	A	0	0	161	37.0931677018634
A_NA_N8	68	163	C	0	0	162	37.4197530864198
A_NA_N8	69	163	T	0	0	163	37.7177914110429
A_NA_N8	70	170	C	0	0	170	36.9529411764706
A_NA_N8	71	170	A	0	0	170	37.5352941176471
A_NA_N8	72	181	A	0	0	181	36.8618784530387
A_NA_N8	73	181	T	0	0	180	37.6722222222222
A_NA_N8	74	200	G	0	0	200	36.82
A_NA_N8	75	200	T	0	0	199	36.7788944723618
A_NA_N8	76	200	T	0	0	200	37.27
A_NA_N8	77	207	C	0	0	205	36.9121951219512
A_NA_N8	78	207	T	0	0	206	37.4757281553398
A_NA_N8	79	212	A	0	0	212	37.7405660377358
A_NA_N8	80	216	C	0	0	216	37.2453703703704
A_NA_N8	81	217	T	0	0	217	37.1935483870968
A_NA_N8	82	227	G	0	0	227	36.8237885462555
A_NA_N8	83	228	C	0	0	228	36.9166666666667
A_NA_N8	84	229	A	0	0	228	37.3201754385965
A_NA_N8	85	229	T	0	0	229	37.6244541484716
A_NA_N8	86	230	G	0	0	230	37.404347826087
A_NA_N8	87	230	T	0	0	230	36.9434782608696
A_NA_N8	88	232	A	0	0	231	37.1385281385281
A_NA_N8	89	233	G	0	0	233	37.5021459227468
A_NA_N8	90	233	T	0	0	233	37.4034334763949
A_NA_N8	91	237	G	0	0	237	37.1392405063291
A_NA_N8	92	237	A	0	0	236	37.4152542372881
A_NA_N8	93	244	G	0	0	244	37.3401639344262
A_NA_N8	94	245	C	0	0	245	37.2
A_NA_N8	95	246	A	0	0	246	37.3983739837398
A_NA_N8	96	250	T	0	0	250	37.952
A_NA_N8	97	251	C	0	0	251	37.8565737051793
A_NA_N8	98	252	A	0	0	251	37.4780876494024
A_NA_N8	99	256	T	0	0	256	37.7890625
A_NA_N8	100	256	A	0	0	256	37.43359375
A_NA_N8	101	256	G	0	0	256	37.8984375
A_NA_N8	102	257	T	0	0	255	37.4235294117647
A_NA_N8	103	257	G	0	0	257	37.2684824902724
A_NA_N8	104	257	A	0	0	256	37.90625
A_NA_N8	105	261	C	0	0	261	37.6973180076628
A_NA_N8	106	261	A	0	0	261	38.1072796934866
A_NA_N8	107	283	G	0	0	283	37.452296819788
A_NA_N8	108	284	T	0	0	283	36.8445229681979
A_NA_N8	109	284	A	0	0	284	37.5985915492958
A_NA_N8	110	284	T	0	0	284	37.2429577464789
A_NA_N8	111	284	T	0	0	284	37.4049295774648
A_NA_N8	112	286	G	0	0	286	37.6118881118881
A_NA_N8	113	287	G	0	0	278	37.5791366906475
A_NA_N8	114	287	T	0	0	286	37.3916083916084
A_NA_N8	115	287	C	0	0	286	37.6503496503497
A_NA_N8	116	287	T	0	0	286	38.0524475524476
A_NA_N8	117	287	T	0	0	287	38.1533101045296
A_NA_N8	118	287	G	0	0	287	38.0348432055749
A_NA_N8	119	287	G	0	0	287	38.0766550522648
A_NA_N8	120	287	G	0	0	286	37.3426573426573
A_NA_N8	121	287	A	0	0	286	37.006993006993
A_NA_N8	122	286	A	0	0	286	37.6538461538462
A_NA_N8	123	286	A	0	0	286	37.4685314685315
A_NA_N8	124	287	A	0	0	286	37.5804195804196
A_NA_N8	125	289	G	0	0	289	37.8858131487889
A_NA_N8	126	289	A	0	0	287	36.8745644599303
A_NA_N8	127	289	T	0	0	289	37.9896193771626
A_NA_N8	128	289	G	0	0	289	38.121107266436
A_NA_N8	129	290	G	0	0	290	37.5172413793103
A_NA_N8	130	290	A	0	0	290	37.7689655172414
A_NA_N8	131	290	A	0	0	290	37.851724137931
A_NA_N8	132	290	A	0	0	290	38.1
A_NA_N8	133	290	C	0	0	290	37.8965517241379
A_NA_N8	134	289	A	0	0	289	38.2110726643599
A_NA_N8	135	289	A	0	0	288	37.7708333333333
A_NA_N8	136	289	C	0	0	289	38.1730103806228
A_NA_N8	137	289	A	0	0	289	38.2975778546713
A_NA_N8	138	289	A	0	0	289	38.2629757785467
A_NA_N8	139	289	G	0	0	289	37.3425605536332
A_NA_N8	140	289	A	0	0	287	37.7630662020906
A_NA_N8	141	286	C	0	0	286	37.7412587412587
A_NA_N8	142	285	C	0	0	284	37.3732394366197
A_NA_N8	143	285	T	0	0	285	37.7824561403509
A_NA_N8	144	285	G	0	0	285	37.7859649122807
A_NA_N8	145	285	C	0	0	285	37.7508771929825
A_NA_N8	146	285	A	0	0	284	38.0985915492958
A_NA_N8	147	284	A	0	0	284	38.0352112676056
A_NA_N8	148	283	C	0	0	282	37.8687943262411
A_NA_N8	149	283	G	0	0	283	37.0459363957597
A_NA_N8	150	283	G	0	0	283	36.6961130742049
A_NA_N8	151	283	A	0	0	282	36.7553191489362
A_NA_N8	152	282	A	0	0	282	37.1631205673759
A_NA_N8	153	268	C	0	0	268	36.4514925373134
A_NA_N8	154	268	A	0	0	268	37.6417910447761
A_NA_N8	155	261	A	0	0	261	37.2988505747126
A_NA_N8	156	261	T	0	0	261	37.8390804597701
A_NA_N8	157	261	A	0	0	260	37.6807692307692
A_NA_N8	158	261	G	0	0	261	37.3486590038314
A_NA_N8	159	259	T	0	0	258	36.5736434108527
A_NA_N8	160	429	A	0	0	429	36.8671328671329
A_NA_N8	161	431	C	0	0	431	37.0626450116009
A_NA_N8	162	433	A	0	0	433	36.4642032332563
A_NA_N8	163	433	C	0	0	433	36.3533487297921
A_NA_N8	164	433	T	0	0	433	37.1685912240185
A_NA_N8	165	436	A	0	0	436	37.4403669724771
A_NA_N8	166	436	A	0	0	436	37.4403669724771
A_NA_N8	167	436	T	0	0	435	37.7241379310345
A_NA_N8	168	437	G	0	0	436	37.5252293577982
A_NA_N8	169	437	T	0	0	435	36.4229885057471
A_NA_N8	170	454	G	0	0	454	37.0859030837004
A_NA_N8	171	460	A	0	0	459	36.9150326797386
A_NA_N8	172	460	T	0	0	460	37.45
A_NA_N8	173	460	C	0	0	460	37.6913043478261
A_NA_N8	174	461	G	0	0	442	37.1877828054299
A_NA_N8	175	475	A	0	0	475	36.7663157894737
A_NA_N8	176	475	A	0	0	475	37.6147368421053
A_NA_N8	177	475	T	0	0	474	37.5696202531646
A_NA_N8	178	476	A	0	0	476	37.1533613445378
A_NA_N8	179	476	T	0	0	475	37.6884210526316
A_NA_N8	180	483	G	0	0	482	37.5767634854772
A_NA_N8	181	483	T	0	0	480	37.0583333333333
A_NA_N8	182	486	G	0	0	486	37.5658436213992
A_NA_N8	183	488	C	0	0	487	36.8562628336756
A_NA_N8	184	489	C	0	0	488	37.1352459016393
A_NA_N8	185	499	A	0	0	498	37.5502008032129
A_NA_N8	186	499	T	0	0	498	37.5321285140562
A_NA_N8	187	504	A	0	0	504	37.5753968253968
A_NA_N8	188	506	C	0	0	506	37.4367588932806
A_NA_N8	189	506	T	0	0	506	37.695652173913
A_NA_N8	190	509	G	0	0	509	37.7583497053045
A_NA_N8	191	511	G	0	0	511	37.5636007827789
A_NA_N8	192	510	A	0	0	509	37.1100196463654
A_NA_N8	193	510	A	0	0	508	37.6496062992126
A_NA_N8	194	502	T	0	0	501	37.6147704590818
A_NA_N8	195	504	G	0	0	504	37.5376984126984
A_NA_N8	196	504	A	0	0	504	37.6329365079365
A_NA_N8	197	503	A	0	0	502	37.3725099601594
A_NA_N8	198	504	G	0	0	504	37.1944444444444
A_NA_N8	199	502	G	0	0	500	37.4
A_NA_N8	200	501	C	0	0	500	36.996
A_NA_N8	201	501	A	0	0	498	37.6847389558233
A_NA_N8	202	526	C	0	0	526	37.3745247148289
A_NA_N8	203	527	T	0	0	526	37.5
A_NA_N8	204	537	T	0	0	537	37.4469273743017
A_NA_N8	205	536	A	0	0	536	37.7388059701493
A_NA_N8	206	535	C	0	0	535	37.5738317757009
A_NA_N8	207	536	A	0	0	536	37.9832089552239
A_NA_N8	208	524	T	1	0	523	38.0726577437859
A_NA_N8	209	537	G	0	0	536	37.4216417910448
A_NA_N8	210	540	A	0	0	540	37.7
A_NA_N8	211	540	A	0	0	539	37.4712430426716
A_NA_N8	212	540	T	0	0	540	37.387037037037
A_NA_N8	213	537	A	0	0	537	37.927374301676
A_NA_N8	214	550	A	0	0	549	37.8178506375228
A_NA_N8	215	554	C	0	0	553	37.7631103074141
A_NA_N8	216	554	A	0	0	552	37.7445652173913
A_NA_N8	217	555	C	0	0	553	37.5461121157324
A_NA_N8	218	553	A	0	0	552	37.588768115942
A_NA_N8	219	556	G	0	0	555	37.4432432432432
A_NA_N8	220	560	A	0	0	559	37.6314847942755
A_NA_N8	221	560	A	0	0	559	37.6940966010733
A_NA_N8	222	564	G	0	0	562	37.2686832740213
A_NA_N8	223	562	C	0	0	559	37.4078711985689
A_NA_N8	224	563	G	0	0	563	36.7566607460036
A_NA_N8	225	564	A	0	0	563	36.3374777975133
A_NA_N8	226	564	T	0	0	564	37.2695035460993
A_NA_N8	227	574	A	0	0	574	36.9024390243902
A_NA_N8	228	574	T	0	0	574	37.1045296167247
A_NA_N8	229	582	G	0	0	581	37.6626506024096
A_NA_N8	230	584	T	0	0	580	36.6362068965517
A_NA_N8	231	585	G	0	0	585	36.9555555555556
A_NA_N8	232	586	A	0	0	586	37.1672354948805
A_NA_N8	233	588	T	0	0	588	37.3605442176871
A_NA_N8	234	592	G	0	0	592	37.7398648648649
A_NA_N8	235	590	T	0	0	588	37.3061224489796
A_NA_N8	236	587	A	0	0	587	37.618398637138
A_NA_N8	237	587	A	0	0	585	37.5111111111111
A_NA_N8	238	587	G	0	0	587	37.4633730834753
A_NA_N8	239	592	G	0	0	591	36.7749576988156
A_NA_N8	240	583	G	0	0	582	36.4003436426117
A_NA_N8	241	572	G	0	0	572	36.1625874125874
A_NA_N8	242	504	C	0	0	504	36.656746031746
A_NA_N8	243	504	T	0	0	502	36.695219123506
A_NA_N8	244	509	T	0	0	508	37.2165354330709
A_NA_N8	245	510	T	0	0	508	37.507874015748
A_NA_N8	246	510	G	0	0	510	37.5313725490196
A_NA_N8	247	513	C	0	0	511	37.6594911937378
A_NA_N8	248	512	T	0	0	511	37.7651663405088
A_NA_N8	249	516	C	0	0	514	37.3871595330739
A_NA_N8	250	511	C	0	0	511	37.2035225048924
A_NA_N8	251	515	T	0	0	514	37.8852140077821
A_NA_N8	252	516	T	0	0	516	37.906976744186
A_NA_N8	253	512	T	0	0	510	38.0882352941176
A_NA_N8	254	512	T	0	0	510	37.9392156862745
A_NA_N8	255	515	T	0	0	515	38.0815533980583
A_NA_N8	256	514	C	0	0	512	37.375
A_NA_N8	257	527	C	0	0	527	37.7609108159393
A_NA_N8	258	525	A	0	0	525	38.1866666666667
A_NA_N8	259	525	A	0	0	525	37.6780952380952
A_NA_N8	260	526	A	0	0	526	38.1197718631179
A_NA_N8	261	528	G	0	0	528	37.8655303030303
A_NA_N8	262	532	A	0	0	531	37.9830508474576
A_NA_N8	263	534	C	0	0	533	37.8686679174484
A_NA_N8	264	534	A	0	0	534	38.0861423220974
A_NA_N8	265	535	A	0	0	533	37.8405253283302
A_NA_N8	266	535	T	0	0	534	37.814606741573
A_NA_N8	267	538	G	0	0	538	37.9014869888476
A_NA_N8	268	544	G	0	0	543	37.6961325966851
A_NA_N8	269	540	A	0	0	539	37.8979591836735
A_NA_N8	270	541	A	0	0	540	37.9759259259259
A_NA_N8	271	545	T	0	0	544	37.8970588235294
A_NA_N8	272	545	A	0	0	544	37.9944852941176
A_NA_N8	273	545	A	0	0	544	37.8051470588235
A_NA_N8	274	561	G	0	0	561	37.9162210338681
A_NA_N8	275	563	A	0	0	562	37.7259786476868
A_NA_N8	276	560	A	0	0	560	37.525
A_NA_N8	277	554	T	0	0	553	37.7649186256781
A_NA_N8	278	549	T	0	0	548	37.6459854014599
A_NA_N8	279	546	G	0	0	546	37.6575091575092
A_NA_N8	280	548	G	0	0	548	37.5182481751825
A_NA_N8	281	548	T	0	0	546	37.2326007326007
A_NA_N8	282	548	T	0	0	546	37.1190476190476
A_NA_N8	283	550	C	0	0	550	37.1945454545455
A_NA_N8	284	550	C	0	0	548	37.9908759124088
A_NA_N8	285	550	A	0	0	549	37.6484517304189
A_NA_N8	286	550	G	0	0	550	37.72
A_NA_N8	287	551	A	0	0	551	37.480943738657
A_NA_N8	288	558	G	0	0	558	37.589605734767
A_NA_N8	289	550	G	0	0	550	36.7090909090909
A_NA_N8	290	551	G	0	0	551	36.475499092559
A_NA_N8	291	554	C	0	0	554	36.7472924187726
A_NA_N8	292	554	A	0	0	553	37.3128390596745
A_NA_N8	293	556	T	0	0	556	37.7877697841727
A_NA_N8	294	559	G	0	0	559	37.7674418604651
A_NA_N8	295	563	T	0	0	563	37.7779751332149
A_NA_N8	296	565	C	0	0	565	37.4849557522124
A_NA_N8	297	564	T	0	0	564	37.8120567375887
A_NA_N8	298	572	T	0	0	572	37.6555944055944
A_NA_N8	299	573	T	0	0	573	37.6631762652705
A_NA_N8	300	599	G	0	0	598	37.6070234113712
A_NA_N8	301	613	T	0	0	612	37.437908496732
A_NA_N8	302	609	T	0	0	609	37.64039408867
A_NA_N8	303	603	A	0	0	603	37.4129353233831
A_NA_N8	304	600	T	0	0	600	37.585
A_NA_N8	305	586	A	0	0	586	37.7832764505119
A_NA_N8	306	553	A	0	0	553	37.4032549728752
A_NA_N8	307	553	G	0	0	552	37.1195652173913
A_NA_N8	308	551	G	0	0	551	36.513611615245
A_NA_N8	309	550	G	0	0	550	36.46
A_NA_N8	310	517	A	0	0	514	36.5194552529183
A_NA_N8	311	499	G	0	0	499	35.7394789579158
A_NA_N8	312	513	C	0	0	512	35.373046875
A_NA_N8	313	513	C	0	0	511	36.0430528375734
A_NA_N8	314	513	C	0	0	513	36.3820662768031
A_NA_N8	315	515	T	0	0	514	37.0933852140078
A_NA_N8	316	527	T	0	0	527	37.2390891840607
A_NA_N8	317	526	T	0	0	526	37.1749049429658
A_NA_N8	318	528	G	0	0	527	37.5123339658444
A_NA_N8	319	527	T	0	0	526	37.4543726235741
A_NA_N8	320	521	C	0	0	519	37.1387283236994
A_NA_N8	321	517	T	0	0	517	37.2591876208897
A_NA_N8	322	513	C	0	0	513	37.4035087719298
A_NA_N8	323	510	T	1	0	509	37.7249508840864
A_NA_N8	324	511	T	0	0	511	37.7847358121331
A_NA_N8	325	511	G	0	0	510	37.6176470588235
A_NA_N8	326	504	T	0	0	504	37.5694444444444
A_NA_N8	327	503	T	0	0	502	37.3685258964143
A_NA_N8	328	505	C	0	0	503	37.272365805169
A_NA_N8	329	504	G	0	0	504	36.7876984126984
A_NA_N8	330	512	C	0	0	512	36.55859375
A_NA_N8	331	514	C	0	0	514	36.4513618677043
A_NA_N8	332	512	C	0	0	512	36.90625
A_NA_N8	333	513	A	0	0	512	37.291015625
A_NA_N8	334	512	T	0	0	511	37.7729941291585
A_NA_N8	335	511	G	0	0	510	37.7352941176471
A_NA_N8	336	505	G	0	0	504	37.7460317460317
A_NA_N8	337	504	A	0	0	503	37.5367793240557
A_NA_N8	338	508	A	0	0	508	37.6181102362205
A_NA_N8	339	504	T	0	0	504	37.6527777777778
A_NA_N8	340	505	G	0	0	505	37.6950495049505
A_NA_N8	341	504	C	0	0	500	37.608
A_NA_N8	342	503	A	0	0	503	37.5825049701789
A_NA_N8	343	503	G	0	0	502	37.593625498008
A_NA_N8	344	503	A	0	0	502	37.2250996015936
A_NA_N8	345	504	A	0	0	503	37.7037773359841
A_NA_N8	346	503	C	0	0	503	37.3836978131213
A_NA_N8	347	500	T	0	0	500	37.658
A_NA_N8	348	503	T	0	0	503	37.8250497017893
A_NA_N8	349	512	T	0	0	511	37.8962818003914
A_NA_N8	350	511	C	0	0	511	37.3776908023483
A_NA_N8	351	511	T	0	0	511	37.7553816046967
A_NA_N8	352	512	T	0	0	512	37.228515625
A_NA_N8	353	506	C	0	0	505	37.2435643564356
A_NA_N8	354	498	C	0	0	498	37.6024096385542
A_NA_N8	355	496	T	0	0	495	37.5313131313131
A_NA_N8	356	498	C	0	0	498	37.7228915662651
A_NA_N8	357	503	A	0	0	503	37.2445328031809
A_NA_N8	358	507	C	0	0	506	37.4446640316206
A_NA_N8	359	505	T	0	0	505	37.3405940594059
A_NA_N8	360	504	C	0	0	504	37.8809523809524
A_NA_N8	361	503	A	0	0	503	37.6401590457256
A_NA_N8	362	503	A	0	0	503	37.3359840954274
A_NA_N8	363	505	G	0	0	504	36.9186507936508
A_NA_N8	364	510	G	0	0	509	36.9646365422397
A_NA_N8	365	505	G	0	0	480	36.4520833333333
A_NA_N8	366	500	T	0	0	498	36.7510040160643
A_NA_N8	367	496	C	0	0	495	36.9454545454545
A_NA_N8	368	486	T	0	0	486	37.6460905349794
A_NA_N8	369	487	T	0	0	487	38.047227926078
A_NA_N8	370	485	T	0	0	485	37.940206185567
A_NA_N8	371	488	G	0	0	488	37.655737704918
A_NA_N8	372	488	C	0	0	488	37.8504098360656
A_NA_N8	373	482	T	0	0	482	38.0414937759336
A_NA_N8	374	480	T	0	0	480	37.9166666666667
A_NA_N8	375	478	A	0	0	478	37.9811715481172
A_NA_N8	376	482	A	0	0	482	37.6120331950208
A_NA_N8	377	482	T	0	0	482	37.5954356846473
A_NA_N8	378	483	G	0	0	483	37.4554865424431
A_NA_N8	379	484	A	0	0	483	37.5175983436853
A_NA_N8	380	481	C	0	0	481	37.5717255717256
A_NA_N8	381	478	A	0	0	478	37.6861924686192
A_NA_N8	382	476	A	0	0	476	37.6428571428571
A_NA_N8	383	476	A	0	0	474	37.3755274261603
A_NA_N8	384	475	C	0	0	475	37.4736842105263
A_NA_N8	385	471	A	0	0	471	37.0127388535032
A_NA_N8	386	488	C	0	0	488	37.6434426229508
A_NA_N8	387	484	T	0	0	483	37.3271221532091
A_NA_N8	388	486	C	0	0	486	37.8230452674897
A_NA_N8	389	485	T	0	0	484	37.7252066115703
A_NA_N8	390	485	A	0	0	485	37.6577319587629
A_NA_N8	391	485	A	0	0	484	37.3181818181818
A_NA_N8	392	481	T	0	0	480	37.74375
A_NA_N8	393	478	G	0	0	477	37.5408805031447
A_NA_N8	394	492	G	0	0	491	36.7718940936864
A_NA_N8	395	481	G	0	0	480	36.88125
A_NA_N8	396	480	A	0	0	480	37.15
A_NA_N8	397	479	C	0	0	478	37.4351464435146
A_NA_N8	398	478	A	0	0	478	36.9351464435146
A_NA_N8	399	518	G	0	0	518	36.8590733590734
A_NA_N8	400	515	T	0	0	515	36.968932038835
A_NA_N8	401	512	A	1	0	512	37.25
A_NA_N8	402	509	A	0	0	509	37.1944990176817
A_NA_N8	403	508	A	0	0	507	37.232741617357
A_NA_N8	404	529	G	0	0	529	37.2533081285444
A_NA_N8	405	537	G	0	0	536	36.7891791044776
A_NA_N8	406	536	A	0	0	536	36.8955223880597
A_NA_N8	407	537	T	0	0	536	36.8507462686567
A_NA_N8	408	506	A	0	0	506	37.2845849802372
A_NA_N8	409	509	G	0	0	509	36.6856581532416
A_NA_N8	410	538	G	0	0	537	36.6368715083799
A_NA_N8	411	530	A	0	0	530	36.7037735849057
A_NA_N8	412	530	G	0	0	530	36.5415094339623
A_NA_N8	413	525	C	0	0	523	36.8891013384321
A_NA_N8	414	527	C	0	0	527	36.4781783681214
A_NA_N8	415	533	C	0	0	533	36.7636022514071
A_NA_N8	416	550	A	0	0	550	36.7981818181818
A_NA_N8	417	554	T	0	0	553	37.1428571428571
A_NA_N8	418	553	T	0	0	552	37.536231884058
A_NA_N8	419	552	T	0	0	552	37.6394927536232
A_NA_N8	420	551	A	0	0	549	37.5865209471767
A_NA_N8	421	555	G	0	0	555	37.418018018018
A_NA_N8	422	554	G	0	0	553	37.0433996383363
A_NA_N8	423	559	A	0	0	558	37.326164874552
A_NA_N8	424	545	C	0	0	545	36.9816513761468
A_NA_N8	425	544	T	0	0	544	36.7647058823529
A_NA_N8	426	555	C	0	0	555	37.4918918918919
A_NA_N8	427	555	T	0	0	554	37.0884476534296
A_NA_N8	428	561	C	0	0	561	37.9019607843137
A_NA_N8	429	561	A	0	0	560	37.5678571428571
A_NA_N8	430	562	T	0	0	562	37.6103202846975
A_NA_N8	431	562	G	0	0	562	37.6565836298932
A_NA_N8	432	563	A	0	0	561	37.2210338680927
A_NA_N8	433	622	G	0	0	620	36.7161290322581
A_NA_N8	434	616	T	0	0	615	36.3609756097561
A_NA_N8	435	615	G	0	0	615	36.1772357723577
A_NA_N8	436	616	T	0	0	615	36.5170731707317
A_NA_N8	437	614	C	0	0	614	36.6954397394137
A_NA_N8	438	615	G	0	0	615	36.539837398374
A_NA_N8	439	612	A	0	0	611	36.2995090016367
A_NA_N8	440	611	G	0	0	611	36.3715220949263
A_NA_N8	441	611	G	0	0	611	36.1554828150573
A_NA_N8	442	604	T	0	0	599	34.8297161936561
A_NA_N8	443	603	G	0	0	603	36.3598673300166
A_NA_N8	444	601	G	0	0	600	36.195
A_NA_N8	445	600	G	0	0	600	36.1583333333333
A_NA_N8	446	601	T	0	0	598	36.5585284280936
A_NA_N8	447	598	C	0	0	598	37.2876254180602
A_NA_N8	448	598	A	0	0	598	37.566889632107
A_NA_N8	449	600	G	0	0	600	37.1466666666667
A_NA_N8	450	600	T	0	0	599	36.5141903171953
A_NA_N8	451	592	C	0	0	590	36.635593220339
A_NA_N8	452	594	T	0	0	592	36.8902027027027
A_NA_N8	453	600	C	0	0	600	37.1733333333333
A_NA_N8	454	600	C	0	0	600	37.2633333333333
A_NA_N8	455	606	C	0	0	606	37.5924092409241
A_NA_N8	456	606	A	0	0	606	37.7491749174918
A_NA_N8	457	612	A	0	0	611	37.5220949263502
A_NA_N8	458	613	T	0	0	613	37.5415986949429
A_NA_N8	459	613	G	0	0	613	37.536704730832
A_NA_N8	460	607	C	0	0	607	37.3904448105437
A_NA_N8	461	603	A	0	0	603	37.8142620232172
A_NA_N8	462	601	T	0	0	599	37.3973288814691
A_NA_N8	463	601	A	0	0	600	37.0433333333333
A_NA_N8	464	598	C	0	0	598	37.1003344481605
A_NA_N8	465	595	C	0	0	595	36.9243697478992
A_NA_N8	466	588	A	0	0	588	37.9234693877551
A_NA_N8	467	581	A	0	0	580	37.6293103448276
A_NA_N8	468	581	G	0	0	581	36.7728055077453
A_NA_N8	469	583	C	0	0	583	36.7650085763293
A_NA_N8	470	581	C	0	0	581	37.1153184165232
A_NA_N8	471	574	A	0	0	574	37.5627177700348
A_NA_N8	472	576	G	0	0	576	37.7065972222222
A_NA_N8	473	581	A	0	0	581	37.197934595525
A_NA_N8	474	593	T	0	0	592	37.5793918918919
A_NA_N8	475	593	T	0	0	593	37.6677908937605
A_NA_N8	476	597	T	0	0	597	37.8157453936348
A_NA_N8	477	597	G	0	0	596	37.25
A_NA_N8	478	598	A	0	0	598	37.0250836120401
A_NA_N8	479	596	A	0	0	596	37.1963087248322
A_NA_N8	480	596	G	0	0	595	37.1008403361345
A_NA_N8	481	596	C	0	0	596	36.8640939597315
A_NA_N8	482	594	C	0	0	594	37.1212121212121
A_NA_N8	483	598	G	0	0	598	36.6672240802676
A_NA_N8	484	599	T	0	0	598	36.5819397993311
A_NA_N8	485	600	C	0	0	599	36.5943238731219
A_NA_N8	486	600	G	0	0	600	37.1
A_NA_N8	487	604	C	0	0	604	37.2384105960265
A_NA_N8	488	606	A	0	0	603	37.2371475953566
A_NA_N8	489	603	T	0	0	602	37.0514950166113
A_NA_N8	490	602	G	0	0	602	37.2441860465116
A_NA_N8	491	621	G	0	0	620	37.5
A_NA_N8	492	621	T	0	0	619	37.5718901453958
A_NA_N8	493	623	C	0	0	622	37.620578778135
A_NA_N8	494	623	A	0	0	622	37.5932475884244
A_NA_N8	495	630	G	0	0	630	37.1190476190476
A_NA_N8	496	636	C	0	0	636	37.4449685534591
A_NA_N8	497	636	A	0	0	636	37.6194968553459
A_NA_N8	498	637	A	0	0	637	37.6248037676609
A_NA_N8	499	637	C	0	0	635	37.688188976378
A_NA_N8	500	615	A	0	0	614	37.8273615635179
A_NA_N8	501	618	G	0	0	618	36.995145631068
A_NA_N8	502	629	C	0	0	629	36.8855325914149
A_NA_N8	503	626	C	0	0	625	36.8784
A_NA_N8	504	613	T	0	0	613	37.652528548124
A_NA_N8	505	612	G	0	0	612	37.8839869281046
A_NA_N8	506	611	C	0	0	611	37.6792144026187
A_NA_N8	507	609	C	0	0	609	38.1149425287356
A_NA_N8	508	609	A	0	0	609	38.1165845648604
A_NA_N8	509	601	T	0	0	601	37.9134775374376
A_NA_N8	510	600	G	0	0	600	38.065
A_NA_N8	511	601	A	0	0	601	37.4725457570716
A_NA_N8	512	603	T	0	0	602	37.8970099667774
A_NA_N8	513	607	G	0	0	607	37.998352553542
A_NA_N8	514	608	G	0	0	608	37.9128289473684
A_NA_N8	515	605	A	1	0	604	37.2235099337748
A_NA_N8	516	604	A	0	0	604	37.6026490066225
A_NA_N8	517	603	A	0	0	603	38.0182421227197
A_NA_N8	518	603	A	0	0	603	38
A_NA_N8	519	605	A	0	0	605	37.8809917355372
A_NA_N8	520	603	A	0	0	603	37.2985074626866
A_NA_N8	521	603	G	0	0	603	37.3233830845771
A_NA_N8	522	600	T	0	0	590	36.2305084745763
A_NA_N8	523	602	G	0	0	602	37.4019933554817
A_NA_N8	524	604	G	0	0	604	37.7400662251656
A_NA_N8	525	605	A	0	0	605	37.2198347107438
A_NA_N8	526	612	T	0	0	612	37.7254901960784
A_NA_N8	527	609	G	0	0	609	37.9704433497537
A_NA_N8	528	609	A	0	0	608	37.7039473684211
A_NA_N8	529	611	C	0	0	611	37.9148936170213
A_NA_N8	530	608	A	0	0	608	37.78125
A_NA_N8	531	605	G	0	0	604	37.3658940397351
A_NA_N8	532	620	T	0	0	620	37.6032258064516
A_NA_N8	533	627	T	0	0	627	37.585326953748
A_NA_N8	534	627	G	0	0	627	37.5885167464115
A_NA_N8	535	632	G	0	0	632	37.7642405063291
A_NA_N8	536	630	T	0	0	629	36.3275039745628
A_NA_N8	537	621	G	0	0	621	37.4460547504026
A_NA_N8	538	621	T	0	0	619	36.983844911147
A_NA_N8	539	621	A	0	0	620	37.6838709677419
A_NA_N8	540	621	A	0	0	620	37.7548387096774
A_NA_N8	541	621	C	0	0	621	37.6940418679549
A_NA_N8	542	617	A	0	0	616	37.9155844155844
A_NA_N8	543	630	G	0	0	629	37.248012718601
A_NA_N8	544	625	G	0	0	624	36.4599358974359
A_NA_N8	545	620	G	0	0	619	36.7544426494346
A_NA_N8	546	620	C	0	0	619	36.2423263327948
A_NA_N8	547	605	C	0	0	604	37.0860927152318
A_NA_N8	548	601	T	0	0	600	37.2916666666667
A_NA_N8	549	602	G	0	0	601	37.6738768718802
A_NA_N8	550	605	A	0	0	604	37.658940397351
A_NA_N8	551	614	T	0	0	614	37.7899022801303
A_NA_N8	552	623	T	0	0	623	37.5794542536116
A_NA_N8	553	622	C	0	0	620	37.3387096774194
A_NA_N8	554	605	C	0	0	604	37.5612582781457
A_NA_N8	555	605	A	0	0	603	37.4610281923715
A_NA_N8	556	601	A	0	0	600	37.39
A_NA_N8	557	603	A	0	0	600	37.4716666666667
A_NA_N8	558	605	G	0	0	604	37.1986754966887
A_NA_N8	559	606	C	0	0	605	37.2297520661157
A_NA_N8	560	553	A	0	0	552	37.8007246376812
A_NA_N8	561	553	G	0	0	550	37.6581818181818
A_NA_N8	562	552	T	0	0	551	37.0417422867514
A_NA_N8	563	551	A	0	0	550	37.6218181818182
A_NA_N8	564	552	G	0	0	551	37.7186932849365
A_NA_N8	565	559	C	0	0	559	37.6940966010733
A_NA_N8	566	558	A	0	0	557	37.721723518851
A_NA_N8	567	548	G	0	0	547	37.7842778793419
A_NA_N8	568	589	T	0	0	589	37.1799660441426
A_NA_N8	569	590	A	0	0	590	37.6559322033898
A_NA_N8	570	594	A	0	0	594	37.962962962963
A_NA_N8	571	594	T	0	0	594	37.1447811447811
A_NA_N8	572	608	T	0	0	608	37.5838815789474
A_NA_N8	573	623	C	0	0	622	37.564308681672
A_NA_N8	574	615	A	0	0	615	37.7089430894309
A_NA_N8	575	627	T	0	0	627	37.8708133971292
A_NA_N8	576	615	T	0	0	615	37.7642276422764
A_NA_N8	577	629	A	0	0	627	37.3062200956938
A_NA_N8	578	625	T	0	0	624	36.9230769230769
A_NA_N8	579	620	G	0	0	620	36.9370967741935
A_NA_N8	580	622	G	0	0	620	36.8467741935484
A_NA_N8	581	618	G	0	0	618	36.7928802588997
A_NA_N8	582	612	G	0	0	611	36.8166939443535
A_NA_N8	583	613	G	0	0	613	37.089722675367
A_NA_N8	584	574	A	0	0	569	37.0949033391916
A_NA_N8	585	580	G	0	0	580	37.3327586206897
A_NA_N8	586	576	T	0	0	576	36.4739583333333
A_NA_N8	587	581	G	0	0	581	36.9931153184165
A_NA_N8	588	581	C	0	0	580	36.9724137931034
A_NA_N8	589	584	C	0	0	582	36.9690721649485
A_NA_N8	590	585	T	0	0	584	37.3441780821918
A_NA_N8	591	584	A	0	0	583	37.4648370497427
A_NA_N8	592	588	C	0	0	587	36.8313458262351
A_NA_N8	593	583	T	0	0	583	36.8284734133791
A_NA_N8	594	586	G	0	0	586	36.8959044368601
A_NA_N8	595	584	A	0	0	584	36.7722602739726
A_NA_N8	596	580	C	0	0	580	36.4672413793103
A_NA_N8	597	578	G	0	0	578	36.9930795847751
A_NA_N8	598	586	C	0	0	585	36.6
A_NA_N8	599	584	C	0	0	584	36.7020547945205
A_NA_N8	600	591	A	0	0	590	37.0406779661017
A_NA_N8	601	591	T	0	0	582	37.3676975945017
A_NA_N8	602	585	C	0	0	585	37.808547008547
A_NA_N8	603	585	A	0	0	585	37.8393162393162
A_NA_N8	604	581	A	0	0	581	37.2444061962134
A_NA_N8	605	588	C	0	0	588	36.8996598639456
A_NA_N8	606	589	T	0	0	588	37.2891156462585
A_NA_N8	607	589	C	0	0	589	36.8353140916808
A_NA_N8	608	588	C	0	0	588	37.2738095238095
A_NA_N8	609	581	T	0	0	579	37.5613126079447
A_NA_N8	610	586	G	0	0	575	37.5686956521739
A_NA_N8	611	589	G	0	0	589	37.2971137521222
A_NA_N8	612	588	G	0	0	588	37.0442176870748
A_NA_N8	613	587	C	0	0	587	37.1073253833049
A_NA_N8	614	569	A	0	0	569	37.5114235500879
A_NA_N8	615	577	G	0	0	576	37.1631944444444
A_NA_N8	616	594	G	0	0	593	37.1939291736931
A_NA_N8	617	595	A	0	0	592	36.1131756756757
A_NA_N8	618	606	G	0	0	606	37.4323432343234
A_NA_N8	619	608	A	0	0	608	37.1940789473684
A_NA_N8	620	608	T	0	0	608	37.6726973684211
A_NA_N8	621	606	A	0	0	605	37.5917355371901
A_NA_N8	622	607	T	0	0	607	37.4876441515651
A_NA_N8	623	614	A	0	0	614	37.5667752442997
A_NA_N8	624	610	T	0	0	610	37.6262295081967
A_NA_N8	625	595	T	0	0	595	37.7058823529412
A_NA_N8	626	595	G	0	0	595	37.4084033613445
A_NA_N8	627	583	A	0	0	582	37.3316151202749
A_NA_N8	628	586	G	0	0	586	37.4556313993174
A_NA_N8	629	588	A	0	0	588	37.2006802721088
A_NA_N8	630	595	A	0	0	591	37.0812182741117
A_NA_N8	631	597	C	0	0	597	37.3601340033501
A_NA_N8	632	584	T	0	0	584	37
A_NA_N8	633	581	C	0	0	581	37.6437177280551
A_NA_N8	634	581	A	0	0	581	37.6592082616179
A_NA_N8	635	585	G	0	0	585	37.5008547008547
A_NA_N8	636	586	G	0	0	586	37.4948805460751
A_NA_N8	637	590	A	0	0	590	37.4559322033898
A_NA_N8	638	606	G	0	0	605	37.0479338842975
A_NA_N8	639	605	T	0	0	603	36.8689883913764
A_NA_N8	640	603	C	0	0	602	36.8305647840532
A_NA_N8	641	613	T	0	0	611	37.1342062193126
A_NA_N8	642	614	T	0	0	611	37.1096563011457
A_NA_N8	643	614	C	0	0	613	37.3752039151713
A_NA_N8	644	610	C	0	0	609	37.4252873563218
A_NA_N8	645	607	T	0	0	606	37.457095709571
A_NA_N8	646	617	G	0	0	616	37.4788961038961
A_NA_N8	647	622	T	0	0	621	37.4057971014493
A_NA_N8	648	625	A	0	0	624	36.8814102564103
A_NA_N8	649	630	C	0	0	629	37.6263910969793
A_NA_N8	650	615	T	0	0	615	37.7105691056911
A_NA_N8	651	618	T	0	0	618	37.9757281553398
A_NA_N8	652	618	G	0	0	617	37.8184764991896
A_NA_N8	653	617	T	0	0	617	37.6985413290113
A_NA_N8	654	617	A	0	0	617	37.8087520259319
A_NA_N8	655	618	T	0	0	618	37.8025889967638
A_NA_N8	656	617	T	0	0	617	37.6677471636953
A_NA_N8	657	620	C	0	0	620	37.491935483871
A_NA_N8	658	623	A	0	0	623	37.776886035313
A_NA_N8	659	629	A	0	0	627	37.7496012759171
A_NA_N8	660	632	G	0	0	632	37.8987341772152
A_NA_N8	661	631	G	0	0	629	37.5739268680445
A_NA_N8	662	623	T	0	0	620	37.0112903225806
A_NA_N8	663	626	G	0	0	626	37.6261980830671
A_NA_N8	664	625	A	0	0	625	37.7296
A_NA_N8	665	628	T	0	0	628	37.8089171974522
A_NA_N8	666	629	T	0	0	629	37.8298887122417
A_NA_N8	667	634	G	0	0	634	37.5883280757098
A_NA_N8	668	651	C	0	0	651	37.1505376344086
A_NA_N8	669	653	T	0	0	653	37.5084226646248
A_NA_N8	670	654	A	0	0	654	37.460244648318
A_NA_N8	671	655	C	0	0	654	36.8792048929664
A_NA_N8	672	651	T	0	0	651	37.5453149001536
A_NA_N8	673	672	G	0	0	671	37.3472429210134
A_NA_N8	674	672	G	0	0	672	37.1235119047619
A_NA_N8	675	676	G	0	0	676	37.0621301775148
A_NA_N8	676	679	T	0	0	677	37.1595273264402
A_NA_N8	677	663	A	0	0	663	37.4283559577677
A_NA_N8	678	663	A	0	0	663	37.4162895927602
A_NA_N8	679	665	T	0	0	664	37.3102409638554
A_NA_N8	680	664	G	0	0	664	37.5331325301205
A_NA_N8	681	663	A	0	0	663	37.3378582202112
A_NA_N8	682	666	C	0	0	666	37.4099099099099
A_NA_N8	683	646	T	0	0	646	37.6006191950464
A_NA_N8	684	644	G	0	0	644	37.6506211180124
A_NA_N8	685	643	A	0	0	643	37.4883359253499
A_NA_N8	686	645	T	0	0	644	36.5760869565217
A_NA_N8	687	645	G	0	0	643	36.4416796267496
A_NA_N8	688	646	G	0	0	644	35.5186335403727
A_NA_N8	689	642	C	0	0	642	35.5763239875389
A_NA_N8	690	640	C	0	0	638	35.5360501567398
A_NA_N8	691	637	C	0	0	634	36.2586750788643
A_NA_N8	692	644	C	0	0	644	36.527950310559
A_NA_N8	693	651	G	0	0	650	37.1692307692308
A_NA_N8	694	673	C	0	0	673	37.1040118870728
A_NA_N8	695	673	T	0	0	673	37.37147102526
A_NA_N8	696	674	A	0	0	674	37.4020771513353
A_NA_N8	697	675	A	0	0	675	37.0948148148148
A_NA_N8	698	673	T	0	0	673	37.7206537890045
A_NA_N8	699	672	A	0	0	672	37.9255952380952
A_NA_N8	700	671	G	0	0	671	37.5722801788376
A_NA_N8	701	674	G	0	0	674	37.040059347181
A_NA_N8	702	674	C	0	0	674	37.186943620178
A_NA_N8	703	664	A	0	0	664	37.1626506024096
A_NA_N8	704	665	G	0	0	663	36.3725490196078
A_NA_N8	705	682	G	0	0	678	36.26401179941
A_NA_N8	706	682	C	0	0	681	36.1409691629956
A_NA_N8	707	682	G	0	0	681	36.8428781204112
A_NA_N8	708	680	C	0	0	678	36.976401179941
A_NA_N8	709	679	A	0	0	679	37.1340206185567
A_NA_N8	710	760	G	0	0	760	36.7368421052632
A_NA_N8	711	767	T	0	0	766	36.2232375979112
A_NA_N8	712	770	A	0	0	770	37.1649350649351
A_NA_N8	713	770	T	0	0	770	37.0155844155844
A_NA_N8	714	771	A	0	0	771	36.8274967574578
A_NA_N8	715	780	G	0	0	780	37.0064102564103
A_NA_N8	716	817	A	0	0	817	37.2631578947368
A_NA_N8	717	816	A	0	0	816	37.4178921568627
A_NA_N8	718	812	T	0	0	812	37.2007389162562
A_NA_N8	719	766	A	0	0	766	37.6919060052219
A_NA_N8	720	765	T	0	0	765	37.4196078431373
A_NA_N8	721	760	A	0	0	760	37.3236842105263
A_NA_N8	722	760	C	0	0	758	37.6147757255937
A_NA_N8	723	732	A	0	0	731	37.8508891928865
A_NA_N8	724	731	A	0	0	729	37.3895747599451
A_NA_N8	725	727	A	0	0	727	37.6740027510316
A_NA_N8	726	722	G	0	0	722	37.4487534626039
A_NA_N8	727	718	C	0	0	718	37.5473537604457
A_NA_N8	728	706	A	0	0	706	37.9645892351275
A_NA_N8	729	719	A	0	0	719	37.7413073713491
A_NA_N8	730	720	A	0	0	719	37.7899860917942
A_NA_N8	731	721	T	0	0	721	37.4798890429958
A_NA_N8	732	721	C	0	0	720	37.8027777777778
A_NA_N8	733	718	A	0	0	716	38.0377094972067
A_NA_N8	734	728	G	0	0	728	37.793956043956
A_NA_N8	735	732	G	0	0	732	37.4863387978142
A_NA_N8	736	731	G	0	0	731	37.2612859097127
A_NA_N8	737	730	C	0	0	730	36.5561643835616
A_NA_N8	738	728	A	0	0	728	37.4148351648352
A_NA_N8	739	741	G	0	0	741	37.2199730094467
A_NA_N8	740	742	A	0	0	742	37.2722371967655
A_NA_N8	741	742	A	0	0	742	37.7493261455526
A_NA_N8	742	751	T	0	0	750	37.9693333333333
A_NA_N8	743	741	A	0	0	741	37.9622132253711
A_NA_N8	744	745	A	0	0	745	37.8442953020134
A_NA_N8	745	744	T	0	0	744	37.7809139784946
A_NA_N8	746	745	T	0	0	744	38.0739247311828
A_NA_N8	747	747	G	0	0	745	37.8657718120805
A_NA_N8	748	740	G	0	0	740	37.7459459459459
A_NA_N8	749	740	T	0	0	738	37.4674796747967
A_NA_N8	750	739	C	0	0	739	37.5412719891746
A_NA_N8	751	740	A	0	0	740	37.7378378378378
A_NA_N8	752	745	A	0	0	745	37.6201342281879
A_NA_N8	753	744	A	0	0	743	37.8290713324361
A_NA_N8	754	745	C	0	0	744	37.8508064516129
A_NA_N8	755	745	A	0	0	745	37.8322147651007
A_NA_N8	756	753	G	0	0	752	38.0385638297872
A_NA_N8	757	759	A	0	0	759	37.8656126482213
A_NA_N8	758	761	T	0	0	761	37.8712220762155
A_NA_N8	759	762	A	0	0	762	38.01312335958
A_NA_N8	760	767	T	0	0	767	37.8435462842243
A_NA_N8	761	761	A	0	0	761	38.0525624178712
A_NA_N8	762	762	A	0	0	762	37.9225721784777
A_NA_N8	763	760	A	0	0	760	37.8947368421053
A_NA_N8	764	772	T	0	0	772	37.369170984456
A_NA_N8	765	777	T	0	0	776	37.3711340206186
A_NA_N8	766	774	T	0	0	773	37.2639068564036
A_NA_N8	767	771	C	0	0	771	37.6186770428016
A_NA_N8	768	765	A	0	0	765	37.9411764705882
A_NA_N8	769	767	A	0	0	767	37.8200782268579
A_NA_N8	770	769	T	0	0	769	37.5344603381014
A_NA_N8	771	773	G	0	0	773	37.6067270375162
A_NA_N8	772	775	G	0	0	775	37.6116129032258
A_NA_N8	773	777	A	0	0	777	37.6190476190476
A_NA_N8	774	775	G	0	0	774	37.7170542635659
A_NA_N8	775	775	G	0	0	775	36.7703225806452
A_NA_N8	776	779	A	0	0	775	37.0632258064516
A_NA_N8	777	782	C	0	0	781	37.2330345710627
A_NA_N8	778	785	A	0	0	783	37.463601532567
A_NA_N8	779	804	C	0	0	804	37.4253731343284
A_NA_N8	780	815	A	0	0	815	37.2993865030675
A_NA_N8	781	810	T	0	0	809	37.42521631644
A_NA_N8	782	809	T	0	0	809	37.5698393077874
A_NA_N8	783	822	G	0	0	822	37.4403892944039
A_NA_N8	784	825	A	0	0	824	37.3082524271845
A_NA_N8	785	824	A	0	0	823	37.3948967193196
A_NA_N8	786	823	G	0	0	822	37.4537712895377
A_NA_N8	787	806	A	0	0	803	37.293897882939
A_NA_N8	788	813	G	0	0	813	37.549815498155
A_NA_N8	789	788	T	0	0	784	36.9770408163265
A_NA_N8	790	806	G	0	0	806	37.2196029776675
A_NA_N8	791	802	T	0	0	800	37.17625
A_NA_N8	792	802	T	0	0	802	36.8516209476309
A_NA_N8	793	808	C	0	0	808	37.1336633663366
A_NA_N8	794	813	T	0	0	812	37.1613300492611
A_NA_N8	795	813	T	0	0	812	37.557881773399
A_NA_N8	796	813	G	0	0	813	37.6961869618696
A_NA_N8	797	795	T	0	0	793	37.3947036569987
A_NA_N8	798	795	T	0	0	795	37.0893081761006
A_NA_N8	799	794	A	0	0	790	36.9151898734177
A_NA_N8	800	806	C	0	0	803	37.0386052303861
A_NA_N8	801	805	C	0	0	804	36.8594527363184
A_NA_N8	802	797	C	0	0	797	37.4203262233375
A_NA_N8	803	795	T	0	0	793	37.5649432534678
A_NA_N8	804	799	A	0	0	796	37.285175879397
A_NA_N8	805	802	A	0	0	801	37.5867665418227
A_NA_N8	806	815	T	0	0	813	37.6986469864699
A_NA_N8	807	815	G	0	0	813	37.6568265682657
A_NA_N8	808	824	A	0	0	823	37.3535844471446
A_NA_N8	809	810	T	0	0	810	37.6283950617284
A_NA_N8	810	809	G	0	0	809	37.6749072929543
A_NA_N8	811	812	G	0	0	811	37.3982737361282
A_NA_N8	812	811	G	0	0	811	37.6399506781751
A_NA_N8	813	810	A	0	0	808	37.3527227722772
A_NA_N8	814	807	A	0	0	807	37.5551425030979
A_NA_N8	815	808	A	0	0	803	37.5031133250311
A_NA_N8	816	814	G	0	0	814	37.6130221130221
A_NA_N8	817	823	T	0	0	816	36.8762254901961
A_NA_N8	818	823	G	0	0	819	37.2503052503053
A_NA_N8	819	818	G	0	0	817	37.3635250917993
A_NA_N8	820	813	A	0	0	813	37.2066420664207
A_NA_N8	821	813	A	0	0	813	37.0036900369004
A_NA_N8	822	813	T	0	0	812	36.679802955665
A_NA_N8	823	815	G	0	0	815	36.7300613496933
A_NA_N8	824	809	C	0	0	808	36.7264851485149
A_NA_N8	825	808	G	0	0	807	36.5650557620818
A_NA_N8	826	802	T	0	0	798	36.6979949874687
A_NA_N8	827	809	G	0	0	808	36.9987623762376
A_NA_N8	828	815	T	0	0	815	36.8932515337423
A_NA_N8	829	817	G	0	0	817	37.3378212974296
A_NA_N8	830	817	T	0	0	816	37.2781862745098
A_NA_N8	831	817	A	0	0	815	37.5141104294479
A_NA_N8	832	817	G	0	0	817	37.4088127294982
A_NA_N8	833	807	A	0	0	805	37.5006211180124
A_NA_N8	834	806	G	0	0	805	37.6596273291925
A_NA_N8	835	807	A	0	0	804	37.2636815920398
A_NA_N8	836	824	C	0	0	824	37.2609223300971
A_NA_N8	837	821	A	0	0	821	37.7442143727162
A_NA_N8	838	827	A	0	0	827	37.7521160822249
A_NA_N8	839	830	T	0	0	830	37.7180722891566
A_NA_N8	840	831	T	0	0	831	37.7749699157641
A_NA_N8	841	832	G	0	0	830	37.3759036144578
A_NA_N8	842	833	G	0	0	833	37.4513805522209
A_NA_N8	843	829	A	0	0	824	37.4696601941748
A_NA_N8	844	822	C	0	0	820	37.3280487804878
A_NA_N8	845	816	A	0	0	815	37.4220858895706
A_NA_N8	846	827	G	0	0	827	36.7122128174123
A_NA_N8	847	844	G	0	0	841	36.731272294887
A_NA_N8	848	845	A	0	0	843	36.9608540925267
A_NA_N8	849	845	A	0	0	844	36.4229857819905
A_NA_N8	850	847	C	0	0	846	37.1217494089835
A_NA_N8	851	847	C	0	0	844	37.0142180094787
A_NA_N8	852	851	A	0	0	850	37.4658823529412
A_NA_N8	853	851	A	0	0	851	37.2079905992949
A_NA_N8	854	852	C	0	0	852	36.212441314554
A_NA_N8	855	836	A	0	0	836	37.0370813397129
A_NA_N8	856	875	G	0	0	871	36.8932261768083
A_NA_N8	857	875	G	0	0	875	36.3645714285714
A_NA_N8	858	879	C	0	0	875	36.3142857142857
A_NA_N8	859	850	C	0	0	847	36.3140495867769
A_NA_N8	860	843	T	0	0	842	36.9465558194774
A_NA_N8	861	876	A	0	0	876	36.9520547945205
A_NA_N8	862	876	T	0	0	876	37.115296803653
A_NA_N8	863	876	A	0	0	874	37.1384439359268
A_NA_N8	864	877	T	0	0	876	37.0844748858447
A_NA_N8	865	787	T	0	0	785	37.3732484076433
A_NA_N8	866	784	G	0	0	784	37.4323979591837
A_NA_N8	867	770	G	0	0	770	37.0428571428571
A_NA_N8	868	768	T	0	0	764	37.0497382198953
A_NA_N8	869	767	C	0	0	766	37.1514360313316
A_NA_N8	870	749	A	0	0	747	37.0200803212851
A_NA_N8	871	751	T	0	0	749	36.8010680907877
A_NA_N8	872	751	C	0	0	749	37.0934579439252
A_NA_N8	873	751	T	0	0	750	36.8626666666667
A_NA_N8	874	754	C	0	0	752	36.9840425531915
A_NA_N8	875	753	G	0	0	753	37.3705179282869
A_NA_N8	876	753	C	0	0	751	37.0572569906791
A_NA_N8	877	753	C	0	0	753	37.0026560424967
A_NA_N8	878	752	A	0	0	751	37.0226364846871
A_NA_N8	879	753	G	0	0	752	37.3484042553191
A_NA_N8	880	755	A	0	0	754	37.7042440318302
A_NA_N8	881	754	T	0	0	754	36.8965517241379
A_NA_N8	882	760	C	0	0	759	36.8537549407115
A_NA_N8	883	754	T	0	0	753	37.3612217795485
A_NA_N8	884	792	C	0	0	791	37.4083438685209
A_NA_N8	885	796	T	0	0	795	37.440251572327
A_NA_N8	886	800	C	0	0	800	37.365
A_NA_N8	887	804	T	0	0	803	37.5230386052304
A_NA_N8	888	802	T	0	0	802	37.5124688279302
A_NA_N8	889	802	A	0	0	800	37.175
A_NA_N8	890	798	C	0	0	798	37.3208020050125
A_NA_N8	891	794	A	0	0	793	37.2648171500631
A_NA_N8	892	802	G	0	0	800	37.09
A_NA_N8	893	791	G	0	0	791	36.6245259165613
A_NA_N8	894	790	G	0	0	790	36.3670886075949
A_NA_N8	895	785	T	0	0	780	36.1807692307692
A_NA_N8	896	783	T	0	0	783	37.2183908045977
A_NA_N8	897	797	G	0	0	797	37.2045169385194
A_NA_N8	898	795	G	0	0	795	36.9899371069182
A_NA_N8	899	800	G	0	0	800	37.04125
A_NA_N8	900	800	T	0	0	794	35.5831234256927
A_NA_N8	901	792	A	0	0	791	36.9203539823009
A_NA_N8	902	788	T	0	0	787	37.1575603557814
A_NA_N8	903	780	T	0	0	780	37.1564102564103
A_NA_N8	904	781	T	0	0	780	37.2858974358974
A_NA_N8	905	785	G	0	0	784	37.7130102040816
A_NA_N8	906	760	T	0	0	760	37.3552631578947
A_NA_N8	907	759	G	0	0	758	37.55672823219
A_NA_N8	908	751	T	0	0	750	37.56
A_NA_N8	909	795	G	0	0	794	37.2493702770781
A_NA_N8	910	794	C	0	0	772	37.1658031088083
A_NA_N8	911	783	A	0	0	783	37.5977011494253
A_NA_N8	912	793	G	0	0	792	37.3358585858586
A_NA_N8	913	795	G	0	0	792	36.885101010101
A_NA_N8	914	811	G	0	0	810	36.2753086419753
A_NA_N8	915	806	C	0	0	804	36.0049751243781
A_NA_N8	916	795	T	0	0	793	37.5838587641866
A_NA_N8	917	812	T	0	0	812	37.6231527093596
A_NA_N8	918	816	C	0	0	815	37.3312883435583
A_NA_N8	919	815	C	0	0	814	37.6511056511057
A_NA_N8	920	826	C	0	0	826	37.6513317191283
A_NA_N8	921	819	A	0	0	819	37.7020757020757
A_NA_N8	922	846	G	0	0	844	37.8270142180095
A_NA_N8	923	836	T	0	0	836	37.6088516746412
A_NA_N8	924	838	G	0	0	838	37.653937947494
A_NA_N8	925	838	A	0	0	836	37.3612440191388
A_NA_N8	926	836	T	0	0	835	36.8251497005988
A_NA_N8	927	840	A	0	0	836	36.4258373205742
A_NA_N8	928	845	C	0	0	844	37.4289099526066
A_NA_N8	929	838	C	0	0	838	36.8830548926014
A_NA_N8	930	836	C	0	0	834	37.052757793765
A_NA_N8	931	826	C	0	0	826	36.9782082324455
A_NA_N8	932	830	G	0	0	822	37.169099756691
A_NA_N8	933	832	A	0	0	830	36.633734939759
A_NA_N8	934	835	G	0	0	834	36.6966426858513
A_NA_N8	935	832	A	0	0	832	36.7836538461538
A_NA_N8	936	844	G	0	0	843	37.1126927639383
A_NA_N8	937	840	G	0	0	838	37.18138424821
A_NA_N8	938	837	G	0	0	835	37.1988023952096
A_NA_N8	939	836	G	0	0	835	37.2790419161677
A_NA_N8	940	835	A	0	0	835	37.0802395209581
A_NA_N8	941	826	A	0	0	821	37.2850182704019
A_NA_N8	942	828	G	0	0	827	37.4461910519952
A_NA_N8	943	831	A	0	0	830	37.6819277108434
A_NA_N8	944	824	T	0	0	824	37.7718446601942
A_NA_N8	945	826	G	0	0	826	37.7808716707022
A_NA_N8	946	833	C	0	0	831	36.913357400722
A_NA_N8	947	840	C	0	0	838	37.0226730310263
A_NA_N8	948	849	C	0	0	848	37.5165094339623
A_NA_N8	949	849	A	0	0	849	37.6325088339223
A_NA_N8	950	874	A	0	0	873	37.4513172966781
A_NA_N8	951	870	T	0	0	868	37.5380184331797
A_NA_N8	952	881	T	0	0	878	37.5182232346241
A_NA_N8	953	882	T	0	0	880	37.6147727272727
A_NA_N8	954	882	A	0	0	881	37.4313280363224
A_NA_N8	955	879	C	0	0	879	37.5540386803185
A_NA_N8	956	877	T	0	0	873	37.4936998854525
A_NA_N8	957	870	G	0	0	867	37.5928489042676
A_NA_N8	958	880	G	0	0	880	37.6125
A_NA_N8	959	891	T	0	0	890	37.4674157303371
A_NA_N8	960	892	T	0	0	892	37.4775784753363
A_NA_N8	961	888	C	0	0	888	37.6666666666667
A_NA_N8	962	895	A	0	0	894	37.4988814317673
A_NA_N8	963	901	T	0	0	901	37.6603773584906
A_NA_N8	964	907	G	0	0	907	37.5667034178611
A_NA_N8	965	944	C	0	0	942	37.2845010615711
A_NA_N8	966	944	A	0	0	943	37.4549310710498
A_NA_N8	967	946	C	0	0	946	37.3520084566596
A_NA_N8	968	929	T	0	0	929	37.8320775026911
A_NA_N8	969	937	A	0	0	936	37.5523504273504
A_NA_N8	970	957	G	0	0	957	37.5433646812957
A_NA_N8	971	963	T	0	0	962	37.4989604989605
A_NA_N8	972	972	C	0	0	971	37.0772399588054
A_NA_N8	973	969	C	0	0	968	37.1869834710744
A_NA_N8	974	956	C	0	0	956	37.4989539748954
A_NA_N8	975	956	A	0	0	953	37.6411332633788
A_NA_N8	976	952	T	0	0	951	37.7234490010515
A_NA_N8	977	952	G	0	0	952	37.9464285714286
A_NA_N8	978	949	G	0	0	949	37.7291886195996
A_NA_N8	979	938	G	0	0	938	37.6151385927505
A_NA_N8	980	950	G	0	0	949	37.2855637513172
A_NA_N8	981	960	A	0	0	959	37.0427528675704
A_NA_N8	982	962	A	0	0	962	37.0873180873181
A_NA_N8	983	962	T	0	0	962	37.3170478170478
A_NA_N8	984	968	C	0	0	967	36.9896587383661
A_NA_N8	985	966	A	0	0	964	37.1338174273859
A_NA_N8	986	975	G	1	0	975	37.6769230769231
A_NA_N8	987	977	G	0	0	977	37.6212896622313
A_NA_N8	988	999	G	0	0	998	37.3577154308617
A_NA_N8	989	1005	G	0	0	1005	36.9800995024876
A_NA_N8	990	1001	T	0	0	993	35.0271903323263
A_NA_N8	991	1002	A	0	0	1002	35.8622754491018
A_NA_N8	992	1001	T	0	0	1000	37.043
A_NA_N8	993	1003	G	1	0	1003	37.3898305084746
A_NA_N8	994	1024	G	0	0	1024	37.296875
A_NA_N8	995	1019	G	0	0	1019	37.2561334641806
A_NA_N8	996	1036	G	0	0	1036	36.8127413127413
A_NA_N8	997	1007	T	0	0	1001	35.5584415584416
A_NA_N8	998	1005	G	0	0	1005	36.6049751243781
A_NA_N8	999	1003	A	0	0	1000	36.835
A_NA_N8	1000	1000	A	0	0	999	36.952952952953
A_NA_N8	1001	1000	G	0	0	999	37.2782782782783
A_NA_N8	1002	993	G	0	0	992	37.2590725806452
A_NA_N8	1003	1004	G	0	0	1003	36.7786640079761
A_NA_N8	1004	1004	C	0	0	1003	36.9192422731805
A_NA_N8	1005	998	T	0	0	998	37.938877755511
A_NA_N8	1006	998	T	0	0	998	37.7935871743487
A_NA_N8	1007	977	T	0	0	977	37.9293756397134
A_NA_N8	1008	981	G	0	0	981	37.9653414882773
A_NA_N8	1009	982	G	0	0	982	37.8859470468432
A_NA_N8	1010	977	A	0	0	976	37.4303278688525
A_NA_N8	1011	973	T	0	0	972	37.2849794238683
A_NA_N8	1012	952	T	0	0	952	37.6176470588235
A_NA_N8	1013	952	T	0	0	951	37.6130389064143
A_NA_N8	1014	962	C	0	0	961	37.7637877211238
A_NA_N8	1015	962	G	0	0	961	37.9448491155047
A_NA_N8	1016	967	G	0	0	967	37.1489141675284
A_NA_N8	1017	966	C	0	0	965	37.2735751295337
A_NA_N8	1018	970	A	0	0	970	37.5319587628866
A_NA_N8	1019	973	A	0	0	973	37.2723535457348
A_NA_N8	1020	976	G	0	0	976	37.5922131147541
A_NA_N8	1021	1057	G	0	0	1057	37.4238410596027
A_NA_N8	1022	1063	A	0	0	1062	37.5178907721281
A_NA_N8	1023	1066	A	0	0	1065	37.5990610328639
A_NA_N8	1024	1082	C	0	0	1082	37.6386321626617
A_NA_N8	1025	1078	T	0	0	1078	37.7857142857143
A_NA_N8	1026	1118	G	0	0	1117	37.870188003581
A_NA_N8	1027	1125	A	0	0	1124	37.3861209964413
A_NA_N8	1028	1131	T	0	0	1131	37.6525198938992
A_NA_N8	1029	1141	G	0	0	1140	37.8394736842105
A_NA_N8	1030	1131	T	0	0	1128	37.3262411347518
A_NA_N8	1031	1139	A	0	0	1139	37.4231782265145
A_NA_N8	1032	1155	T	0	0	1154	37.6213171577123
A_NA_N8	1033	1153	G	0	0	1153	37.7892454466609
A_NA_N8	1034	1163	G	0	0	1162	37.4974182444062
A_NA_N8	1035	1134	A	0	0	1132	37.2093639575972
A_NA_N8	1036	1120	T	0	0	1120	37.5116071428571
A_NA_N8	1037	1121	G	0	0	1121	37.4165923282783
A_NA_N8	1038	1118	G	0	0	1117	36.7421665174575
A_NA_N8	1039	1121	G	0	0	1119	37.4727435210009
A_NA_N8	1040	1124	G	0	0	1124	37.4021352313167
A_NA_N8	1041	1113	A	1	0	1108	36.9873646209386
A_NA_N8	1042	1125	G	0	0	1124	37.1743772241993
A_NA_N8	1043	1132	G	0	0	1132	37.2950530035336
A_NA_N8	1044	1136	A	0	0	1133	36.9223300970874
A_NA_N8	1045	1168	C	0	0	1168	37.2679794520548
A_NA_N8	1046	1165	A	0	0	1163	37.5159071367154
A_NA_N8	1047	1178	A	0	0	1177	37.4231096006797
A_NA_N8	1048	1177	T	0	0	1177	37.6091758708581
A_NA_N8	1049	1206	T	0	0	1206	37.7678275290216
A_NA_N8	1050	1214	A	0	0	1214	37.6746293245469
A_NA_N8	1051	1215	G	0	0	1215	37.6847736625514
A_NA_N8	1052	1211	T	0	0	1209	36.9859387923904
A_NA_N8	1053	1196	A	0	0	1195	37.5690376569038
A_NA_N8	1054	1190	G	0	0	1189	37.6391925988225
A_NA_N8	1055	1207	G	0	0	1206	37.271144278607
A_NA_N8	1056	1203	A	0	0	1200	37.2
A_NA_N8	1057	1221	C	0	0	1221	37.2702702702703
A_NA_N8	1058	1244	C	0	0	1242	37.2045088566828
A_NA_N8	1059	1241	T	0	0	1214	37.3080724876442
A_NA_N8	1060	1242	C	0	0	1240	37.5056451612903
A_NA_N8	1061	1242	T	0	0	1242	37.8566827697262
A_NA_N8	1062	1246	A	0	0	1246	37.6356340288925
A_NA_N8	1063	1245	G	1	0	1243	37.8350764279968
A_NA_N8	1064	1236	A	1	0	1236	37.7111650485437
A_NA_N8	1065	1232	T	1	0	1230	37.6455284552846
A_NA_N8	1066	1225	C	1	0	1224	37.6919934640523
A_NA_N8	1067	1209	A	1	0	1209	37.8238213399504
A_NA_N8	1068	1221	G	1	0	1221	37.9361179361179
A_NA_N8	1069	1223	G	1	0	1223	38.034341782502
A_NA_N8	1070	1228	A	0	0	1227	37.3333333333333
A_NA_N8	1071	1223	T	0	0	1223	37.6091578086672
A_NA_N8	1072	1224	T	0	0	1223	37.8446443172527
A_NA_N8	1073	1216	T	0	0	1216	38.1570723684211
A_NA_N8	1074	1227	G	0	0	1227	38.1678891605542
A_NA_N8	1075	1229	A	0	0	1227	37.6373268133659
A_NA_N8	1076	1229	A	0	0	1228	37.7516286644951
A_NA_N8	1077	1230	A	0	0	1229	37.7363710333605
A_NA_N8	1078	1219	T	0	0	1219	37.9433962264151
A_NA_N8	1079	1227	A	0	0	1226	37.7675367047308
A_NA_N8	1080	1229	T	0	0	1228	37.9413680781759
A_NA_N8	1081	1226	T	0	0	1226	38.1133768352365
A_NA_N8	1082	1230	G	0	0	1229	37.9552481692433
A_NA_N8	1083	1218	A	0	0	1215	37.7465020576132
A_NA_N8	1084	1241	G	0	0	1216	37.9597039473684
A_NA_N8	1085	1243	G	0	0	1242	38.024959742351
A_NA_N8	1086	1246	A	0	0	1241	37.7695406929895
A_NA_N8	1087	1245	T	0	0	1245	37.8409638554217
A_NA_N8	1088	1252	A	0	0	1251	38.0287769784173
A_NA_N8	1089	1260	A	0	0	1259	37.8888006354249
A_NA_N8	1090	1258	A	0	0	1256	38.0031847133758
A_NA_N8	1091	1269	G	0	0	1269	37.9613869188337
A_NA_N8	1092	1269	A	0	0	1269	37.7698975571316
A_NA_N8	1093	1253	A	0	0	1252	37.6757188498403
A_NA_N8	1094	1240	T	0	0	1240	37.5564516129032
A_NA_N8	1095	1243	G	0	0	1242	37.3067632850242
A_NA_N8	1096	1249	G	0	0	1249	37.787029623699
A_NA_N8	1097	1261	T	0	0	1259	37.6989674344718
A_NA_N8	1098	1257	T	0	0	1254	37.7830940988836
A_NA_N8	1099	1254	G	0	0	1252	37.138178913738
A_NA_N8	1100	1259	G	0	0	1259	37.1787132644956
A_NA_N8	1101	1260	A	0	0	1257	37.5322195704057
A_NA_N8	1102	1261	C	0	0	1260	37.6460317460317
A_NA_N8	1103	1257	A	0	0	1256	37.9124203821656
A_NA_N8	1104	1264	C	0	0	1263	37.409342834521
A_NA_N8	1105	1245	A	0	0	1245	37.718875502008
A_NA_N8	1106	1255	A	0	0	1254	37.0629984051037
A_NA_N8	1107	1256	A	0	0	1254	37.896331738437
A_NA_N8	1108	1250	C	0	0	1246	37.368378812199
A_NA_N8	1109	1248	G	0	0	1247	37.5709703287891
A_NA_N8	1110	1233	A	0	0	1232	37.5519480519481
A_NA_N8	1111	1240	G	1	0	1240	37.5798387096774
A_NA_N8	1112	1242	T	0	0	1242	37.1811594202899
A_NA_N8	1113	1230	A	1	0	1229	38.0821806346623
A_NA_N8	1114	1231	A	0	0	1231	37.9350121852153
A_NA_N8	1115	1225	A	0	0	1225	37.9608163265306
A_NA_N8	1116	1223	G	0	0	1223	38.0220768601799
A_NA_N8	1117	1214	A	0	0	1213	37.8796372629843
A_NA_N8	1118	1213	A	0	0	1212	37.9133663366337
A_NA_N8	1119	1210	C	0	0	1210	37.8256198347107
A_NA_N8	1120	1188	A	0	0	1188	38.2053872053872
A_NA_N8	1121	1185	A	0	0	1185	38.0033755274262
A_NA_N8	1122	1185	A	0	0	1185	38.0784810126582
A_NA_N8	1123	1199	T	0	0	1199	38.0859049207673
A_NA_N8	1124	1199	G	0	0	1199	37.9808173477898
A_NA_N8	1125	1190	A	0	0	1189	38.0084104289319
A_NA_N8	1126	1191	G	0	0	1191	38.1754827875735
A_NA_N8	1127	1187	A	0	0	1186	38.0075885328836
A_NA_N8	1128	1186	A	0	0	1185	38.0430379746835
A_NA_N8	1129	1185	A	0	0	1182	37.906937394247
A_NA_N8	1130	1189	A	0	0	1186	37.8667790893761
A_NA_N8	1131	1183	C	0	0	1182	37.9746192893401
A_NA_N8	1132	1177	A	0	0	1175	38.1072340425532
A_NA_N8	1133	1187	G	0	0	1186	38.1424957841484
A_NA_N8	1134	1204	A	0	0	1202	37.9309484193012
A_NA_N8	1135	1212	T	0	0	1211	37.9801816680429
A_NA_N8	1136	1210	A	0	0	1210	37.8504132231405
A_NA_N8	1137	1210	A	0	0	1209	37.7899090157155
A_NA_N8	1138	1208	T	0	0	1207	37.6139188069594
A_NA_N8	1139	1192	T	0	0	1191	37.848026868178
A_NA_N8	1140	1190	G	0	0	1188	37.756734006734
A_NA_N8	1141	1192	T	0	0	1192	37.886744966443
A_NA_N8	1142	1180	T	0	0	1178	38.0662139219015
A_NA_N8	1143	1180	G	0	0	1180	38.1830508474576
A_NA_N8	1144	1199	A	0	0	1197	38.0359231411863
A_NA_N8	1145	1212	T	0	0	1211	38.1428571428571
A_NA_N8	1146	1208	A	0	0	1207	38.1797845898923
A_NA_N8	1147	1215	A	0	0	1215	38.0880658436214
A_NA_N8	1148	1219	T	0	0	1218	37.9285714285714
A_NA_N8	1149	1215	T	0	0	1213	37.8920032976092
A_NA_N8	1150	1217	T	0	0	1217	38.0460147904684
A_NA_N8	1151	1221	A	0	0	1221	38.1531531531532
A_NA_N8	1152	1223	A	0	0	1222	38.0212765957447
A_NA_N8	1153	1233	A	0	0	1232	37.9326298701299
A_NA_N8	1154	1229	T	0	0	1228	37.5415309446254
A_NA_N8	1155	1222	T	0	0	1221	37.6814086814087
A_NA_N8	1156	1242	G	0	0	1242	37.9476650563607
A_NA_N8	1157	1242	G	0	0	1241	37.8799355358582
A_NA_N8	1158	1244	T	0	0	1239	37.4035512510089
A_NA_N8	1159	1244	C	0	0	1243	37.3620273531778
A_NA_N8	1160	1242	A	0	0	1241	37.6760676873489
A_NA_N8	1161	1342	G	0	0	1341	37.4571215510813
A_NA_N8	1162	1351	G	0	0	1350	37.2637037037037
A_NA_N8	1163	1367	A	0	0	1366	37.4084919472914
A_NA_N8	1164	1390	T	0	0	1390	37.4323741007194
A_NA_N8	1165	1374	A	0	0	1374	37.3420669577875
A_NA_N8	1166	1378	T	0	0	1377	37.4734931009441
A_NA_N8	1167	1377	A	0	0	1377	37.3747276688453
A_NA_N8	1168	1376	G	0	0	1375	37.0458181818182
A_NA_N8	1169	1351	T	0	0	1351	36.940044411547
A_NA_N8	1170	1244	G	0	0	1244	37.2813504823151
A_NA_N8	1171	1237	G	0	0	1237	37.4009700889248
A_NA_N8	1172	1241	G	0	0	1240	37.3451612903226
A_NA_N8	1173	1230	T	0	0	1227	36.8500407497962
A_NA_N8	1174	1222	C	0	0	1221	37.051597051597
A_NA_N8	1175	1209	T	0	0	1206	37.7189054726368
A_NA_N8	1176	1207	T	0	0	1207	37.7564208782104
A_NA_N8	1177	1200	T	0	0	1198	37.9073455759599
A_NA_N8	1178	1198	C	0	0	1198	37.3964941569282
A_NA_N8	1179	1197	A	0	0	1193	37.2992455993294
A_NA_N8	1180	1190	C	0	0	1189	37.6963835155593
A_NA_N8	1181	1149	T	0	0	1146	37.3499127399651
A_NA_N8	1182	1146	C	0	0	1146	37.1631762652705
A_NA_N8	1183	1151	T	0	0	1149	38.2610966057441
A_NA_N8	1184	1153	G	0	0	1152	37.8758680555556
A_NA_N8	1185	1154	C	0	0	1151	37.509122502172
A_NA_N8	1186	1160	C	0	0	1159	37.869715271786
A_NA_N8	1187	1160	A	0	0	1160	37.951724137931
A_NA_N8	1188	1157	A	0	0	1156	38.0536332179931
A_NA_N8	1189	1177	T	0	0	1176	38.0085034013605
A_NA_N8	1190	1175	T	0	0	1175	38.1565957446808
A_NA_N8	1191	1173	G	0	0	1172	38.1040955631399
A_NA_N8	1192	1152	A	0	0	1150	37.875652173913
A_NA_N8	1193	1148	G	0	0	1147	37.7698343504795
A_NA_N8	1194	1153	C	0	0	1151	37.8010425716768
A_NA_N8	1195	1144	T	0	0	1143	38.082239720035
A_NA_N8	1196	1156	G	0	0	1156	37.9351211072664
A_NA_N8	1197	1171	A	0	0	1171	37.8505550811272
A_NA_N8	1198	1163	C	0	0	1161	37.900947459087
A_NA_N8	1199	1163	T	0	0	1162	37.9509466437177
A_NA_N8	1200	1167	G	0	0	1167	38.0291345329906
A_NA_N8	1201	1170	G	0	0	1168	37.9315068493151
A_NA_N8	1202	1173	G	0	0	1173	37.7962489343563
A_NA_N8	1203	1187	A	0	0	1186	37.6913996627319
A_NA_N8	1204	1188	A	0	0	1188	37.7272727272727
A_NA_N8	1205	1147	A	0	0	1147	37.9860505666957
A_NA_N8	1206	1146	G	0	0	1146	37.7661431064572
A_NA_N8	1207	1144	A	0	0	1143	37.7550306211724
A_NA_N8	1208	1144	C	0	0	1144	37.4344405594406
A_NA_N8	1209	1106	T	0	0	1106	37.9141048824593
A_NA_N8	1210	1114	G	0	0	1112	37.4811151079137
A_NA_N8	1211	1117	T	0	0	1115	37.8179372197309
A_NA_N8	1212	1120	C	0	0	1120	37.41875
A_NA_N8	1213	1119	T	0	0	1119	37.7649687220733
A_NA_N8	1214	1117	G	0	0	1117	37.4109221128021
A_NA_N8	1215	1117	G	0	0	1117	37.3921217547001
A_NA_N8	1216	1112	T	0	0	1109	37.0694319206492
A_NA_N8	1217	1112	G	0	0	1112	36.8839928057554
A_NA_N8	1218	1108	C	0	0	1107	36.323396567299
A_NA_N8	1219	1097	C	0	0	1093	37.1363220494053
A_NA_N8	1220	1097	C	0	0	1095	37.7269406392694
A_NA_N8	1221	1095	T	0	0	1094	37.8080438756856
A_NA_N8	1222	1108	G	0	0	1108	37.4584837545126
A_NA_N8	1223	1108	T	0	0	1107	37.8870822041554
A_NA_N8	1224	1112	T	0	0	1112	37.9352517985612
A_NA_N8	1225	1126	T	0	0	1125	37.952
A_NA_N8	1226	1128	T	0	0	1127	37.9937888198758
A_NA_N8	1227	1127	T	0	0	1127	37.2209405501331
A_NA_N8	1228	1128	G	0	0	1127	37.0807453416149
A_NA_N8	1229	1125	G	0	0	1125	37.8302222222222
A_NA_N8	1230	1125	G	0	0	1125	37.8222222222222
A_NA_N8	1231	1092	T	0	0	1091	37.813932172319
A_NA_N8	1232	1085	T	0	0	1085	37.9658986175115
A_NA_N8	1233	1087	G	0	0	1087	37.9310027598896
A_NA_N8	1234	1087	A	0	0	1085	37.7336405529954
A_NA_N8	1235	1087	G	0	0	1087	37.9530818767249
A_NA_N8	1236	1091	A	0	0	1091	37.8863428047663
A_NA_N8	1237	1084	T	0	0	1084	37.9658671586716
A_NA_N8	1238	1087	G	0	0	1087	37.8684452621895
A_NA_N8	1239	1081	A	0	0	1080	38.0074074074074
A_NA_N8	1240	1079	T	0	0	1079	37.758109360519
A_NA_N8	1241	1079	T	0	0	1079	37.3076923076923
A_NA_N8	1242	1070	A	0	0	1069	37.1758652946679
A_NA_N8	1243	1065	G	1	0	1065	37.5352112676056
A_NA_N8	1244	1062	G	0	0	1062	37.5037664783427
A_NA_N8	1245	1060	G	0	0	1060	37.6028301886792
A_NA_N8	1246	1060	G	0	0	1060	37.5867924528302
A_NA_N8	1247	1004	T	0	0	1002	37.8233532934132
A_NA_N8	1248	1001	A	0	0	1000	36.638
A_NA_N8	1249	1001	A	0	0	1001	36.9460539460539
A_NA_N8	1250	1000	G	1	0	1000	36.893
A_NA_N8	1251	1038	C	0	0	1035	36.2376811594203
A_NA_N8	1252	1034	C	0	0	1030	36.7873786407767
A_NA_N8	1253	1017	G	0	0	1017	37.8564405113078
A_NA_N8	1254	1017	G	0	0	1016	37.9576771653543
A_NA_N8	1255	1023	A	0	0	1022	38.0812133072407
A_NA_N8	1256	1025	A	0	0	1023	38.019550342131
A_NA_N8	1257	1024	G	0	0	1024	37.9755859375
A_NA_N8	1258	1009	A	0	0	1008	37.9583333333333
A_NA_N8	1259	1009	G	0	0	1008	38.0416666666667
A_NA_N8	1260	1004	A	0	0	1004	38.003984063745
A_NA_N8	1261	1003	A	0	0	1002	37.7804391217565
A_NA_N8	1262	1003	G	0	0	1003	37.5663010967099
A_NA_N8	1263	994	A	0	0	986	36.9543610547667
A_NA_N8	1264	996	C	0	0	996	37.7600401606426
A_NA_N8	1265	985	T	0	0	984	37.8983739837398
A_NA_N8	1266	983	A	0	0	983	37.795523906409
A_NA_N8	1267	982	T	0	0	981	37.7543323139653
A_NA_N8	1268	979	T	0	0	977	37.6305015353122
A_NA_N8	1269	978	T	0	0	977	37.5496417604913
A_NA_N8	1270	973	G	0	0	973	37.4522096608428
A_NA_N8	1271	972	G	0	0	970	37.4082474226804
A_NA_N8	1272	970	A	0	0	965	36.6466321243523
A_NA_N8	1273	966	C	0	0	965	37.3554404145078
A_NA_N8	1274	940	T	0	0	937	37.4557097118463
A_NA_N8	1275	933	T	0	0	928	37.3340517241379
A_NA_N8	1276	933	C	0	0	932	37.6137339055794
A_NA_N8	1277	932	C	0	0	931	37.687432867884
A_NA_N8	1278	932	A	0	0	931	37.7314715359828
A_NA_N8	1279	932	G	0	0	932	37.6824034334764
A_NA_N8	1280	932	C	0	0	929	37.3670613562971
A_NA_N8	1281	908	A	0	0	908	37.6277533039648
A_NA_N8	1282	908	G	0	0	907	37.4564498346196
A_NA_N8	1283	907	C	0	0	904	37.1117256637168
A_NA_N8	1284	897	T	0	0	890	37.276404494382
A_NA_N8	1285	894	C	0	0	894	37.2684563758389
A_NA_N8	1286	882	C	0	0	880	37.4625
A_NA_N8	1287	882	A	0	0	882	37.5113378684807
A_NA_N8	1288	882	T	0	0	881	37.5085130533485
A_NA_N8	1289	878	T	0	0	878	37.4908883826879
A_NA_N8	1290	877	G	0	0	875	37.6525714285714
A_NA_N8	1291	849	T	0	0	849	37.3521790341578
A_NA_N8	1292	846	G	0	0	846	37.3640661938534
A_NA_N8	1293	845	A	0	0	845	37.3538461538462
A_NA_N8	1294	772	T	0	0	771	36.89364461738
A_NA_N8	1295	772	G	0	0	771	36.9455252918288
A_NA_N8	1296	716	T	0	0	716	36.9148044692737
A_NA_N8	1297	716	G	0	0	715	37.2839160839161
A_NA_N8	1298	716	T	0	0	716	36.8240223463687
A_NA_N8	1299	697	G	0	0	697	37.0674318507891
A_NA_N8	1300	696	G	0	0	695	36.7525179856115
A_NA_N8	1301	684	G	0	0	684	37.3260233918129
A_NA_N8	1302	684	G	0	0	684	37.5292397660819
A_NA_N8	1303	678	T	0	0	674	37.5489614243323
A_NA_N8	1304	648	G	0	0	646	37.2213622291022
A_NA_N8	1305	648	G	0	0	648	37.4135802469136
A_NA_N8	1306	640	A	0	0	639	37.8184663536776
A_NA_N8	1307	640	T	0	0	639	37.4413145539906
A_NA_N8	1308	635	T	0	0	635	37.5448818897638
A_NA_N8	1309	634	A	0	0	634	37.6798107255521
A_NA_N8	1310	633	T	0	0	632	37.3528481012658
A_NA_N8	1311	632	G	0	0	629	37.20826709062
A_NA_N8	1312	627	A	0	0	625	36.9488
A_NA_N8	1313	585	A	0	0	585	37.451282051282
A_NA_N8	1314	585	G	0	0	585	37.3897435897436
A_NA_N8	1315	513	T	0	0	513	37.1267056530214
A_NA_N8	1316	507	T	0	0	507	36.8185404339251
A_NA_N8	1317	507	G	0	0	507	37.0157790927022
A_NA_N8	1318	506	C	0	0	504	36.6746031746032
A_NA_N8	1319	502	C	0	0	501	36.8862275449102
A_NA_N8	1320	502	G	0	0	502	37.6274900398406
A_NA_N8	1321	502	A	0	0	502	37.5557768924303
A_NA_N8	1322	502	T	0	0	502	36.7310756972112
A_NA_N8	1323	495	T	0	0	494	37.6396761133603
A_NA_N8	1324	495	G	0	0	494	37.6194331983806
A_NA_N8	1325	495	G	0	0	493	37.8742393509128
A_NA_N8	1326	492	T	0	0	490	37.4918367346939
A_NA_N8	1327	491	C	0	0	491	37.3136456211813
A_NA_N8	1328	482	A	0	0	481	37.4885654885655
A_NA_N8	1329	482	T	0	0	480	37.0729166666667
A_NA_N8	1330	481	G	0	0	481	36.5550935550936
A_NA_N8	1331	481	G	0	0	479	35.7390396659708
A_NA_N8	1332	478	C	0	0	474	36.4789029535865
A_NA_N8	1333	468	A	0	0	467	35.7323340471092
A_NA_N8	1334	430	C	0	0	429	36.0536130536131
A_NA_N8	1335	423	G	0	0	423	36.8983451536643
A_NA_N8	1336	423	A	0	0	422	36.9526066350711
A_NA_N8	1337	420	T	0	0	420	36.8261904761905
A_NA_N8	1338	405	G	0	0	405	36.6814814814815
A_NA_N8	1339	404	G	0	0	403	36.9305210918114
A_NA_N8	1340	359	A	0	0	359	36.5431754874652
A_NA_N8	1341	359	G	0	0	359	36.933147632312
A_NA_N8	1342	358	C	0	0	357	36.453781512605
A_NA_N8	1343	339	T	0	0	339	37.0737463126844
A_NA_N8	1344	337	A	0	0	337	36.7388724035608
A_NA_N8	1345	327	T	0	0	326	36.6472392638037
A_NA_N8	1346	325	C	0	0	325	35.3969230769231
A_NA_N8	1347	322	C	0	0	322	35.4689440993789
A_NA_N8	1348	292	T	0	0	292	36.6438356164384
A_NA_N8	1349	292	T	0	0	291	36.0515463917526
A_NA_N8	1350	289	C	0	0	289	35.5155709342561
A_NA_N8	1351	284	C	0	0	284	36.2746478873239
A_NA_N8	1352	284	C	0	0	284	36.5985915492958
A_NA_N8	1353	249	T	1	0	246	37.2886178861789
A_NA_N8	1354	247	T	0	0	247	36.8744939271255
A_NA_N8	1355	246	T	0	0	245	37.069387755102
A_NA_N8	1356	246	G	0	0	246	37.0853658536585
A_NA_N8	1357	245	A	0	0	245	36.7428571428571
A_NA_N8	1358	243	C	0	0	243	37.1769547325103
A_NA_N8	1359	230	A	0	0	230	36.5608695652174
A_NA_N8	1360	225	T	0	0	225	36.2177777777778
A_NA_N8	1361	213	C	0	0	213	36.5399061032864
A_NA_N8	1362	213	G	0	0	213	36.962441314554
A_NA_N8	1363	212	A	0	0	212	36.8632075471698
A_NA_N8	1364	212	C	0	0	212	37.0943396226415
A_NA_N8	1365	206	A	0	0	206	37.3009708737864
A_NA_N8	1366	202	A	0	0	201	36.9651741293532
A_NA_N8	1367	201	G	0	0	201	37.2238805970149
A_NA_N8	1368	201	A	0	0	201	37.228855721393
A_NA_N8	1369	201	T	0	0	201	37.318407960199
A_NA_N8	1370	197	G	0	0	197	36.9086294416244
A_NA_N8	1371	191	T	0	0	191	36.282722513089
A_NA_N8	1372	187	A	0	0	187	35.9786096256684
A_NA_N8	1373	187	A	0	0	187	36.5454545454545
A_NA_N8	1374	187	T	0	0	187	35.4919786096257
A_NA_N8	1375	168	T	0	0	168	35.7619047619048
A_NA_N8	1376	140	T	0	0	140	36.6071428571429
A_NA_N8	1377	127	A	0	0	126	37.0079365079365
A_NA_N8	1378	127	C	0	0	127	36.4330708661417
A_NA_N8	1379	126	G	0	0	126	37.2301587301587
A_NA_N8	1380	126	A	0	0	126	36.3809523809524
A_NA_N8	1381	126	A	0	0	126	36.4126984126984
A_NA_N8	1382	126	A	0	0	126	36.8968253968254
A_NA_N8	1383	126	A	0	0	126	36.3968253968254
A_NA_N8	1384	126	A	0	0	126	36.3174603174603
A_NA_N8	1385	126	A	0	0	126	35.9047619047619
A_NA_N8	1386	126	C	0	0	126	35.7936507936508
A_NA_N8	1387	120	T	0	0	120	36.6333333333333
A_NA_N8	1388	120	C	0	0	119	33.5798319327731
A_NA_N8	1389	117	C	0	0	117	35.991452991453
A_NA_N8	1390	117	T	0	0	117	33.5555555555556
A_NA_N8	1391	117	T	0	0	117	36.0940170940171
A_NA_N8	1392	117	G	0	0	117	35.3846153846154
A_NA_N8	1393	111	T	0	0	111	35.009009009009
A_NA_N8	1394	110	T	0	0	110	36.0727272727273
A_NA_N8	1395	104	T	0	0	103	32.4368932038835
A_NA_N8	1396	103	C	0	0	103	32.6796116504854
A_NA_N8	1397	93	T	0	0	93	32.6666666666667
A_NA_N8	1398	92	A	0	0	92	32.6847826086956
A_NA_N8	1399	92	C	0	0	92	31.9782608695652
