Reference_Name	Position	Total	Consensus_Allele	Minority_Allele	Consensus_Count	Minority_Count	Consensus_Frequency	Minority_Frequency	Consensus_Average_Quality	Minority_Average_Quality	ConfidenceNotMacErr	PairedUB	QualityUB	Phase
A_NP	372	233	G	A	222	11	0.952789699570815	0.0472103004291846	37.1486486486486	33.8181818181818	0.991206838412352	0.0273797922128549	0.0263769857096093	1
A_NP	624	306	A	C	298	8	0.973856209150327	0.0261437908496732	37.6140939597315	33.125	0.981373492162406	0.0214173873905221	0.0206092475210748	1
A_NP	633	310	G	A	301	9	0.970967741935484	0.0290322580645161	37.0166112956811	30.7777777777778	0.971203387218672	0.0211706229665114	0.0212507841675256	1
A_NP	636	309	T	C	301	8	0.97411003236246	0.0258899676375405	37.5548172757475	33	0.980641643101147	0.0212317246357081	0.0204607193827226	1
A_NP	687	351	A	T	343	8	0.977207977207977	0.0227920227920228	37.5102040816327	35.75	0.988326068800133	0.0189608806478531	0.0175802593064693	1
A_NP	693	355	G	A	347	8	0.977464788732394	0.0225352112676056	37.1469740634006	36.375	0.989775587418752	0.0187722181860241	0.0172974419082577	1
A_NP	696	342	G	A	334	8	0.976608187134503	0.0233918128654971	36.7305389221557	36	0.989261685505296	0.0194012515052031	0.0179796524221638	1
A_NP	708	345	T	C	335	10	0.971014492753623	0.0289855072463768	37.3313432835821	37.9	0.994404755164112	0.0192519480675356	0.0175928058261116	1
A_NP	717	353	A	G	340	13	0.963172804532578	0.0368271954674221	38.0470588235294	35	0.991413199892004	0.0188660232335769	0.0176183029384131	1
A_NP	732	358	A	T	350	8	0.977653631284916	0.0223463687150838	37.7257142857143	36.75	0.990542136546731	0.0186334456367614	0.0171083154525359	1
A_NP	735	361	A	C	352	8	0.975069252077562	0.0221606648199446	37.2698863636364	34.125	0.982545106034684	0.0184969442080449	0.0174354855195229	1
A_NP	738	358	A	G	344	14	0.960893854748603	0.0391061452513966	37.0203488372093	35.1428571428571	0.992175271514142	0.0186334456367614	0.0173595386173947	1
A_NP	739	353	C	A	345	8	0.977337110481586	0.0226628895184136	36.3449275362319	35	0.986046449824507	0.0188660232335769	0.0176183029384131	1
A_NP	741	358	A	G	349	9	0.974860335195531	0.0251396648044693	37.1690544412607	35.3333333333333	0.988350502731824	0.0186334456367614	0.0173248782059637	1
A_NP	753	353	C	A	342	9	0.968838526912181	0.0254957507082153	37.6754385964912	37	0.992174137809066	0.0188660232335769	0.0173084356919113	2
A_NP	760	342	C	A	326	16	0.953216374269006	0.0467836257309941	37.1625766871166	35.5	0.993975706484422	0.0194012515052031	0.0180609721123731	1
A_NP	768	351	C	T	338	12	0.962962962962963	0.0341880341880342	37.7396449704142	36.8333333333333	0.993935534397554	0.0189608806478531	0.0174238384802865	1
A_NP	769	348	A	C	331	16	0.951149425287356	0.0459770114942529	37.8610271903323	35.625	0.994043937295475	0.019105179207744	0.0177446722955633	1
A_NP	771	354	G	A	338	16	0.954802259887006	0.0451977401129944	37.4082840236686	36.375	0.994902194290476	0.0188189902665997	0.0173440474065617	1
A_NP	774	356	T	C	344	12	0.966292134831461	0.0337078651685393	36.9883720930233	35.75	0.99210651565593	0.0187257048172295	0.0173458975157848	1
A_NP	777	361	T	A	349	12	0.966759002770083	0.0332409972299169	37.6532951289398	35.4166666666667	0.991357103959661	0.0184969442080449	0.0171741509842554	1
A_NP	783	356	T	C	343	13	0.963483146067416	0.0365168539325843	38.0204081632653	32.7692307692308	0.985526166622029	0.0187257048172295	0.0180301966513101	1
A_NP	798	364	T	C	346	18	0.950549450549451	0.0494505494505494	37.5693641618497	31.4444444444444	0.985499451370949	0.0183626583441595	0.0181457330111143	1
A_NP	804	360	C	T	346	14	0.961111111111111	0.0388888888888889	37.8670520231214	37.2142857142857	0.995116334682434	0.0185421958046425	0.0169600706269881	1
A_NP	807	375	T	C	361	14	0.962666666666667	0.0373333333333333	37.1274238227147	35.2857142857143	0.992068929625999	0.0178883818439023	0.0165910958277862	1
A_NP	810	370	A	G	353	14	0.954054054054054	0.0378378378378378	36.9603399433428	35.8571428571429	0.993139442593809	0.0181005200088716	0.0167058345801259	1
A_NP	813	374	A	T	362	11	0.967914438502674	0.0294117647058824	36.1132596685083	36.1818181818182	0.991809751123038	0.0179303626780278	0.016486692584262	1
A_NP	816	374	G	A	363	10	0.970588235294118	0.0267379679144385	36.8044077134986	32.9	0.980818984238723	0.0179303626780278	0.0171966219867856	1
A_NP	819	373	T	A	358	15	0.959785522788204	0.0402144772117962	36.6061452513966	36.9333333333333	0.994961697495282	0.0179725651336898	0.0164266564880401	1
A_NP	828	347	C	T	331	16	0.953890489913545	0.0461095100864553	37.3595166163142	36	0.994552346301664	0.019153824554283	0.0177330338581981	1
A_NP	829	344	T	C	328	16	0.953488372093023	0.0465116279069767	37.6737804878049	36.5625	0.995255521751468	0.0193014310221915	0.0177988695954329	1
A_NP	834	326	A	G	310	16	0.950920245398773	0.049079754601227	37.1838709677419	34.8125	0.993272594322221	0.0202431976133388	0.0190281441814814	1
A_NP	843	314	G	T	301	13	0.95859872611465	0.0414012738853503	37.109634551495	34.2307692307692	0.990881794565601	0.0209300469459306	0.0198376523848155	1
A_NP	846	318	C	A	304	12	0.955974842767296	0.0377358490566038	36.7006578947368	32.0833333333333	0.983597405799382	0.0206954285586325	0.020227784739532	1
A_NP	853	320	T	C	309	11	0.965625	0.034375	36.546925566343	37.4545454545455	0.994772395204269	0.0205802844816441	0.0189641985697192	3
A_NP	859	293	T	C	280	13	0.955631399317406	0.0443686006825939	37.75	31.8461538461538	0.985266399717063	0.0222651345854974	0.0218844832022728	1
A_NP	873	303	A	G	295	8	0.973597359735974	0.0264026402640264	37.271186440678	34.75	0.987313183991897	0.0216066674624807	0.0204009654753555	1
A_NP	876	309	C	T	298	11	0.964401294498382	0.0355987055016181	37.2147651006711	34.4545454545455	0.989928103626374	0.0212317246357081	0.0200888972269831	1
A_NP	879	309	A	G	300	8	0.970873786407767	0.0258899676375405	36.3133333333333	30.75	0.967501112653954	0.0212317246357081	0.0213253085016452	1
A_NP	891	301	C	A	294	7	0.976744186046512	0.0232558139534884	37.0680272108844	34.1428571428571	0.983435331793842	0.0217349165473467	0.0206610419089937	1
A_NP	898	297	T	C	290	7	0.976430976430976	0.0235690235690236	36.2448275862069	31.7142857142857	0.971408967587069	0.0219965125150726	0.0216674245521006	1
A_NP	1035	374	T	C	365	9	0.975935828877005	0.0240641711229947	37.413698630137	32.4444444444444	0.976330741742046	0.0179303626780278	0.0173415546517708	1
A_NP	1036	373	G	T	364	9	0.975871313672922	0.0241286863270777	37.1153846153846	35.4444444444444	0.988168988461281	0.0179725651336898	0.0166468919008902	1
A_NP	1059	396	G	A	387	8	0.977272727272727	0.0202020202020202	37.1007751937984	36	0.987566162164027	0.0170550350753252	0.0156425045157327	1
A_NP	1086	363	G	A	356	7	0.980716253443526	0.0192837465564738	37.8202247191011	38.2857142857143	0.992304494437211	0.0184071774794583	0.016713974714426	1
A_NP	1122	300	T	C	293	7	0.976666666666667	0.0233333333333333	37.839590443686	38.2857142857143	0.993640078047282	0.0217996720213409	0.0200964330690328	1
A_NP	1125	298	A	G	290	8	0.973154362416107	0.0268456375838926	38.1172413793103	34.875	0.987876548564698	0.0219304657401914	0.0206990199997729	1
A_NP	1128	297	A	T	290	7	0.976430976430976	0.0235690235690236	37.6793103448276	37.2857142857143	0.992073399310329	0.0219965125150726	0.0203961331761423	1
A_NP	1131	294	C	T	287	7	0.976190476190476	0.0238095238095238	36.5540069686411	35.1428571428571	0.98714821131373	0.0221973048855361	0.0209138857863292	1
A_NP	1260	283	A	G	276	7	0.975265017667845	0.0247349823321555	36.768115942029	32	0.974491295930301	0.0229693585106411	0.0225299574103315	1
A_NP	1281	279	G	A	271	8	0.971326164874552	0.028673835125448	37.3173431734317	37.25	0.993430773800404	0.0232649474875235	0.0216662945304497	1
