Reference_Name	Position	Coverage Depth	Consensus	Deletions	Ambiguous	Consensus_Count	Consensus_Average_Quality
A_NP	1	24	G	0	0	24	33.6666666666667
A_NP	2	24	T	0	0	24	32.875
A_NP	3	24	T	0	0	24	33.9166666666667
A_NP	4	25	G	0	0	25	34.48
A_NP	5	26	A	0	0	25	35.24
A_NP	6	27	T	0	0	27	36.1481481481481
A_NP	7	28	A	0	0	28	36.9285714285714
A_NP	8	29	A	0	0	29	36.6551724137931
A_NP	9	29	T	0	0	29	36.2758620689655
A_NP	10	34	C	0	0	34	35.7647058823529
A_NP	11	34	A	0	0	34	36.2941176470588
A_NP	12	44	C	0	0	44	35.0909090909091
A_NP	13	44	T	0	0	44	36.4772727272727
A_NP	14	46	C	0	0	46	36.2173913043478
A_NP	15	46	A	0	0	46	36.4130434782609
A_NP	16	46	C	0	0	46	36.8478260869565
A_NP	17	46	A	0	0	46	36.7826086956522
A_NP	18	47	G	0	0	47	37.2765957446809
A_NP	19	48	A	0	0	48	37.125
A_NP	20	49	G	0	0	49	37.0408163265306
A_NP	21	49	T	0	0	49	36.0408163265306
A_NP	22	51	G	0	0	51	36.9803921568627
A_NP	23	51	A	0	0	51	37.2156862745098
A_NP	24	60	C	0	0	60	37.3666666666667
A_NP	25	60	A	0	0	60	37.2333333333333
A_NP	26	60	T	0	0	59	37.7118644067797
A_NP	27	64	C	0	0	64	37.40625
A_NP	28	66	A	0	0	66	37.7727272727273
A_NP	29	75	A	0	0	75	37.3866666666667
A_NP	30	77	T	0	0	77	37.7402597402597
A_NP	31	79	A	0	0	79	37.5949367088608
A_NP	32	79	T	0	0	79	37.5189873417722
A_NP	33	79	C	0	0	79	37.2278481012658
A_NP	34	79	A	0	0	79	37.8481012658228
A_NP	35	80	T	0	0	80	37.375
A_NP	36	80	G	0	0	80	37.275
A_NP	37	80	G	0	0	80	37.825
A_NP	38	81	C	0	0	81	37.7530864197531
A_NP	39	81	G	0	0	81	36.8148148148148
A_NP	40	83	T	0	0	83	36.9518072289157
A_NP	41	83	C	0	0	83	37.5542168674699
A_NP	42	83	T	0	0	83	37.2289156626506
A_NP	43	83	C	0	0	83	38.3373493975904
A_NP	44	83	A	0	0	83	38.3855421686747
A_NP	45	84	A	0	0	84	38.2023809523809
A_NP	46	85	G	0	0	85	38.3411764705882
A_NP	47	87	G	0	0	87	37.1954022988506
A_NP	48	87	C	0	0	87	36.7931034482759
A_NP	49	87	A	0	0	87	38.1379310344828
A_NP	50	89	C	0	0	89	37.5393258426966
A_NP	51	89	C	0	0	89	37
A_NP	52	90	A	0	0	90	38.2333333333333
A_NP	53	90	A	0	0	90	37.8777777777778
A_NP	54	90	A	0	0	90	37.7888888888889
A_NP	55	90	C	0	0	90	37.7111111111111
A_NP	56	90	G	0	0	90	37.5777777777778
A_NP	57	90	A	0	0	90	36.7222222222222
A_NP	58	90	T	0	0	90	37.2888888888889
A_NP	59	93	C	0	0	93	38.1397849462366
A_NP	60	93	T	0	0	92	38.3369565217391
A_NP	61	94	T	0	0	94	37.9468085106383
A_NP	62	94	A	0	0	94	37.8510638297872
A_NP	63	94	T	0	0	94	38.4574468085106
A_NP	64	94	G	0	0	94	38.5744680851064
A_NP	65	95	A	0	0	94	38.2659574468085
A_NP	66	95	A	0	0	95	38.5052631578947
A_NP	67	96	C	0	0	96	37.9479166666667
A_NP	68	96	A	0	0	95	38.3894736842105
A_NP	69	97	A	0	0	97	38.0515463917526
A_NP	70	97	A	0	0	97	37.9072164948454
A_NP	71	97	T	0	0	97	38.298969072165
A_NP	72	97	G	0	0	97	38.3298969072165
A_NP	73	97	G	0	0	97	38.2680412371134
A_NP	74	97	A	0	0	96	38.3541666666667
A_NP	75	97	A	0	0	96	38.21875
A_NP	76	97	A	0	0	97	38.2164948453608
A_NP	77	102	C	0	0	101	37.5742574257426
A_NP	78	102	T	0	0	102	38.1764705882353
A_NP	79	102	G	0	0	102	38.3137254901961
A_NP	80	103	G	0	0	103	37.8932038834951
A_NP	81	103	T	0	0	103	36.7766990291262
A_NP	82	104	G	0	0	104	37.7692307692308
A_NP	83	104	G	0	0	104	37.3173076923077
A_NP	84	104	A	0	0	103	37.9514563106796
A_NP	85	104	G	0	0	104	38.0288461538462
A_NP	86	104	A	0	0	104	38.5096153846154
A_NP	87	105	A	0	0	104	38.2596153846154
A_NP	88	106	C	0	0	106	38.0188679245283
A_NP	89	106	G	0	0	106	37.8018867924528
A_NP	90	112	C	0	0	112	37.4375
A_NP	91	112	C	0	0	112	36.9107142857143
A_NP	92	114	A	0	0	114	37.140350877193
A_NP	93	115	G	0	0	114	37.1140350877193
A_NP	94	115	A	0	0	114	37.4649122807018
A_NP	95	117	A	0	0	117	38.0940170940171
A_NP	96	118	T	0	0	118	38.1101694915254
A_NP	97	118	G	0	0	118	37.9830508474576
A_NP	98	118	C	0	0	118	38.1864406779661
A_NP	99	118	T	0	0	117	38.3076923076923
A_NP	100	118	A	0	0	118	38.3220338983051
A_NP	101	118	A	0	0	114	38.3157894736842
A_NP	102	118	T	0	0	116	38.4224137931034
A_NP	103	118	G	0	0	118	38.4830508474576
A_NP	104	118	A	0	0	118	38.1101694915254
A_NP	105	123	A	0	0	122	38.2377049180328
A_NP	106	123	A	0	0	123	37.479674796748
A_NP	107	123	T	0	0	123	37.6585365853659
A_NP	108	125	C	0	0	125	37.768
A_NP	109	125	A	0	0	125	37.72
A_NP	110	126	G	0	0	125	37.848
A_NP	111	126	A	0	0	125	38.336
A_NP	112	126	T	0	0	123	38.2520325203252
A_NP	113	134	C	0	0	134	37.5671641791045
A_NP	114	134	A	0	0	134	37.7164179104478
A_NP	115	139	T	0	0	139	37.841726618705
A_NP	116	141	C	0	0	141	37.2198581560284
A_NP	117	141	T	0	0	141	37.2836879432624
A_NP	118	154	G	0	0	154	36.9285714285714
A_NP	119	154	T	0	0	154	36.961038961039
A_NP	120	155	T	0	0	153	37.1372549019608
A_NP	121	155	G	0	0	155	37.5483870967742
A_NP	122	155	G	0	0	155	36.8193548387097
A_NP	123	155	G	0	0	153	36.7843137254902
A_NP	124	155	A	0	0	155	36.3225806451613
A_NP	125	155	G	0	0	155	36.6387096774194
A_NP	126	155	G	0	0	151	37.0529801324503
A_NP	127	155	A	0	0	154	35.9220779220779
A_NP	128	155	T	0	0	155	37.3096774193548
A_NP	129	155	G	0	0	155	37.6709677419355
A_NP	130	156	G	0	0	153	36.8888888888889
A_NP	131	156	T	0	0	156	36.8717948717949
A_NP	132	156	T	0	0	156	37.3717948717949
A_NP	133	156	G	0	0	156	36.7435897435897
A_NP	134	156	G	0	0	155	36.6645161290323
A_NP	135	156	C	0	0	152	37.3355263157895
A_NP	136	156	G	0	0	156	37.2820512820513
A_NP	137	160	G	0	0	160	37.2375
A_NP	138	160	A	0	0	160	37.36875
A_NP	139	160	A	0	0	160	37.15625
A_NP	140	160	T	0	0	160	36.80625
A_NP	141	157	T	0	0	152	37.7763157894737
A_NP	142	158	G	0	0	158	37.8037974683544
A_NP	143	158	G	0	0	157	37.4331210191083
A_NP	144	158	G	0	0	156	37.7051282051282
A_NP	145	158	A	0	0	157	37.5859872611465
A_NP	146	160	G	0	0	159	37.0440251572327
A_NP	147	162	A	0	0	159	36.8301886792453
A_NP	148	165	T	0	0	165	37.230303030303
A_NP	149	167	T	0	0	167	37.2035928143713
A_NP	150	166	T	0	0	163	38.1104294478528
A_NP	151	165	T	0	0	165	37.5575757575758
A_NP	152	165	A	0	0	164	37.8536585365854
A_NP	153	165	C	0	0	165	37.5393939393939
A_NP	154	168	A	0	0	168	38.0059523809524
A_NP	155	167	T	0	0	165	37.7272727272727
A_NP	156	164	A	0	0	159	37.9748427672956
A_NP	157	165	C	0	0	165	37.4484848484848
A_NP	158	165	A	0	0	165	37.4424242424242
A_NP	159	186	G	0	0	182	37.4065934065934
A_NP	160	185	A	0	0	184	36.4782608695652
A_NP	161	192	T	0	0	192	36.2395833333333
A_NP	162	193	G	0	0	193	36.9067357512953
A_NP	163	187	T	0	0	187	35.8235294117647
A_NP	164	191	G	0	0	191	36.3874345549738
A_NP	165	190	T	0	0	185	36.5621621621622
A_NP	166	189	A	0	0	188	37.0265957446809
A_NP	167	188	C	0	0	188	36.8882978723404
A_NP	168	179	T	0	0	179	37.0223463687151
A_NP	169	182	G	0	0	181	37.1878453038674
A_NP	170	183	A	0	0	183	36.9617486338798
A_NP	171	184	G	0	0	180	37.2833333333333
A_NP	172	184	C	0	0	184	36.4021739130435
A_NP	173	184	T	0	0	182	36.7802197802198
A_NP	174	183	C	0	0	183	37.4918032786885
A_NP	175	183	A	0	0	183	37.0327868852459
A_NP	176	184	A	0	0	184	37.2771739130435
A_NP	177	186	A	0	0	185	38.1243243243243
A_NP	178	184	C	0	0	184	37.7608695652174
A_NP	179	184	T	0	0	184	37.6141304347826
A_NP	180	185	C	0	0	185	37.8648648648649
A_NP	181	185	A	0	0	185	38.0810810810811
A_NP	182	184	A	0	0	178	37.2977528089888
A_NP	183	184	T	0	0	184	37.6684782608696
A_NP	184	187	G	0	0	187	37.9197860962567
A_NP	185	187	A	0	0	187	37.3475935828877
A_NP	186	188	T	0	0	185	37.4810810810811
A_NP	187	188	T	0	0	186	37.6774193548387
A_NP	188	188	A	0	0	188	37.6170212765957
A_NP	189	187	C	0	0	182	37.0714285714286
A_NP	190	188	G	0	0	188	36.7978723404255
A_NP	191	190	A	0	0	188	36.9946808510638
A_NP	192	190	A	0	0	187	37.3422459893048
A_NP	193	191	G	0	0	190	36.3
A_NP	194	192	G	0	0	192	36.125
A_NP	195	192	G	0	0	189	36.1322751322751
A_NP	196	189	A	0	0	186	36.8064516129032
A_NP	197	189	G	0	0	189	36.3280423280423
A_NP	198	190	A	0	0	190	37.0526315789474
A_NP	199	188	C	0	0	188	37.0744680851064
A_NP	200	188	T	0	0	188	37.9893617021277
A_NP	201	188	A	0	0	188	38.2127659574468
A_NP	202	193	A	0	0	193	37.6217616580311
A_NP	203	192	T	0	0	192	37.5520833333333
A_NP	204	192	C	0	0	190	37.4578947368421
A_NP	205	192	C	0	0	192	37.1145833333333
A_NP	206	192	A	0	0	192	36.984375
A_NP	207	192	A	0	0	190	37.9526315789474
A_NP	208	192	A	0	0	192	37.515625
A_NP	209	192	A	0	0	191	37.6335078534031
A_NP	210	195	C	0	0	193	37.3834196891192
A_NP	211	193	A	0	0	193	37.6165803108808
A_NP	212	205	G	0	0	205	36.9658536585366
A_NP	213	209	C	0	0	209	37.2870813397129
A_NP	214	209	A	0	0	209	37.3971291866029
A_NP	215	210	T	0	0	210	37.5761904761905
A_NP	216	209	A	0	0	205	37.5512195121951
A_NP	217	226	A	0	0	226	37.3318584070796
A_NP	218	226	C	0	0	226	36.9380530973451
A_NP	219	226	A	0	0	226	37.2610619469027
A_NP	220	225	C	0	0	221	37.1764705882353
A_NP	221	223	T	0	0	221	37.4253393665158
A_NP	222	225	G	0	0	221	37.3846153846154
A_NP	223	226	G	0	0	226	37.1150442477876
A_NP	224	228	A	0	0	227	37.4625550660793
A_NP	225	228	G	0	0	227	36.8986784140969
A_NP	226	223	A	0	0	223	37.4260089686099
A_NP	227	228	G	0	0	226	36.4380530973451
A_NP	228	227	A	0	0	226	36.929203539823
A_NP	229	226	A	0	0	226	37.7654867256637
A_NP	230	227	T	0	0	227	37.7400881057269
A_NP	231	225	G	0	0	225	37.7377777777778
A_NP	232	226	G	0	0	226	37.5884955752212
A_NP	233	225	T	0	0	223	36.7040358744395
A_NP	234	226	T	0	0	225	37.3733333333333
A_NP	235	227	C	0	0	227	37.5374449339207
A_NP	236	224	T	0	0	224	37.6651785714286
A_NP	237	226	T	0	0	223	37.8161434977578
A_NP	238	226	T	0	0	226	37.7212389380531
A_NP	239	223	C	0	0	222	37.5990990990991
A_NP	240	222	T	0	0	219	37.8264840182648
A_NP	241	225	G	0	0	221	37.6244343891403
A_NP	242	223	C	0	0	223	37.8430493273543
A_NP	243	223	A	0	0	222	37.8963963963964
A_NP	244	221	T	0	0	221	37.9909502262443
A_NP	245	221	T	0	0	221	38.2714932126697
A_NP	246	221	T	0	0	221	38.0316742081448
A_NP	247	220	G	0	0	220	38.0454545454545
A_NP	248	220	A	0	0	219	37.6803652968037
A_NP	249	220	T	0	0	218	37.8990825688073
A_NP	250	219	G	0	0	219	38.1278538812785
A_NP	251	219	A	0	0	219	38.1324200913242
A_NP	252	220	A	0	0	215	38.0697674418605
A_NP	253	220	A	0	0	220	37.9636363636364
A_NP	254	226	G	0	0	226	37.6858407079646
A_NP	255	228	G	0	0	223	37.457399103139
A_NP	256	227	A	0	0	227	37.2775330396476
A_NP	257	227	G	0	0	227	37.2246696035242
A_NP	258	228	A	0	0	227	37.9074889867841
A_NP	259	229	A	0	0	229	37.3799126637555
A_NP	260	229	A	0	0	229	37.4497816593886
A_NP	261	231	C	0	0	230	37.704347826087
A_NP	262	231	A	0	0	231	38.012987012987
A_NP	263	231	A	0	0	227	37.5726872246696
A_NP	264	224	A	0	0	224	37.2678571428571
A_NP	265	225	T	0	0	225	37.1777777777778
A_NP	266	233	A	0	0	232	37.0215517241379
A_NP	267	234	C	0	0	233	37.2017167381974
A_NP	268	229	C	0	0	229	37.3624454148472
A_NP	269	229	T	0	0	229	37.3275109170306
A_NP	270	229	A	0	0	224	37.6651785714286
A_NP	271	229	G	0	0	229	36.3973799126638
A_NP	272	229	A	0	0	228	37.6228070175439
A_NP	273	231	G	0	0	226	37.641592920354
A_NP	274	234	G	0	0	234	37.0897435897436
A_NP	275	227	A	0	0	225	36.9644444444444
A_NP	276	227	G	0	0	227	36.4933920704846
A_NP	277	227	C	0	0	227	36.8105726872247
A_NP	278	227	A	0	0	226	37.3141592920354
A_NP	279	234	T	0	0	232	37.5301724137931
A_NP	280	234	C	0	0	234	37.025641025641
A_NP	281	234	C	0	0	234	37.3589743589744
A_NP	282	234	C	0	0	234	37.5512820512821
A_NP	283	233	A	0	0	233	37.2231759656652
A_NP	284	240	G	0	0	240	37.4041666666667
A_NP	285	239	T	0	0	238	36.3991596638655
A_NP	286	242	G	0	0	242	37.0785123966942
A_NP	287	239	C	0	0	237	36.9746835443038
A_NP	288	232	T	0	0	232	36.9741379310345
A_NP	289	232	G	0	0	232	37.3836206896552
A_NP	290	232	G	0	0	232	37.1896551724138
A_NP	291	233	G	0	0	233	36.6480686695279
A_NP	292	233	A	0	0	233	37.0085836909871
A_NP	293	227	A	0	0	227	37.5550660792952
A_NP	294	227	G	0	0	222	36.9684684684685
A_NP	295	227	G	0	0	227	36.1629955947137
A_NP	296	227	A	0	0	227	36.8105726872247
A_NP	297	225	T	0	0	220	35.5681818181818
A_NP	298	223	C	0	0	223	37.1793721973094
A_NP	299	221	C	0	0	220	36.9909090909091
A_NP	300	224	G	0	0	219	37.4657534246575
A_NP	301	224	A	0	0	224	37.0267857142857
A_NP	302	224	A	0	0	224	37.1651785714286
A_NP	303	223	G	0	0	222	36.490990990991
A_NP	304	219	A	0	0	219	36.9223744292237
A_NP	305	218	A	0	0	217	37.6728110599078
A_NP	306	219	G	0	0	214	37.0093457943925
A_NP	307	219	A	0	0	219	36.8082191780822
A_NP	308	204	C	0	0	204	36.9901960784314
A_NP	309	203	T	0	0	203	37.6995073891626
A_NP	310	203	G	0	0	203	37.2413793103448
A_NP	311	204	G	0	0	204	36.7303921568627
A_NP	312	199	A	0	0	199	37.391959798995
A_NP	313	200	G	0	0	200	37.065
A_NP	314	200	G	0	0	200	35.865
A_NP	315	199	C	0	0	194	36.2422680412371
A_NP	316	200	C	0	0	199	36.0402010050251
A_NP	317	200	C	0	0	200	36.365
A_NP	318	200	A	0	0	199	36.7537688442211
A_NP	319	205	A	0	0	205	37.1512195121951
A_NP	320	202	T	0	0	202	37.7574257425743
A_NP	321	203	T	0	0	197	37.8984771573604
A_NP	322	201	T	0	0	201	37.5024875621891
A_NP	323	200	A	0	0	200	37.555
A_NP	324	200	C	0	0	200	37.7
A_NP	325	200	A	0	0	200	37.825
A_NP	326	205	G	0	0	205	37.5365853658537
A_NP	327	206	G	0	0	206	37.1067961165049
A_NP	328	203	A	0	0	203	36.5812807881773
A_NP	329	202	G	0	0	201	36.4129353233831
A_NP	330	204	A	0	0	203	36.6256157635468
A_NP	331	203	A	0	0	203	36.5862068965517
A_NP	332	204	G	0	0	203	37.448275862069
A_NP	333	203	A	0	0	203	36.6453201970443
A_NP	334	203	G	0	0	203	37.0837438423645
A_NP	335	205	A	0	0	204	37.1029411764706
A_NP	336	205	C	0	0	205	36.8682926829268
A_NP	337	205	G	0	0	205	36.5756097560976
A_NP	338	207	G	0	0	206	36.9854368932039
A_NP	339	207	A	0	0	203	36.384236453202
A_NP	340	207	A	0	0	206	37.0873786407767
A_NP	341	207	A	0	0	207	36.7536231884058
A_NP	342	207	A	0	0	207	37.1739130434783
A_NP	343	207	T	0	0	207	37.2705314009662
A_NP	344	213	G	0	0	213	37.1361502347418
A_NP	345	217	G	0	0	217	36.7649769585253
A_NP	346	217	G	0	0	211	36.7535545023697
A_NP	347	215	T	0	0	211	35.739336492891
A_NP	348	213	G	1	0	213	36.3521126760563
A_NP	349	213	A	1	0	213	37.0328638497653
A_NP	350	216	G	1	0	215	37.1720930232558
A_NP	351	216	A	1	0	213	37.2676056338028
A_NP	352	224	G	1	0	223	37.4529147982063
A_NP	353	226	A	1	0	225	36.1333333333333
A_NP	354	227	A	1	0	225	37.5155555555556
A_NP	355	227	C	0	0	223	37.2286995515695
A_NP	356	225	T	0	0	225	37.1866666666667
A_NP	357	224	A	1	0	218	37.5733944954128
A_NP	358	229	A	0	0	227	37.5462555066079
A_NP	359	234	C	0	0	229	37.4541484716157
A_NP	360	232	T	0	0	227	37.2643171806167
A_NP	361	244	C	0	0	244	36.6352459016393
A_NP	362	237	T	0	0	237	36.7637130801688
A_NP	363	238	A	0	0	236	37.4067796610169
A_NP	364	238	T	0	0	238	37.3529411764706
A_NP	365	238	A	0	0	236	37.4279661016949
A_NP	366	238	T	0	0	238	37.4579831932773
A_NP	367	234	G	0	0	234	37.5897435897436
A_NP	368	240	A	0	0	240	37.15
A_NP	369	240	C	0	0	238	37.3487394957983
A_NP	370	235	A	0	0	235	37.3489361702128
A_NP	371	233	A	0	0	232	36.9439655172414
A_NP	372	233	G	0	0	222	37.1486486486486
A_NP	373	238	G	0	0	238	37.1470588235294
A_NP	374	239	A	0	0	239	37.3430962343096
A_NP	375	237	A	0	0	235	37.2042553191489
A_NP	376	237	G	0	0	237	37.2573839662447
A_NP	377	230	A	0	0	229	37.5152838427948
A_NP	378	230	G	0	0	228	37.5263157894737
A_NP	379	231	A	0	0	229	37.353711790393
A_NP	380	234	T	0	0	234	37.6196581196581
A_NP	381	235	C	0	0	233	37.725321888412
A_NP	382	232	A	0	0	232	37.7715517241379
A_NP	383	232	G	0	0	232	38.073275862069
A_NP	384	233	A	0	0	231	37.3679653679654
A_NP	385	232	A	0	0	232	37.8706896551724
A_NP	386	233	G	0	0	233	37.6351931330472
A_NP	387	235	G	0	0	233	37.6523605150215
A_NP	388	235	A	0	0	232	36.75
A_NP	389	237	T	0	0	236	37.1949152542373
A_NP	390	237	T	0	0	235	36.9617021276596
A_NP	391	238	T	0	0	238	37.0840336134454
A_NP	392	238	G	0	0	237	37.4388185654008
A_NP	393	238	G	0	0	238	36.6134453781513
A_NP	394	238	C	0	0	238	36.8781512605042
A_NP	395	237	G	0	0	237	37.1645569620253
A_NP	396	237	T	0	0	234	37.1923076923077
A_NP	397	237	C	0	0	237	36.7130801687764
A_NP	398	237	A	0	0	237	37.0168776371308
A_NP	399	244	G	0	0	240	36.9666666666667
A_NP	400	246	G	0	0	246	36.8130081300813
A_NP	401	246	C	0	0	245	37.5673469387755
A_NP	402	245	A	0	0	242	37.9628099173554
A_NP	403	245	A	0	0	245	37.2408163265306
A_NP	404	248	A	0	0	248	37.5564516129032
A_NP	405	250	T	0	0	247	37.5627530364373
A_NP	406	249	A	0	0	249	38.004016064257
A_NP	407	250	A	0	0	250	37.584
A_NP	408	247	C	0	0	242	37.2190082644628
A_NP	409	246	G	0	0	246	37.0934959349593
A_NP	410	249	G	0	0	249	36.1526104417671
A_NP	411	249	G	0	0	244	36.4098360655738
A_NP	412	251	G	0	0	251	36.1075697211155
A_NP	413	249	A	0	0	249	36.1164658634538
A_NP	414	248	A	0	0	248	36.5483870967742
A_NP	415	248	G	0	0	248	36.125
A_NP	416	251	A	0	0	250	37.452
A_NP	417	243	C	0	0	240	37.1375
A_NP	418	243	G	0	0	243	36.5925925925926
A_NP	419	243	C	0	0	243	36.3168724279835
A_NP	420	243	G	0	0	237	36.8818565400844
A_NP	421	243	A	0	0	243	37
A_NP	422	251	C	0	0	249	37.0160642570281
A_NP	423	252	T	0	0	249	36.8955823293173
A_NP	424	255	G	0	0	255	36.9529411764706
A_NP	425	255	C	0	0	254	37.2283464566929
A_NP	426	256	T	0	0	253	37.3478260869565
A_NP	427	257	G	0	0	256	37.109375
A_NP	428	256	G	0	0	256	37.2578125
A_NP	429	256	A	0	0	252	37.3571428571429
A_NP	430	256	C	0	0	256	37.38671875
A_NP	431	250	T	0	0	249	37.6064257028112
A_NP	432	255	C	0	0	252	37.2142857142857
A_NP	433	255	A	0	0	255	37.4588235294118
A_NP	434	256	C	0	0	256	37.8359375
A_NP	435	262	T	0	0	261	37.1379310344828
A_NP	436	269	C	0	0	269	37.5576208178439
A_NP	437	269	A	0	0	269	37.4014869888476
A_NP	438	273	T	0	0	273	37.4175824175824
A_NP	439	274	T	0	0	270	37.7074074074074
A_NP	440	274	T	0	0	274	38.0693430656934
A_NP	441	274	G	0	0	270	38.0296296296296
A_NP	442	273	A	0	0	273	37.8827838827839
A_NP	443	273	T	0	0	273	37.6630036630037
A_NP	444	273	G	0	0	273	37.6043956043956
A_NP	445	272	A	0	0	272	37.9301470588235
A_NP	446	273	T	0	0	273	37.5750915750916
A_NP	447	271	C	0	0	267	37.9438202247191
A_NP	448	271	T	0	0	270	38.1037037037037
A_NP	449	273	G	0	0	272	37.4007352941176
A_NP	450	273	G	0	0	273	37.3040293040293
A_NP	451	271	C	0	0	271	37.6457564575646
A_NP	452	276	A	0	0	275	37.7127272727273
A_NP	453	276	T	0	0	275	37.6654545454545
A_NP	454	276	T	0	0	276	37.9384057971015
A_NP	455	276	C	0	0	275	37.4981818181818
A_NP	456	276	C	0	0	276	37.2427536231884
A_NP	457	280	A	0	0	280	37.6785714285714
A_NP	458	282	A	0	0	282	37.6170212765957
A_NP	459	282	T	0	0	280	37.4607142857143
A_NP	460	285	C	0	0	285	37.519298245614
A_NP	461	283	T	0	0	281	38.0249110320285
A_NP	462	285	G	0	0	285	37.4982456140351
A_NP	463	285	A	0	0	285	37.5543859649123
A_NP	464	284	A	0	0	284	37.5457746478873
A_NP	465	286	T	0	0	286	37.3881118881119
A_NP	466	283	G	0	0	283	37.1872791519435
A_NP	467	289	A	0	0	289	37.1868512110727
A_NP	468	290	C	0	0	286	37.3111888111888
A_NP	469	290	G	0	0	290	37.1793103448276
A_NP	470	293	C	0	0	291	36.7147766323024
A_NP	471	293	T	0	0	289	36.6124567474048
A_NP	472	299	A	0	0	299	36.8963210702341
A_NP	473	299	C	0	0	299	36.9565217391304
A_NP	474	297	T	0	0	293	37.6382252559727
A_NP	475	299	T	0	0	299	37.8227424749164
A_NP	476	299	A	0	0	299	37.1939799331104
A_NP	477	297	T	0	0	296	37.5033783783784
A_NP	478	295	C	0	0	295	37.4440677966102
A_NP	479	292	A	0	0	291	37.2817869415808
A_NP	480	293	A	0	0	289	37.2145328719723
A_NP	481	288	A	0	0	286	37.2447552447552
A_NP	482	292	G	0	0	292	37.1575342465753
A_NP	483	293	G	0	0	291	36.7560137457045
A_NP	484	289	A	0	0	289	37.2871972318339
A_NP	485	289	C	0	0	289	37.3148788927336
A_NP	486	286	A	0	0	283	37.7031802120141
A_NP	487	285	A	0	0	285	37.6350877192982
A_NP	488	290	G	0	0	288	36.4097222222222
A_NP	489	288	A	0	0	287	37.1707317073171
A_NP	490	289	G	0	0	289	37.0242214532872
A_NP	491	289	C	0	0	289	36.439446366782
A_NP	492	288	T	0	0	285	36.5578947368421
A_NP	493	288	C	0	0	287	36.8571428571429
A_NP	494	288	T	0	0	287	37.1742160278746
A_NP	495	285	C	0	0	282	37.1843971631206
A_NP	496	287	G	0	0	287	36.4912891986063
A_NP	497	284	T	0	0	284	36.4119718309859
A_NP	498	282	G	0	0	280	36.7535714285714
A_NP	499	281	C	0	0	280	36.4107142857143
A_NP	500	286	G	0	0	286	36.9475524475524
A_NP	501	287	T	0	0	285	36.4175438596491
A_NP	502	286	A	0	0	286	36.7727272727273
A_NP	503	282	C	0	0	282	36.7801418439716
A_NP	504	283	T	0	0	281	36.9644128113879
A_NP	505	287	G	0	0	287	37.0313588850174
A_NP	506	288	G	0	0	288	37.0520833333333
A_NP	507	291	A	0	0	288	36.71875
A_NP	508	291	A	0	0	291	37.2646048109966
A_NP	509	285	T	0	0	285	36.9929824561404
A_NP	510	283	G	0	0	283	37.2014134275618
A_NP	511	283	G	0	0	283	37.113074204947
A_NP	512	280	A	0	0	280	36.8821428571429
A_NP	513	280	T	0	0	277	36.4512635379061
A_NP	514	278	C	0	0	277	36.884476534296
A_NP	515	279	C	0	0	278	37.068345323741
A_NP	516	279	T	0	0	274	37.0401459854015
A_NP	517	281	A	0	0	280	37.0785714285714
A_NP	518	284	G	0	0	284	36.7323943661972
A_NP	519	276	A	0	0	274	37.0656934306569
A_NP	520	277	A	0	0	277	37.1949458483755
A_NP	521	265	T	0	0	264	37.469696969697
A_NP	522	266	G	0	0	266	36.4172932330827
A_NP	523	262	T	0	0	262	36.5916030534351
A_NP	524	258	G	0	0	258	36.6317829457364
A_NP	525	258	C	0	0	255	36.6745098039216
A_NP	526	256	T	0	0	256	36.44140625
A_NP	527	262	C	0	0	261	36.9846743295019
A_NP	528	270	C	0	0	266	36.6917293233083
A_NP	529	275	C	0	0	274	36.1788321167883
A_NP	530	276	T	0	0	276	37.036231884058
A_NP	531	272	C	0	0	266	37.6503759398496
A_NP	532	272	A	0	0	271	37.0774907749078
A_NP	533	273	T	0	0	273	37.0989010989011
A_NP	534	274	G	0	0	274	37.3503649635037
A_NP	535	274	C	0	0	274	37.1094890510949
A_NP	536	268	A	0	0	267	37.187265917603
A_NP	537	269	G	0	0	264	37.2954545454545
A_NP	538	266	G	0	0	266	36.9135338345865
A_NP	539	269	G	0	0	269	36.2342007434944
A_NP	540	267	A	0	0	262	36.2251908396947
A_NP	541	269	T	0	0	268	36.3059701492537
A_NP	542	268	C	0	0	268	35.6455223880597
A_NP	543	268	G	0	0	263	36.5817490494297
A_NP	544	274	A	0	0	273	36.9084249084249
A_NP	545	275	C	0	0	275	36.9127272727273
A_NP	546	273	T	0	0	271	36.929889298893
A_NP	547	290	C	0	0	289	36.7335640138408
A_NP	548	290	T	0	0	289	37.159169550173
A_NP	549	291	T	0	0	291	37.1099656357388
A_NP	550	288	C	0	0	287	36.3728222996516
A_NP	551	289	C	0	0	288	37.1111111111111
A_NP	552	289	A	0	0	283	37.6890459363958
A_NP	553	289	A	0	0	289	37.0968858131488
A_NP	554	289	G	0	0	289	37.439446366782
A_NP	555	288	A	0	0	283	36.9681978798587
A_NP	556	278	A	0	0	276	37.4384057971015
A_NP	557	283	G	0	0	282	37.5496453900709
A_NP	558	287	G	0	0	282	36.6347517730496
A_NP	559	287	T	0	0	285	36.1157894736842
A_NP	560	285	C	0	0	285	36.7052631578947
A_NP	561	285	A	0	0	280	37.7607142857143
A_NP	562	285	G	0	0	285	36.9263157894737
A_NP	563	286	G	0	0	286	37.0699300699301
A_NP	564	286	A	0	0	285	37.4385964912281
A_NP	565	286	G	0	0	286	37.4335664335664
A_NP	566	282	C	0	0	282	37.3404255319149
A_NP	567	279	T	0	0	278	37.3956834532374
A_NP	568	281	G	0	0	281	37.2313167259787
A_NP	569	283	C	0	0	283	37.3674911660777
A_NP	570	283	T	0	0	282	37.063829787234
A_NP	571	282	G	0	0	282	37.2304964539007
A_NP	572	283	G	0	0	283	36.9717314487633
A_NP	573	285	C	0	0	280	36.5035714285714
A_NP	574	284	G	0	0	283	37.0318021201413
A_NP	575	282	C	0	0	282	36.968085106383
A_NP	576	281	A	0	0	280	36.5785714285714
A_NP	577	285	G	0	0	285	36.5684210526316
A_NP	578	288	C	0	0	287	36.7073170731707
A_NP	579	289	A	0	0	288	37.3020833333333
A_NP	580	299	G	0	0	299	37.5551839464883
A_NP	581	299	T	0	0	299	36.6020066889632
A_NP	582	300	A	0	0	299	36.8929765886288
A_NP	583	299	A	0	0	299	36.6789297658863
A_NP	584	300	A	0	0	300	37.2166666666667
A_NP	585	298	G	0	0	293	37.641638225256
A_NP	586	289	G	0	0	289	37.8615916955017
A_NP	587	291	G	0	0	291	36.6838487972509
A_NP	588	285	A	0	0	284	36.8838028169014
A_NP	589	289	G	0	0	289	36.8927335640138
A_NP	590	287	T	0	0	286	36.6958041958042
A_NP	591	288	T	0	0	288	37.7256944444444
A_NP	592	288	G	0	0	288	37.6388888888889
A_NP	593	294	G	0	0	294	37.3673469387755
A_NP	594	294	A	0	0	292	37.3116438356164
A_NP	595	293	A	0	0	293	37.6689419795222
A_NP	596	292	C	0	0	292	37.5719178082192
A_NP	597	289	A	0	0	288	37.8055555555556
A_NP	598	301	A	0	0	301	37.4485049833887
A_NP	599	301	T	0	0	301	37.5382059800664
A_NP	600	304	G	0	0	303	37.4356435643564
A_NP	601	312	G	0	0	312	37.5897435897436
A_NP	602	315	T	0	0	311	36.0257234726688
A_NP	603	314	A	0	0	309	37.1423948220065
A_NP	604	314	A	0	0	314	37.3184713375796
A_NP	605	314	T	0	0	314	37.3566878980892
A_NP	606	313	G	0	0	312	37.8237179487179
A_NP	607	314	G	0	0	314	37.9617834394904
A_NP	608	312	A	0	0	310	36.8451612903226
A_NP	609	311	A	0	0	311	37.4694533762058
A_NP	610	307	C	0	0	302	37.5397350993377
A_NP	611	303	T	0	0	300	37.8233333333333
A_NP	612	303	G	0	0	303	37.4125412541254
A_NP	613	303	A	0	0	303	37.5973597359736
A_NP	614	303	T	0	0	302	37.6721854304636
A_NP	615	303	T	0	0	298	37.6979865771812
A_NP	616	300	C	0	0	299	37.9030100334448
A_NP	617	302	G	0	0	302	37.5894039735099
A_NP	618	297	A	0	0	297	37.6127946127946
A_NP	619	298	A	0	0	298	36.751677852349
A_NP	620	308	T	0	0	308	37.4967532467532
A_NP	621	306	G	0	0	306	37.5294117647059
A_NP	622	309	A	0	0	309	37.4854368932039
A_NP	623	306	T	0	0	306	37.5915032679739
A_NP	624	306	A	0	0	298	37.6140939597315
A_NP	625	307	A	0	0	306	37.5947712418301
A_NP	626	304	A	0	0	304	37.4407894736842
A_NP	627	305	G	0	0	302	37.1688741721854
A_NP	628	306	C	0	0	306	36.8823529411765
A_NP	629	301	G	0	0	300	36.73
A_NP	630	303	G	0	0	295	36.8610169491525
A_NP	631	304	G	0	0	304	36.5953947368421
A_NP	632	312	G	0	0	311	36.9163987138264
A_NP	633	310	G	0	0	301	37.0166112956811
A_NP	634	310	A	0	0	310	36.4387096774194
A_NP	635	309	T	0	0	309	36.3818770226537
A_NP	636	309	T	0	0	301	37.5548172757475
A_NP	637	311	A	0	0	311	38.0900321543408
A_NP	638	310	A	0	0	310	37.8064516129032
A_NP	639	305	T	0	0	305	37.327868852459
A_NP	640	306	G	0	0	306	37.3300653594771
A_NP	641	301	A	0	0	301	37.4285714285714
A_NP	642	301	T	0	0	300	36.8766666666667
A_NP	643	299	C	0	0	299	37.4448160535117
A_NP	644	299	G	0	0	298	37.255033557047
A_NP	645	302	G	0	0	299	36.8260869565217
A_NP	646	303	A	0	0	303	37.2145214521452
A_NP	647	303	A	0	0	303	37.2541254125413
A_NP	648	315	T	0	0	314	36.8980891719745
A_NP	649	315	T	0	0	314	37.3853503184713
A_NP	650	315	T	0	0	315	37.2920634920635
A_NP	651	307	C	0	0	306	37.483660130719
A_NP	652	307	T	0	0	307	37.8338762214984
A_NP	653	307	G	0	0	307	37.7622149837134
A_NP	654	307	G	0	0	307	37.671009771987
A_NP	655	304	A	0	0	304	37.1842105263158
A_NP	656	301	G	0	0	301	37.5581395348837
A_NP	657	294	A	0	0	292	37.0239726027397
A_NP	658	293	G	0	0	293	36.7747440273038
A_NP	659	294	G	0	0	294	36.6938775510204
A_NP	660	295	T	0	0	289	35.7820069204152
A_NP	661	296	G	0	0	296	37.2601351351351
A_NP	662	296	A	0	0	296	37.7432432432432
A_NP	663	288	A	0	0	288	37.7951388888889
A_NP	664	298	A	0	0	298	37.8422818791946
A_NP	665	297	A	0	0	297	37.9158249158249
A_NP	666	295	T	0	0	295	37.3796610169492
A_NP	667	295	G	0	0	295	36.9728813559322
A_NP	668	292	G	0	0	291	37.5945017182131
A_NP	669	287	A	0	0	281	37.7366548042705
A_NP	670	286	C	0	0	285	37.519298245614
A_NP	671	286	G	0	0	286	37.3041958041958
A_NP	672	287	G	0	0	282	37.5177304964539
A_NP	673	317	A	1	0	317	37.0536277602524
A_NP	674	319	A	0	0	314	36.9649681528662
A_NP	675	320	A	0	0	319	36.6677115987461
A_NP	676	321	A	0	0	320	37.428125
A_NP	677	316	C	0	0	316	37.3860759493671
A_NP	678	316	G	0	0	311	37.5852090032154
A_NP	679	312	A	0	0	312	37.6282051282051
A_NP	680	310	G	0	0	310	37.4451612903226
A_NP	681	312	A	0	0	312	37.4166666666667
A_NP	682	312	A	0	0	311	37.524115755627
A_NP	683	329	T	0	0	329	37.6079027355623
A_NP	684	331	T	0	0	330	37.7636363636364
A_NP	685	347	G	0	0	347	37.3487031700288
A_NP	686	346	C	0	0	346	37.3612716763006
A_NP	687	351	A	0	0	343	37.5102040816327
A_NP	688	353	T	0	0	352	37.4204545454545
A_NP	689	353	A	0	0	353	37.2152974504249
A_NP	690	353	T	0	0	353	37.2691218130312
A_NP	691	355	G	0	0	354	37.0988700564972
A_NP	692	354	A	0	0	354	37.0621468926554
A_NP	693	355	G	0	0	347	37.1469740634006
A_NP	694	341	A	0	0	341	37.683284457478
A_NP	695	341	G	0	0	341	37.3724340175953
A_NP	696	342	G	0	0	334	36.7305389221557
A_NP	697	350	A	0	0	349	37.3008595988539
A_NP	698	340	T	0	0	339	37.5339233038348
A_NP	699	342	G	0	0	342	37.4678362573099
A_NP	700	340	T	0	0	340	37.1058823529412
A_NP	701	342	G	0	0	342	36.9795321637427
A_NP	702	342	C	0	0	342	36.9035087719298
A_NP	703	342	A	0	0	342	37.312865497076
A_NP	704	343	A	0	0	341	37.2521994134897
A_NP	705	354	C	0	0	348	37.4798850574713
A_NP	706	355	A	0	0	354	37.7514124293785
A_NP	707	355	T	0	0	354	37.2542372881356
A_NP	708	345	T	0	0	335	37.3313432835821
A_NP	709	348	C	0	0	348	37.367816091954
A_NP	710	347	T	0	0	347	37.5677233429395
A_NP	711	348	C	1	0	348	37.3045977011494
A_NP	712	351	A	0	0	351	37.5584045584046
A_NP	713	352	A	0	0	352	37.8210227272727
A_NP	714	352	A	0	0	351	37.8347578347578
A_NP	715	353	G	0	0	353	37.7705382436261
A_NP	716	353	G	0	0	353	37.6402266288952
A_NP	717	353	A	0	0	340	38.0470588235294
A_NP	718	353	A	0	0	353	37.8470254957507
A_NP	719	353	A	0	0	353	37.8016997167139
A_NP	720	363	A	0	0	358	37.7178770949721
A_NP	721	364	T	0	0	363	37.2148760330578
A_NP	722	364	T	0	0	364	37.3461538461538
A_NP	723	365	C	0	0	363	36.8457300275482
A_NP	724	356	C	0	0	356	37.376404494382
A_NP	725	356	A	0	0	356	37.6292134831461
A_NP	726	356	A	0	0	356	37.8511235955056
A_NP	727	356	A	0	0	356	37.4494382022472
A_NP	728	355	C	0	0	355	37.630985915493
A_NP	729	350	A	0	0	350	38.0085714285714
A_NP	730	352	G	0	0	352	37.2130681818182
A_NP	731	359	C	0	0	358	37.622905027933
A_NP	732	358	A	0	0	350	37.7257142857143
A_NP	733	357	G	0	0	356	37.3370786516854
A_NP	734	359	C	0	0	359	36.8774373259053
A_NP	735	361	A	0	0	352	37.2698863636364
A_NP	736	362	C	0	0	362	37.3397790055249
A_NP	737	358	A	0	0	357	37.187675070028
A_NP	738	358	A	0	0	344	37.0203488372093
A_NP	739	353	C	0	0	345	36.3449275362319
A_NP	740	354	G	0	0	353	37.1048158640227
A_NP	741	358	A	0	0	349	37.1690544412607
A_NP	742	360	G	0	0	360	37.4638888888889
A_NP	743	360	C	0	0	360	37.1194444444444
A_NP	744	359	A	0	0	359	37.3621169916435
A_NP	745	369	A	0	0	368	37.5760869565217
A_NP	746	370	T	0	0	370	37.5675675675676
A_NP	747	370	G	0	0	370	37.6567567567568
A_NP	748	372	A	0	0	372	37.4758064516129
A_NP	749	360	T	0	0	360	37.6666666666667
A_NP	750	358	G	0	0	358	37.3603351955307
A_NP	751	358	G	0	0	358	37.0893854748603
A_NP	752	353	A	0	0	352	37.5227272727273
A_NP	753	353	C	0	0	342	37.6754385964912
A_NP	754	341	C	0	0	341	37.5953079178886
A_NP	755	343	A	0	0	343	37.9212827988338
A_NP	756	343	A	0	0	338	37.292899408284
A_NP	757	348	G	0	0	348	37.1810344827586
A_NP	758	345	T	0	0	344	36.6744186046512
A_NP	759	345	G	0	0	342	37.0701754385965
A_NP	760	342	C	0	0	326	37.1625766871166
A_NP	761	341	G	0	0	340	37.5676470588235
A_NP	762	348	A	0	0	344	37.593023255814
A_NP	763	348	G	0	0	348	37.4626436781609
A_NP	764	349	A	0	0	349	37.7507163323782
A_NP	765	350	A	0	0	350	37.7514285714286
A_NP	766	351	A	0	0	351	37.9287749287749
A_NP	767	352	G	0	0	352	37.5227272727273
A_NP	768	351	C	0	0	338	37.7396449704142
A_NP	769	348	A	0	0	331	37.8610271903323
A_NP	770	357	G	0	0	357	37.624649859944
A_NP	771	354	G	0	0	338	37.4082840236686
A_NP	772	353	A	0	0	353	37.300283286119
A_NP	773	356	A	0	0	355	37.4338028169014
A_NP	774	356	T	0	0	344	36.9883720930233
A_NP	775	361	C	0	0	361	37.1329639889197
A_NP	776	362	C	0	0	362	37.4088397790055
A_NP	777	361	T	0	0	349	37.6532951289398
A_NP	778	362	G	0	0	361	37.7202216066482
A_NP	779	362	G	0	0	362	37.3342541436464
A_NP	780	361	G	0	0	360	37.1583333333333
A_NP	781	361	A	0	0	361	37.7091412742382
A_NP	782	360	A	0	0	360	38.0472222222222
A_NP	783	356	T	0	0	343	38.0204081632653
A_NP	784	357	G	0	0	357	37.6106442577031
A_NP	785	358	C	0	0	358	37.9553072625698
A_NP	786	359	T	0	0	359	38.2367688022284
A_NP	787	361	G	0	0	361	38.1772853185596
A_NP	788	358	A	0	0	358	37.9608938547486
A_NP	789	358	A	0	0	355	38.0366197183099
A_NP	790	364	A	0	0	364	38.0302197802198
A_NP	791	362	T	0	0	362	37.5497237569061
A_NP	792	363	T	0	0	363	37.7878787878788
A_NP	793	363	G	0	0	363	37.4545454545455
A_NP	794	363	A	0	0	362	37.853591160221
A_NP	795	363	A	0	0	363	37.9338842975207
A_NP	796	363	G	0	0	363	37.8044077134986
A_NP	797	362	A	0	0	362	37.4226519337017
A_NP	798	364	T	0	0	346	37.5693641618497
A_NP	799	360	C	0	0	359	37.3704735376045
A_NP	800	358	T	0	0	358	37.4134078212291
A_NP	801	360	C	0	0	357	37.2324929971989
A_NP	802	360	A	0	0	360	37.4472222222222
A_NP	803	360	T	0	0	360	37.5305555555556
A_NP	804	360	C	0	0	346	37.8670520231214
A_NP	805	360	T	0	0	360	37.925
A_NP	806	375	T	0	0	375	37.3306666666667
A_NP	807	375	T	0	0	361	37.1274238227147
A_NP	808	375	C	0	0	375	37.3813333333333
A_NP	809	375	T	0	0	375	37.2426666666667
A_NP	810	370	A	0	0	353	36.9603399433428
A_NP	811	372	G	0	0	371	36.7088948787062
A_NP	812	376	C	0	0	375	36.392
A_NP	813	374	A	0	0	362	36.1132596685083
A_NP	814	373	C	0	0	373	36.4664879356568
A_NP	815	365	G	0	0	365	36.1780821917808
A_NP	816	374	G	0	0	363	36.8044077134986
A_NP	817	372	T	0	0	372	36.8010752688172
A_NP	818	373	C	0	0	373	36.5656836461126
A_NP	819	373	T	0	0	358	36.6061452513966
A_NP	820	379	G	0	0	378	36.5
A_NP	821	379	C	0	0	379	36.1213720316623
A_NP	822	378	A	0	0	374	36.4893048128342
A_NP	823	379	C	0	0	379	36.3482849604222
A_NP	824	331	T	0	0	330	36.9848484848485
A_NP	825	346	C	0	0	346	37.1040462427746
A_NP	826	343	A	0	0	343	37.2040816326531
A_NP	827	347	T	0	0	347	37.2046109510086
A_NP	828	347	C	0	0	331	37.3595166163142
A_NP	829	344	T	0	0	328	37.6737804878049
A_NP	830	343	T	0	0	343	37.6618075801749
A_NP	831	343	G	0	0	343	37.399416909621
A_NP	832	339	A	0	0	338	37.3579881656805
A_NP	833	343	G	0	0	343	37.2857142857143
A_NP	834	326	A	0	0	310	37.1838709677419
A_NP	835	326	G	0	0	325	37.3938461538462
A_NP	836	324	G	0	0	324	36.4043209876543
A_NP	837	322	A	0	0	320	36.990625
A_NP	838	319	T	0	0	319	36.7711598746082
A_NP	839	318	C	0	0	318	37.2327044025157
A_NP	840	317	A	0	0	317	37.2996845425868
A_NP	841	318	G	0	0	318	37.2044025157233
A_NP	842	316	T	0	0	315	36.8634920634921
A_NP	843	314	G	0	0	301	37.109634551495
A_NP	844	316	G	0	0	316	36.2626582278481
A_NP	845	317	C	0	0	317	36.2145110410095
A_NP	846	318	C	0	0	304	36.7006578947368
A_NP	847	316	C	0	0	316	36.7816455696203
A_NP	848	321	A	0	0	321	36.8317757009346
A_NP	849	322	T	0	0	320	37.36875
A_NP	850	321	A	0	0	320	37.609375
A_NP	851	321	A	0	0	321	37.0778816199377
A_NP	852	319	A	0	0	318	37.0031446540881
A_NP	853	320	T	0	0	309	36.546925566343
A_NP	854	318	C	0	0	318	36.7232704402516
A_NP	855	320	C	0	0	318	37.0345911949686
A_NP	856	297	T	0	0	297	37.5656565656566
A_NP	857	297	G	0	0	295	37.1152542372881
A_NP	858	294	C	0	0	290	37.1103448275862
A_NP	859	293	T	0	0	280	37.75
A_NP	860	295	T	0	0	294	37.6122448979592
A_NP	861	295	G	0	0	295	36.7016949152542
A_NP	862	293	C	0	0	293	36.877133105802
A_NP	863	292	C	0	0	292	37.6164383561644
A_NP	864	290	T	0	0	287	37.6202090592335
A_NP	865	293	G	0	0	293	37.4266211604096
A_NP	866	298	C	0	0	298	37.2718120805369
A_NP	867	298	T	0	0	298	37.3187919463087
A_NP	868	301	T	0	0	300	37.49
A_NP	869	303	G	0	0	303	37.016501650165
A_NP	870	300	T	0	0	299	37.1438127090301
A_NP	871	303	G	0	0	303	37.2739273927393
A_NP	872	305	T	0	0	305	37.1704918032787
A_NP	873	303	A	0	0	295	37.271186440678
A_NP	874	303	T	0	0	303	37.3960396039604
A_NP	875	309	A	0	0	309	36.9773462783171
A_NP	876	309	C	0	0	298	37.2147651006711
A_NP	877	309	G	0	0	308	37.0746753246753
A_NP	878	312	G	0	0	312	36.2371794871795
A_NP	879	309	A	0	0	300	36.3133333333333
A_NP	880	307	C	0	0	307	36.4690553745928
A_NP	881	299	T	0	0	297	36.1144781144781
A_NP	882	301	T	0	0	300	37.2733333333333
A_NP	883	308	G	0	0	307	37.3615635179153
A_NP	884	308	C	0	0	307	37.2312703583062
A_NP	885	305	T	0	0	299	37.6053511705686
A_NP	886	304	G	0	0	304	37.8717105263158
A_NP	887	301	T	0	0	301	37.0531561461794
A_NP	888	302	A	0	0	300	36.9966666666667
A_NP	889	302	G	0	0	302	37.2814569536424
A_NP	890	304	C	0	0	304	36.7401315789474
A_NP	891	301	C	0	0	294	37.0680272108844
A_NP	892	295	G	0	0	289	36.6297577854671
A_NP	893	296	G	0	0	293	36.7098976109215
A_NP	894	295	T	0	0	294	35.9013605442177
A_NP	895	301	G	0	0	300	36.7033333333333
A_NP	896	296	G	0	0	296	36.5777027027027
A_NP	897	298	G	0	0	298	36.7651006711409
A_NP	898	297	T	0	0	290	36.2448275862069
A_NP	899	297	A	0	0	297	37
A_NP	900	297	T	0	0	297	37.4646464646465
A_NP	901	298	G	0	0	298	37.1275167785235
A_NP	902	299	A	0	0	297	36.983164983165
A_NP	903	307	C	0	0	306	37.2843137254902
A_NP	904	303	T	0	0	303	37.3927392739274
A_NP	905	303	T	0	0	303	37.4950495049505
A_NP	906	300	T	0	0	300	38.05
A_NP	907	302	G	0	0	302	37.635761589404
A_NP	908	300	A	0	0	300	37.4866666666667
A_NP	909	301	A	0	0	300	37.2733333333333
A_NP	910	303	A	0	0	303	37.3993399339934
A_NP	911	304	G	0	0	304	37.2763157894737
A_NP	912	295	A	0	0	294	37.0476190476191
A_NP	913	299	G	0	0	299	37.0702341137124
A_NP	914	298	A	0	0	298	36.8624161073826
A_NP	915	306	G	0	0	301	36.3189368770764
A_NP	916	307	G	0	0	307	36.4332247557003
A_NP	917	307	G	0	0	307	36.071661237785
A_NP	918	308	G	0	0	308	36.4707792207792
A_NP	919	309	T	0	0	308	35.4285714285714
A_NP	920	311	A	0	0	311	35.7588424437299
A_NP	921	300	C	0	0	300	37.1133333333333
A_NP	922	299	T	0	0	298	37.0436241610738
A_NP	923	302	C	0	0	302	37.0761589403973
A_NP	924	303	T	0	0	298	36.8993288590604
A_NP	925	307	C	0	0	307	36.7100977198697
A_NP	926	305	T	0	0	305	36.9114754098361
A_NP	927	314	G	0	0	313	36.4600638977636
A_NP	928	314	G	0	0	314	37.0191082802548
A_NP	929	317	T	0	0	315	37.0253968253968
A_NP	930	316	T	0	0	313	37.3162939297125
A_NP	931	316	G	0	0	315	36.4253968253968
A_NP	932	326	G	0	0	326	35.9846625766871
A_NP	933	327	A	0	0	324	37.4660493827161
A_NP	934	327	A	0	0	324	37.1358024691358
A_NP	935	325	T	0	0	325	37.2307692307692
A_NP	936	321	A	0	0	320	37.390625
A_NP	937	322	G	0	0	316	36.9145569620253
A_NP	938	325	A	0	0	325	36.8338461538462
A_NP	939	326	T	0	0	323	37.0557275541796
A_NP	940	328	C	0	0	328	36.8536585365854
A_NP	941	319	C	0	0	319	37.2319749216301
A_NP	942	319	T	0	0	315	37.2349206349206
A_NP	943	319	T	0	0	318	36.7389937106918
A_NP	944	319	T	0	0	318	36.5566037735849
A_NP	945	319	C	0	0	319	37.2257053291536
A_NP	946	317	C	0	0	312	37.4391025641026
A_NP	947	318	G	1	0	315	36.9936507936508
A_NP	948	316	C	1	0	312	36.7115384615385
A_NP	949	317	T	1	0	316	36.626582278481
A_NP	950	317	T	1	0	316	37.0822784810127
A_NP	951	317	G	1	0	314	37.015923566879
A_NP	952	320	C	0	0	319	36.9153605015674
A_NP	953	320	T	0	0	319	37.705329153605
A_NP	954	320	T	0	0	317	37.2082018927445
A_NP	955	321	C	0	0	321	37.0373831775701
A_NP	956	320	A	1	0	319	37.6708463949843
A_NP	957	310	A	1	0	310	37.6096774193548
A_NP	958	310	A	1	0	309	37.2556634304207
A_NP	959	309	A	1	0	307	37.6677524429967
A_NP	960	307	C	1	0	306	37.0718954248366
A_NP	961	296	A	1	0	296	37.347972972973
A_NP	962	303	G	1	0	302	37.2450331125828
A_NP	963	307	C	1	0	307	37.371335504886
A_NP	964	308	C	1	0	308	37.4545454545455
A_NP	965	310	A	1	0	310	37.7129032258064
A_NP	966	303	A	1	0	302	37.7880794701987
A_NP	967	311	G	1	0	311	37.3215434083601
A_NP	968	318	T	1	0	316	37.3132911392405
A_NP	969	317	A	1	0	313	37.4504792332268
A_NP	970	345	T	0	0	342	37.3654970760234
A_NP	971	345	T	0	0	345	37.5188405797101
A_NP	972	349	C	0	0	348	36.9971264367816
A_NP	973	349	A	0	0	347	36.9769452449568
A_NP	974	351	G	0	0	349	36.8051575931232
A_NP	975	345	C	0	0	344	36.5755813953488
A_NP	976	339	C	0	0	338	37.3934911242604
A_NP	977	340	T	0	0	340	37.2823529411765
A_NP	978	347	C	0	0	343	37.6180758017493
A_NP	979	347	A	0	0	346	37.8872832369942
A_NP	980	347	T	0	0	347	37.3659942363112
A_NP	981	359	T	0	0	354	37.6242937853107
A_NP	982	358	A	0	0	357	37.7254901960784
A_NP	983	359	G	0	0	357	37.5742296918768
A_NP	984	357	A	0	0	355	37.2535211267606
A_NP	985	356	C	0	0	356	37.3623595505618
A_NP	986	354	C	0	0	354	37.8135593220339
A_NP	987	353	A	0	0	353	38.1133144475921
A_NP	988	358	A	0	0	358	37.695530726257
A_NP	989	359	A	0	0	359	37.9693593314763
A_NP	990	361	T	0	0	360	37.7222222222222
A_NP	991	361	G	0	0	360	37.8333333333333
A_NP	992	359	A	0	0	359	37.8941504178273
A_NP	993	363	A	0	0	363	37.9807162534435
A_NP	994	365	A	0	0	364	37.7884615384615
A_NP	995	370	A	0	0	370	37.7513513513514
A_NP	996	369	T	0	0	363	37.5316804407714
A_NP	997	369	T	0	0	363	37.396694214876
A_NP	998	368	C	0	0	368	37.7961956521739
A_NP	999	364	A	0	0	364	37.8681318681319
A_NP	1000	364	G	0	0	362	37.3950276243094
A_NP	1001	365	C	0	0	365	37.3369863013699
A_NP	1002	366	A	0	0	361	37.2354570637119
A_NP	1003	366	C	0	0	366	37.3196721311475
A_NP	1004	364	A	0	0	364	37.0879120879121
A_NP	1005	363	C	0	0	360	37.8416666666667
A_NP	1006	365	A	0	0	364	37.4587912087912
A_NP	1007	371	A	0	0	371	37.2425876010782
A_NP	1008	373	G	0	0	371	36.8787061994609
A_NP	1009	372	A	0	0	371	37.44474393531
A_NP	1010	372	G	0	0	372	37.3763440860215
A_NP	1011	371	T	0	0	368	37.054347826087
A_NP	1012	369	C	0	0	369	37.5176151761518
A_NP	1013	367	A	0	0	367	37.7057220708447
A_NP	1014	370	G	0	0	365	37.3643835616438
A_NP	1015	369	C	0	0	364	37.3653846153846
A_NP	1016	368	T	0	0	368	37.8016304347826
A_NP	1017	383	G	0	0	380	37.4184210526316
A_NP	1018	385	G	0	0	385	37.4415584415584
A_NP	1019	390	T	0	0	390	37.0666666666667
A_NP	1020	390	A	0	0	385	37.225974025974
A_NP	1021	389	T	0	0	388	37.2654639175258
A_NP	1022	385	G	0	0	385	37.2441558441558
A_NP	1023	386	G	0	0	386	37.3367875647668
A_NP	1024	390	A	0	0	390	37.4717948717949
A_NP	1025	392	T	0	0	392	36.905612244898
A_NP	1026	378	G	0	0	377	37.368700265252
A_NP	1027	379	G	0	0	379	36.8073878627968
A_NP	1028	376	C	0	0	375	37.4026666666667
A_NP	1029	377	A	0	0	377	37.8249336870027
A_NP	1030	377	T	0	0	377	37.5066312997347
A_NP	1031	376	G	0	0	376	37.5186170212766
A_NP	1032	375	C	0	0	375	36.96
A_NP	1033	374	C	0	0	374	37.5106951871658
A_NP	1034	376	A	0	0	376	37.6090425531915
A_NP	1035	374	T	0	0	365	37.413698630137
A_NP	1036	373	G	0	0	364	37.1153846153846
A_NP	1037	373	C	0	0	372	36.6827956989247
A_NP	1038	371	T	0	0	370	37.2432432432432
A_NP	1039	375	G	0	0	375	36.9013333333333
A_NP	1040	375	C	0	0	375	36.872
A_NP	1041	371	C	0	0	362	36.9558011049724
A_NP	1042	373	G	0	0	373	37.5040214477212
A_NP	1043	382	C	0	0	382	37.3952879581152
A_NP	1044	383	A	0	0	379	37.4934036939314
A_NP	1045	383	T	0	0	383	36.9738903394256
A_NP	1046	381	T	0	0	381	37.2230971128609
A_NP	1047	382	T	0	0	377	38.0185676392573
A_NP	1048	381	G	0	0	380	37.9342105263158
A_NP	1049	382	A	0	0	382	38.1282722513089
A_NP	1050	382	A	0	0	382	37.6806282722513
A_NP	1051	387	G	0	0	387	37.6330749354005
A_NP	1052	386	A	0	0	386	37.7227979274611
A_NP	1053	384	T	0	0	383	37.2924281984334
A_NP	1054	379	C	0	0	373	37.7640750670241
A_NP	1055	378	T	0	0	378	37.8227513227513
A_NP	1056	380	G	0	0	375	37.6853333333333
A_NP	1057	380	A	0	0	379	37.8812664907652
A_NP	1058	381	G	0	0	381	37.3569553805774
A_NP	1059	396	G	0	0	387	37.1007751937984
A_NP	1060	397	G	0	0	397	37.1309823677582
A_NP	1061	395	T	0	0	393	36.3765903307888
A_NP	1062	397	A	0	0	393	37.3307888040712
A_NP	1063	398	T	0	0	398	37.4522613065327
A_NP	1064	397	C	0	0	397	37.7430730478589
A_NP	1065	395	A	0	0	395	37.6303797468354
A_NP	1066	392	A	0	0	392	37.7882653061224
A_NP	1067	391	G	0	0	391	37.9744245524297
A_NP	1068	388	T	0	0	384	37.75
A_NP	1069	383	T	0	0	383	37.6657963446475
A_NP	1070	385	T	0	0	385	37.6623376623377
A_NP	1071	385	C	0	0	385	37.574025974026
A_NP	1072	385	A	0	0	385	37.7324675324675
A_NP	1073	386	T	0	0	386	37.2849740932642
A_NP	1074	383	C	0	0	379	37.8337730870712
A_NP	1075	377	A	0	0	376	38.2021276595745
A_NP	1076	374	G	0	0	374	37.927807486631
A_NP	1077	374	A	0	0	374	37.6229946524064
A_NP	1078	370	G	0	0	369	37.5149051490515
A_NP	1079	378	G	0	0	376	37.375
A_NP	1080	375	A	0	0	375	37.0453333333333
A_NP	1081	376	A	0	0	376	37.6914893617021
A_NP	1082	364	C	0	0	360	37.4277777777778
A_NP	1083	363	T	0	0	356	37.5252808988764
A_NP	1084	362	A	0	0	361	37.6925207756233
A_NP	1085	363	A	0	0	358	37.7290502793296
A_NP	1086	363	G	0	0	356	37.8202247191011
A_NP	1087	366	G	0	0	366	37.7540983606557
A_NP	1088	361	T	0	0	361	37.415512465374
A_NP	1089	358	A	0	0	354	37.6638418079096
A_NP	1090	358	A	0	0	355	37.4338028169014
A_NP	1091	359	T	0	0	358	37.3575418994413
A_NP	1092	359	T	0	0	354	37.1581920903955
A_NP	1093	360	C	0	0	360	37.1666666666667
A_NP	1094	359	C	0	0	359	37.4679665738162
A_NP	1095	359	A	0	0	359	37.6796657381616
A_NP	1096	359	A	0	0	359	37.6935933147632
A_NP	1097	361	G	0	0	359	37.7771587743733
A_NP	1098	360	A	0	0	360	37.6916666666667
A_NP	1099	361	G	0	0	361	37.4764542936288
A_NP	1100	360	G	0	0	360	37.7083333333333
A_NP	1101	361	A	0	0	360	37.6694444444444
A_NP	1102	361	A	0	0	355	37.7887323943662
A_NP	1103	361	A	0	0	361	37.6509695290859
A_NP	1104	363	A	0	0	358	37.3575418994413
A_NP	1105	366	C	0	0	366	37.3524590163934
A_NP	1106	363	T	0	0	363	37.6528925619835
A_NP	1107	363	G	0	0	358	37.5977653631285
A_NP	1108	363	T	0	0	361	37.5152354570637
A_NP	1109	365	C	0	0	365	37.1287671232877
A_NP	1110	374	C	0	0	374	37.4010695187166
A_NP	1111	371	A	0	0	370	36.9540540540541
A_NP	1112	370	C	0	0	370	37.4459459459459
A_NP	1113	370	T	0	0	360	37.1861111111111
A_NP	1114	368	A	0	0	367	37.4005449591281
A_NP	1115	367	G	0	0	367	37.5858310626703
A_NP	1116	360	A	0	0	360	37.0222222222222
A_NP	1117	360	G	0	0	360	36.6527777777778
A_NP	1118	350	G	0	0	350	36.7742857142857
A_NP	1119	338	A	0	0	338	37.0680473372781
A_NP	1120	345	G	0	0	345	36.4521739130435
A_NP	1121	309	T	0	0	309	37.0550161812298
A_NP	1122	300	T	0	0	293	37.839590443686
A_NP	1123	298	C	0	0	297	37.4781144781145
A_NP	1124	298	A	0	0	298	37.8020134228188
A_NP	1125	298	A	0	0	290	38.1172413793103
A_NP	1126	303	A	0	0	303	38.016501650165
A_NP	1127	302	T	0	0	302	37.8841059602649
A_NP	1128	297	A	0	0	290	37.6793103448276
A_NP	1129	292	G	0	0	292	37.1027397260274
A_NP	1130	290	C	0	0	289	36.9550173010381
A_NP	1131	294	C	0	0	287	36.5540069686411
A_NP	1132	278	T	0	0	278	38.0287769784173
A_NP	1133	279	C	0	0	278	37.9388489208633
A_NP	1134	279	A	0	0	279	38.1111111111111
A_NP	1135	281	A	0	0	281	37.8896797153025
A_NP	1136	283	A	0	0	283	38.2120141342756
A_NP	1137	283	T	0	0	280	37.575
A_NP	1138	282	G	0	0	282	38.0460992907801
A_NP	1139	280	A	0	0	280	38.1357142857143
A_NP	1140	280	A	0	0	278	38.1223021582734
A_NP	1141	278	A	0	0	278	37.7805755395683
A_NP	1142	278	A	0	0	278	37.6978417266187
A_NP	1143	282	C	0	0	280	38.0071428571429
A_NP	1144	277	A	0	0	275	37.9563636363636
A_NP	1145	275	T	0	0	275	37.8727272727273
A_NP	1146	273	G	0	0	273	37.6263736263736
A_NP	1147	276	G	0	0	276	37.9057971014493
A_NP	1148	275	A	0	0	275	37.5636363636364
A_NP	1149	276	G	0	0	271	37.8819188191882
A_NP	1150	279	A	0	0	279	38.1290322580645
A_NP	1151	285	C	0	0	285	37.6771929824561
A_NP	1152	277	A	0	0	274	38.2481751824818
A_NP	1153	277	A	0	0	276	37.9166666666667
A_NP	1154	277	T	0	0	277	37.9169675090253
A_NP	1155	280	G	0	0	280	37.45
A_NP	1156	278	G	0	0	278	37.2589928057554
A_NP	1157	276	A	0	0	276	37.4927536231884
A_NP	1158	275	C	0	0	271	37.3173431734317
A_NP	1159	273	T	0	0	271	36.90036900369
A_NP	1160	271	C	0	0	271	36.4391143911439
A_NP	1161	272	C	0	0	272	36.7647058823529
A_NP	1162	271	A	0	0	271	37.0664206642066
A_NP	1163	274	C	0	0	269	36.996282527881
A_NP	1164	270	C	0	0	268	37.6082089552239
A_NP	1165	269	A	0	0	268	37.1007462686567
A_NP	1166	271	C	0	0	271	37.5682656826568
A_NP	1167	264	T	0	0	259	37.042471042471
A_NP	1168	264	C	0	0	264	37.7575757575758
A_NP	1169	259	T	0	0	259	37.6640926640927
A_NP	1170	256	T	0	0	253	37.6798418972332
A_NP	1171	257	G	0	0	257	38.0389105058366
A_NP	1172	256	A	0	0	256	37.96875
A_NP	1173	255	A	0	0	255	38.0862745098039
A_NP	1174	266	C	0	0	266	37.9887218045113
A_NP	1175	261	T	0	0	261	37.9616858237548
A_NP	1176	261	A	0	0	258	38.031007751938
A_NP	1177	259	A	0	0	259	38
A_NP	1178	259	G	0	0	259	38.1351351351351
A_NP	1179	261	A	0	0	255	38.156862745098
A_NP	1180	260	A	0	0	260	38.1153846153846
A_NP	1181	264	G	0	0	263	37.828897338403
A_NP	1182	265	C	0	0	265	37.7509433962264
A_NP	1183	264	A	0	0	264	37.9280303030303
A_NP	1184	267	G	0	0	267	37.5543071161049
A_NP	1185	273	A	0	0	270	37.8037037037037
A_NP	1186	275	T	0	0	275	37.4545454545455
A_NP	1187	274	A	0	0	273	37.7106227106227
A_NP	1188	275	C	0	0	274	37.4671532846715
A_NP	1189	270	T	0	0	270	37.4296296296296
A_NP	1190	272	G	0	0	272	37.7573529411765
A_NP	1191	272	G	0	0	272	37.2352941176471
A_NP	1192	272	G	0	0	272	37.5808823529412
A_NP	1193	268	C	0	0	266	37.6240601503759
A_NP	1194	261	T	0	0	258	38.0193798449612
A_NP	1195	266	A	0	0	266	37.8947368421053
A_NP	1196	267	T	0	0	267	37.9138576779026
A_NP	1197	267	C	0	0	261	38.0651340996169
A_NP	1198	265	A	0	0	265	38.011320754717
A_NP	1199	267	G	0	0	267	38.0898876404494
A_NP	1200	274	A	0	0	268	37.9216417910448
A_NP	1201	278	A	0	0	278	37.6115107913669
A_NP	1202	276	C	0	0	276	38
A_NP	1203	278	T	0	0	272	37.7169117647059
A_NP	1204	277	A	0	0	276	38.0579710144928
A_NP	1205	277	G	0	0	277	37.8231046931408
A_NP	1206	284	A	0	0	282	37.9751773049645
A_NP	1207	283	A	0	0	282	37.5815602836879
A_NP	1208	283	G	0	0	283	37.7491166077738
A_NP	1209	271	T	0	0	267	37.4569288389513
A_NP	1210	264	G	0	0	264	37.7916666666667
A_NP	1211	262	G	0	0	262	37.7595419847328
A_NP	1212	262	A	0	0	260	37.5192307692308
A_NP	1213	261	G	0	0	261	37.7624521072797
A_NP	1214	260	G	0	0	260	37.5615384615385
A_NP	1215	261	A	0	0	261	37.7701149425287
A_NP	1216	261	A	0	0	261	37.2490421455939
A_NP	1217	257	A	0	0	257	37.4163424124514
A_NP	1218	258	C	0	0	254	37.4842519685039
A_NP	1219	258	A	0	0	258	37.5077519379845
A_NP	1220	262	C	0	0	262	37.7519083969466
A_NP	1221	258	C	0	0	255	37.7529411764706
A_NP	1222	259	A	0	0	258	38.2015503875969
A_NP	1223	263	A	0	0	262	37.4809160305344
A_NP	1224	262	T	0	0	259	37.3899613899614
A_NP	1225	264	C	0	0	262	37.5
A_NP	1226	264	A	0	0	264	37.969696969697
A_NP	1227	264	A	0	0	264	37.7992424242424
A_NP	1228	266	C	0	0	266	37.9661654135338
A_NP	1229	264	A	0	0	264	38.0492424242424
A_NP	1230	269	A	0	0	269	37.9776951672862
A_NP	1231	267	A	0	0	267	38.3071161048689
A_NP	1232	269	G	0	0	266	37.9774436090226
A_NP	1233	272	A	0	0	269	38.0594795539033
A_NP	1234	272	G	0	0	272	37.75
A_NP	1235	274	C	0	0	273	37.2930402930403
A_NP	1236	271	T	0	0	266	37.5451127819549
A_NP	1237	270	T	0	0	270	37.6888888888889
A_NP	1238	271	C	0	0	271	37.830258302583
A_NP	1239	270	T	0	0	265	38.2905660377359
A_NP	1240	270	G	0	0	269	37.9479553903346
A_NP	1241	280	C	0	0	280	37.3964285714286
A_NP	1242	276	T	0	0	271	38.3210332103321
A_NP	1243	279	G	0	0	279	37.7168458781362
A_NP	1244	279	G	0	0	279	37.3978494623656
A_NP	1245	280	G	0	0	276	37.8913043478261
A_NP	1246	284	C	0	0	284	37.9894366197183
A_NP	1247	284	A	0	0	284	38.2640845070423
A_NP	1248	285	A	0	0	282	38.0496453900709
A_NP	1249	289	A	0	0	289	38.1038062283737
A_NP	1250	289	T	0	0	289	37.1799307958478
A_NP	1251	289	C	0	0	289	37.7647058823529
A_NP	1252	286	A	0	0	286	37.5629370629371
A_NP	1253	286	G	0	0	286	37.1118881118881
A_NP	1254	287	C	0	0	282	37.2375886524823
A_NP	1255	287	G	0	0	287	37.5749128919861
A_NP	1256	285	T	0	0	285	37.5578947368421
A_NP	1257	285	G	0	0	282	37.5815602836879
A_NP	1258	286	C	0	0	286	36.7307692307692
A_NP	1259	285	A	0	0	285	37.319298245614
A_NP	1260	283	A	0	0	276	36.768115942029
A_NP	1261	285	C	0	0	284	37.1830985915493
A_NP	1262	285	C	0	0	285	37.3964912280702
A_NP	1263	286	C	0	0	282	37.354609929078
A_NP	1264	285	A	0	0	285	36.5614035087719
A_NP	1265	286	C	0	0	286	37.4615384615385
A_NP	1266	283	T	0	0	276	37.8695652173913
A_NP	1267	284	T	0	0	284	37.7781690140845
A_NP	1268	289	T	0	0	289	36.8615916955017
A_NP	1269	289	C	0	0	289	36.5397923875433
A_NP	1270	288	T	0	0	288	35.7083333333333
A_NP	1271	289	C	0	0	289	36.356401384083
A_NP	1272	287	C	0	0	282	37.4503546099291
A_NP	1273	288	G	0	0	288	37.4097222222222
A_NP	1274	288	T	0	0	288	37.6736111111111
A_NP	1275	288	A	0	0	283	37.3674911660777
A_NP	1276	289	C	0	0	289	37.4186851211073
A_NP	1277	273	A	0	0	273	37.4798534798535
A_NP	1278	275	G	0	0	275	37.6290909090909
A_NP	1279	278	A	0	0	273	37.6520146520146
A_NP	1280	278	G	0	0	278	37.5647482014388
A_NP	1281	279	G	0	0	271	37.3173431734317
A_NP	1282	265	A	0	0	265	37.5660377358491
A_NP	1283	265	A	0	0	263	37.2053231939163
A_NP	1284	266	C	0	0	261	36.9310344827586
A_NP	1285	262	C	0	0	262	37.236641221374
A_NP	1286	262	T	0	0	261	37.2375478927203
A_NP	1287	261	T	0	0	256	37.26171875
A_NP	1288	263	C	0	0	263	37.2585551330798
A_NP	1289	262	C	0	0	262	36.6030534351145
A_NP	1290	260	T	0	0	257	36.2334630350195
A_NP	1291	260	T	0	0	259	36.969111969112
A_NP	1292	260	T	0	0	260	36.8730769230769
A_NP	1293	257	C	0	0	253	37.2213438735178
A_NP	1294	257	G	0	0	257	37.9571984435798
A_NP	1295	257	A	0	0	257	37.5214007782101
A_NP	1296	257	G	0	0	253	38.0671936758893
A_NP	1297	257	A	0	0	257	37.8210116731518
A_NP	1298	258	G	0	0	257	37.8132295719844
A_NP	1299	257	A	0	0	254	37.5433070866142
A_NP	1300	257	G	0	0	257	37.3229571984436
A_NP	1301	255	C	0	0	255	37.043137254902
A_NP	1302	255	A	0	0	252	37.8134920634921
A_NP	1303	256	A	0	0	254	37.3425196850394
A_NP	1304	255	C	0	0	255	37.5176470588235
A_NP	1305	254	C	0	0	252	37.6785714285714
A_NP	1306	254	A	0	0	250	37.216
A_NP	1307	252	T	0	0	250	37.004
A_NP	1308	251	C	0	0	247	37.8582995951417
A_NP	1309	250	A	0	0	250	37.784
A_NP	1310	252	T	0	0	252	37.7539682539683
A_NP	1311	252	G	0	0	252	37.7222222222222
A_NP	1312	251	G	0	0	251	37.3067729083665
A_NP	1313	252	C	0	0	252	37.6904761904762
A_NP	1314	244	A	0	0	242	37.8801652892562
A_NP	1315	250	G	0	0	250	37.136
A_NP	1316	252	C	0	0	252	37.3730158730159
A_NP	1317	253	A	0	0	253	37.4347826086956
A_NP	1318	252	T	0	0	247	36.8866396761134
A_NP	1319	254	T	0	0	248	37.3709677419355
A_NP	1320	254	T	0	0	245	37.4816326530612
A_NP	1321	256	A	0	0	251	37.4382470119522
A_NP	1322	407	C	0	0	403	36.8436724565757
A_NP	1323	410	A	0	0	405	36.8641975308642
A_NP	1324	418	G	0	0	418	36.9952153110048
A_NP	1325	409	G	0	0	408	36.171568627451
A_NP	1326	440	G	0	0	440	35.8295454545455
A_NP	1327	440	A	0	0	440	36.2886363636364
A_NP	1328	440	A	0	0	440	36.9931818181818
A_NP	1329	460	C	0	0	460	36.7239130434783
A_NP	1330	482	A	0	0	482	36.8319502074689
A_NP	1331	501	G	0	0	492	37.0020325203252
A_NP	1332	505	T	0	0	503	36.2127236580517
A_NP	1333	511	G	0	0	511	36.720156555773
A_NP	1334	519	A	0	0	519	37.1560693641619
A_NP	1335	522	A	0	0	522	37.2624521072797
A_NP	1336	524	G	0	0	524	37.2232824427481
A_NP	1337	526	G	0	0	526	37.1140684410646
A_NP	1338	533	C	0	0	531	36.864406779661
A_NP	1339	520	A	0	0	518	37.8725868725869
A_NP	1340	537	G	0	0	537	36.8864059590317
A_NP	1341	540	A	0	0	538	36.7602230483271
A_NP	1342	542	A	0	0	542	37.4944649446494
A_NP	1343	592	C	0	0	592	37.5135135135135
A_NP	1344	594	A	0	0	591	37.5245346869712
A_NP	1345	630	T	0	0	630	37.2365079365079
A_NP	1346	633	C	0	0	633	37.480252764613
A_NP	1347	634	T	0	0	628	37.3933121019108
A_NP	1348	686	G	0	0	686	37.4052478134111
A_NP	1349	683	A	0	0	683	37.2371888726208
A_NP	1350	697	T	0	0	692	37.4465317919075
A_NP	1351	697	A	0	0	697	37.5724533715925
A_NP	1352	687	T	0	0	687	37.54730713246
A_NP	1353	688	G	0	0	688	37.7107558139535
A_NP	1354	684	A	0	0	682	37.4384164222874
A_NP	1355	700	G	0	0	700	37.8042857142857
A_NP	1356	705	G	0	0	700	37.7628571428571
A_NP	1357	696	A	0	0	695	37.526618705036
A_NP	1358	698	C	0	0	697	37.6083213773314
A_NP	1359	696	T	0	0	690	37.9826086956522
A_NP	1360	707	G	0	0	707	37.7977369165488
A_NP	1361	713	A	0	0	713	37.9649368863955
A_NP	1362	724	A	0	0	721	38.0707350901526
A_NP	1363	724	A	0	0	722	37.9487534626039
A_NP	1364	729	T	0	0	728	37.9271978021978
A_NP	1365	749	C	0	0	743	38.0255720053836
A_NP	1366	757	A	0	0	757	38.1756935270806
A_NP	1367	762	T	0	0	761	38.1090670170828
A_NP	1368	764	A	0	0	764	38.2853403141361
A_NP	1369	762	A	0	0	762	38.0314960629921
A_NP	1370	804	G	0	0	804	38.0957711442786
A_NP	1371	804	A	0	0	800	37.88375
A_NP	1372	845	A	0	0	845	37.7573964497041
A_NP	1373	843	T	0	0	842	37.749406175772
A_NP	1374	854	G	0	0	853	37.9284876905041
A_NP	1375	862	A	0	0	860	37.8127906976744
A_NP	1376	864	T	0	0	863	37.8597914252607
A_NP	1377	867	G	0	0	858	38.0536130536131
A_NP	1378	874	G	0	0	874	37.8226544622426
A_NP	1379	868	A	0	0	866	37.635103926097
A_NP	1380	869	G	0	0	864	38.1018518518519
A_NP	1381	859	A	0	0	856	38.0397196261682
A_NP	1382	885	G	0	0	881	37.6152099886493
A_NP	1383	885	T	0	0	883	37.643261608154
A_NP	1384	885	G	0	0	885	37.8305084745763
A_NP	1385	885	C	0	0	885	37.6338983050847
A_NP	1386	882	C	0	0	881	37.7673098751419
A_NP	1387	882	A	0	0	881	37.9545970488082
A_NP	1388	900	G	0	0	898	37.750556792873
A_NP	1389	902	A	0	0	899	37.6629588431591
A_NP	1390	909	C	0	0	901	37.5715871254162
A_NP	1391	900	C	0	0	900	37.9255555555556
A_NP	1392	893	A	0	0	887	38.3167981961669
A_NP	1393	900	G	0	0	900	38.0333333333333
A_NP	1394	898	A	0	0	898	38.3084632516704
A_NP	1395	901	A	0	0	900	38.2566666666667
A_NP	1396	902	G	0	0	901	38.1709211986681
A_NP	1397	895	A	0	0	895	38.1307262569832
A_NP	1398	896	T	0	0	895	38.1039106145251
A_NP	1399	900	G	0	0	899	38.258064516129
A_NP	1400	900	T	0	0	899	38.0456062291435
A_NP	1401	906	G	0	0	906	38.1633554083885
A_NP	1402	925	T	0	0	923	38.261105092091
A_NP	1403	927	C	0	0	927	38.3214670981661
A_NP	1404	927	T	0	0	923	38.5319609967497
A_NP	1405	948	T	0	0	948	38.4324894514768
A_NP	1406	948	T	0	0	947	38.2777191129884
A_NP	1407	949	C	0	0	948	38.5221518987342
A_NP	1408	948	C	0	0	948	38.4493670886076
A_NP	1409	947	A	0	0	947	38.493136219641
A_NP	1410	946	A	0	0	940	38.136170212766
A_NP	1411	948	G	0	0	948	38.0495780590717
A_NP	1412	956	G	0	0	956	37.3043933054393
A_NP	1413	955	G	0	0	955	37.1329842931937
A_NP	1414	953	C	0	0	952	37.3067226890756
A_NP	1415	951	G	0	0	951	37.4752891692955
A_NP	1416	954	G	0	0	953	38.2434417628541
A_NP	1417	954	G	0	0	954	38.1823899371069
A_NP	1418	954	G	0	0	954	38.1593291404612
A_NP	1419	954	A	0	0	954	38.2316561844864
A_NP	1420	963	G	0	0	963	38.2585669781931
A_NP	1421	959	T	0	0	958	37.3361169102296
A_NP	1422	959	C	0	0	958	38.0480167014614
A_NP	1423	959	T	0	0	959	38.5119916579771
A_NP	1424	960	T	0	0	958	38.1450939457202
A_NP	1425	959	C	0	0	959	38.1001042752868
A_NP	1426	959	G	0	0	959	38.2471324296142
A_NP	1427	959	A	0	0	959	38.2836287799791
A_NP	1428	959	G	0	0	959	38.1908237747654
A_NP	1429	951	C	0	0	950	37.2842105263158
A_NP	1430	950	T	0	0	948	37.2879746835443
A_NP	1431	948	T	0	0	942	38.1072186836518
A_NP	1432	948	T	0	0	948	38.1434599156118
A_NP	1433	948	C	0	0	947	38.2312565997888
A_NP	1434	948	G	0	0	945	37.4899470899471
A_NP	1435	948	G	0	0	948	37.376582278481
A_NP	1436	948	A	0	0	948	38.3586497890295
A_NP	1437	948	C	0	0	948	37.4261603375527
A_NP	1438	947	G	0	0	946	38.3942917547569
A_NP	1439	947	A	0	0	947	38.4012671594509
A_NP	1440	947	A	0	0	945	38.4634920634921
A_NP	1441	947	A	0	0	943	38.4029692470838
A_NP	1442	946	A	0	0	945	38.3883597883598
A_NP	1443	946	G	0	0	946	38.3255813953488
A_NP	1444	944	G	0	0	944	37.3697033898305
A_NP	1445	944	C	0	0	944	38.3262711864407
A_NP	1446	938	A	0	0	938	38.455223880597
A_NP	1447	938	A	0	0	936	38.1602564102564
A_NP	1448	935	C	0	0	935	38.1529411764706
A_NP	1449	935	G	0	0	935	38.1465240641711
A_NP	1450	935	A	0	0	934	37.4271948608137
A_NP	1451	933	A	0	0	932	37.9356223175966
A_NP	1452	932	C	0	0	932	37.2457081545064
A_NP	1453	929	C	0	0	928	37.2413793103448
A_NP	1454	924	C	0	0	923	37.3672806067172
A_NP	1455	924	G	0	0	924	38.211038961039
A_NP	1456	924	A	0	0	924	37.8409090909091
A_NP	1457	924	T	0	0	923	37.421451787649
A_NP	1458	919	C	0	0	919	37.3949945593036
A_NP	1459	918	G	0	0	918	38.2527233115468
A_NP	1460	913	T	0	0	912	38.3037280701754
A_NP	1461	912	G	0	0	912	38.2927631578947
A_NP	1462	912	C	0	0	912	37.1907894736842
A_NP	1463	908	C	0	0	908	38.113436123348
A_NP	1464	905	T	0	0	905	38.4187845303867
A_NP	1465	903	T	0	0	903	38.3410852713178
A_NP	1466	902	C	0	0	902	38.290465631929
A_NP	1467	901	C	0	0	901	38.3607103218646
A_NP	1468	893	T	0	0	892	38.3396860986547
A_NP	1469	892	T	0	0	892	38.4854260089686
A_NP	1470	890	T	0	0	890	38.4561797752809
A_NP	1471	889	G	0	0	889	38.4420697412823
A_NP	1472	887	A	0	0	887	38.2401352874859
A_NP	1473	887	C	0	0	887	38.2593010146561
A_NP	1474	886	A	0	0	886	38.3803611738149
A_NP	1475	850	T	0	0	850	38.4094117647059
A_NP	1476	850	G	0	0	850	38.3082352941176
A_NP	1477	850	A	0	0	850	38.2094117647059
A_NP	1478	850	A	0	0	846	38.3770685579196
A_NP	1479	849	T	0	0	849	38.2614840989399
A_NP	1480	829	A	0	0	829	38.2183353437877
A_NP	1481	829	A	0	0	828	38.1678743961353
A_NP	1482	810	T	0	0	807	37.9442379182156
A_NP	1483	810	G	0	0	810	37.8358024691358
A_NP	1484	798	A	0	0	797	37.7728983688833
A_NP	1485	751	G	0	0	750	37.8466666666667
A_NP	1486	732	G	0	0	730	37.8109589041096
A_NP	1487	719	G	0	0	718	37.58356545961
A_NP	1488	710	A	0	0	710	37.8901408450704
A_NP	1489	710	T	0	0	709	37.607898448519
A_NP	1490	706	C	0	0	706	37.8611898016997
A_NP	1491	704	T	0	0	704	38.1392045454545
A_NP	1492	703	T	0	0	703	38.3741109530583
A_NP	1493	703	A	0	0	703	38.2546230440967
A_NP	1494	694	T	0	0	694	38.0273775216138
A_NP	1495	687	T	0	0	687	38.1149927219796
A_NP	1496	685	T	0	0	685	37.9386861313869
A_NP	1497	680	C	0	0	680	37.9941176470588
A_NP	1498	620	T	0	0	620	38.1177419354839
A_NP	1499	619	T	0	0	619	38.0274636510501
A_NP	1500	618	T	0	0	615	38.2276422764228
A_NP	1501	615	G	0	0	615	37.9365853658537
A_NP	1502	614	G	0	0	614	37.6954397394137
A_NP	1503	609	A	0	0	605	37.8082644628099
A_NP	1504	609	G	0	0	609	37.8325123152709
A_NP	1505	592	A	0	0	590	37.835593220339
A_NP	1506	589	C	0	0	588	37.6258503401361
A_NP	1507	574	A	0	0	574	37.8344947735192
A_NP	1508	574	A	0	0	574	37.787456445993
A_NP	1509	574	T	0	0	574	37.8571428571429
A_NP	1510	574	G	0	0	574	37.815331010453
A_NP	1511	574	C	0	0	573	37.5968586387435
A_NP	1512	544	A	0	0	542	37.4225092250922
A_NP	1513	544	G	0	0	544	37.4136029411765
A_NP	1514	543	A	0	0	543	37.2780847145488
A_NP	1515	531	G	0	0	531	37.3239171374765
A_NP	1516	529	G	0	0	529	37.1531190926276
A_NP	1517	448	A	0	0	448	37.7901785714286
A_NP	1518	446	G	0	0	445	37.7910112359551
A_NP	1519	421	T	0	0	420	38.0619047619048
A_NP	1520	420	T	0	0	419	37.6515513126492
A_NP	1521	420	T	0	0	419	37.7183770883055
A_NP	1522	420	G	0	0	420	37.6547619047619
A_NP	1523	420	A	0	0	420	37.3714285714286
A_NP	1524	420	C	0	0	420	37.4785714285714
A_NP	1525	370	A	0	0	370	37.927027027027
A_NP	1526	368	A	0	0	367	38.2261580381471
A_NP	1527	359	T	0	0	359	37.933147632312
A_NP	1528	357	T	0	0	357	38.0980392156863
A_NP	1529	357	A	0	0	357	38.2997198879552
A_NP	1530	357	A	0	0	357	37.9915966386555
A_NP	1531	355	A	0	0	355	37.7859154929577
A_NP	1532	355	G	0	0	355	37.5408450704225
A_NP	1533	343	A	0	0	343	37.7930029154519
A_NP	1534	340	A	0	0	340	37.5441176470588
A_NP	1535	336	A	0	0	336	37.8690476190476
A_NP	1536	335	A	0	0	332	37.4066265060241
A_NP	1537	335	A	0	0	335	37.0059701492537
A_NP	1538	335	T	0	0	335	36.244776119403
A_NP	1539	333	A	0	0	329	34.531914893617
A_NP	1540	333	C	0	0	333	36.5015015015015
A_NP	1541	305	C	0	0	305	34.5114754098361
A_NP	1542	304	C	0	0	304	36.8453947368421
A_NP	1543	294	T	0	0	294	34.5816326530612
A_NP	1544	291	T	0	0	290	36.5206896551724
A_NP	1545	291	G	0	0	291	36.1821305841924
A_NP	1546	281	T	0	0	280	36.0071428571429
A_NP	1547	280	T	0	0	280	36.3321428571429
A_NP	1548	276	T	0	0	276	33.4130434782609
A_NP	1549	236	C	0	0	236	33.8474576271186
A_NP	1550	231	T	0	0	231	33.6969696969697
A_NP	1551	229	A	0	0	229	33.1004366812227
A_NP	1552	229	C	0	0	229	33.3187772925764
