Reference_Name	Position	Coverage Depth	Consensus	Deletions	Ambiguous	Consensus_Count	Consensus_Average_Quality
A_NS	1	51	C	0	0	51	33.4509803921569
A_NS	2	93	A	0	0	93	32.9462365591398
A_NS	3	169	G	0	0	169	32.8165680473373
A_NS	4	175	C	0	0	175	32.8514285714286
A_NS	5	181	A	0	0	181	33.3591160220994
A_NS	6	213	A	0	0	213	34.0892018779343
A_NS	7	221	A	0	0	221	35.1447963800905
A_NS	8	224	A	0	0	223	35.7264573991031
A_NS	9	233	G	1	0	233	35.8197424892704
A_NS	10	239	C	0	0	239	35.7029288702929
A_NS	11	239	A	0	0	239	35.8619246861925
A_NS	12	304	G	0	0	304	34.9111842105263
A_NS	13	305	G	0	0	305	33.4524590163934
A_NS	14	326	G	0	0	323	34.3250773993808
A_NS	15	327	T	0	0	324	33.6327160493827
A_NS	16	384	G	0	0	383	33.976501305483
A_NS	17	385	A	0	0	384	34.8619791666667
A_NS	18	407	C	0	0	407	35.8378378378378
A_NS	19	407	A	0	0	407	36.3144963144963
A_NS	20	408	A	0	0	408	36.1470588235294
A_NS	21	430	A	0	0	430	36.6744186046512
A_NS	22	964	G	0	0	962	34.0540540540541
A_NS	23	1043	A	0	0	1042	34.063339731286
A_NS	24	1064	C	0	0	1064	34.6607142857143
A_NS	25	1065	A	0	0	1065	34.5718309859155
A_NS	26	1077	T	0	0	1076	34.9842007434944
A_NS	27	1085	A	0	0	1083	36.6204986149584
A_NS	28	1096	A	0	0	1094	36.5840950639854
A_NS	29	1098	T	0	0	1098	36.6484517304189
A_NS	30	1128	G	0	0	1127	36.773735581189
A_NS	31	1171	G	0	0	1171	36.2100768573869
A_NS	32	1201	A	0	0	1198	36.245409015025
A_NS	33	1671	T	0	0	1667	35.4067186562687
A_NS	34	1671	T	0	0	1670	36.1023952095808
A_NS	35	1713	C	0	0	1712	35.8732476635514
A_NS	36	1717	C	0	0	1714	36.098016336056
A_NS	37	1717	A	0	0	1713	36.2959719789842
A_NS	38	1750	A	0	0	1750	37.1851428571429
A_NS	39	1753	C	0	0	1752	36.8675799086758
A_NS	40	1759	A	0	0	1757	35.6903813318156
A_NS	41	1759	C	0	0	1758	35.8651877133106
A_NS	42	1759	T	1	0	1757	37.3443369379624
A_NS	43	1901	G	1	0	1899	36.9246972090574
A_NS	44	1902	T	1	0	1899	36.7261716692996
A_NS	45	1925	G	0	0	1924	37.1320166320166
A_NS	46	1925	T	0	0	1917	37.1298904538341
A_NS	47	1925	C	0	0	1923	37.3005720228809
A_NS	48	1925	A	0	0	1924	37.6595634095634
A_NS	49	1926	A	0	0	1921	37.3123373243103
A_NS	50	1959	G	0	0	1958	37.3733401430031
A_NS	51	2002	C	0	0	1999	37.2971485742871
A_NS	52	2003	T	0	0	2001	37.5397301349325
A_NS	53	2027	T	0	0	2026	37.5473840078973
A_NS	54	2027	T	0	0	2025	37.5698765432099
A_NS	55	2081	C	0	0	2077	37.5690900337025
A_NS	56	2083	A	0	0	2077	37.4463168030814
A_NS	57	2096	G	0	0	2095	37.7560859188544
A_NS	58	2101	G	0	0	2097	37.5665236051502
A_NS	59	2101	T	0	0	2080	35.8740384615385
A_NS	60	2108	A	0	0	2107	37.3255813953488
A_NS	61	2122	G	0	0	2121	37.2852428099953
A_NS	62	2196	A	0	0	2191	37.2537654039252
A_NS	63	2228	C	0	0	2227	37.6178715761114
A_NS	64	2228	T	0	0	2225	37.3132584269663
A_NS	65	2277	G	0	0	2274	37.3707124010554
A_NS	66	2278	C	1	0	2276	37.4046572934974
A_NS	67	2279	T	1	0	2276	37.6893673110721
A_NS	68	2289	T	1	0	2286	37.8626421697288
A_NS	69	2314	T	1	0	2311	37.822587624405
A_NS	70	2371	C	1	0	2371	37.6018557570645
A_NS	71	2371	T	1	0	2371	37.8034584563475
A_NS	72	2371	T	1	0	2370	37.5936708860759
A_NS	73	2372	T	0	0	2367	37.6510350654837
A_NS	74	2378	G	0	0	2378	37.5937762825904
A_NS	75	2378	G	0	0	2375	37.1381052631579
A_NS	76	2379	C	0	0	2377	37.6916281026504
A_NS	77	2379	A	0	0	2378	37.9402859545837
A_NS	78	2380	T	0	0	2379	38.0533837746952
A_NS	79	2399	G	0	0	2396	37.6656928213689
A_NS	80	2400	T	0	0	2398	37.81317764804
A_NS	81	2414	C	1	0	2413	37.8765022793203
A_NS	82	2415	C	0	0	2410	37.7294605809129
A_NS	83	2416	G	0	0	2411	36.9216092907507
A_NS	84	2420	C	0	0	2419	36.948325754444
A_NS	85	2420	A	0	0	2420	37.1202479338843
A_NS	86	2424	A	0	0	2424	36.990099009901
A_NS	87	2425	A	0	0	2419	36.88011575031
A_NS	88	2448	C	0	0	2447	37.8933387821823
A_NS	89	2457	G	0	0	2456	37.1017915309446
A_NS	90	2464	A	0	0	2461	36.5757822023568
A_NS	91	2467	T	0	0	2465	37.4279918864097
A_NS	92	2476	T	0	0	2473	37.7108774767489
A_NS	93	2477	T	0	0	2476	37.2096122778675
A_NS	94	2478	G	0	0	2475	37.4117171717172
A_NS	95	2478	C	0	0	2476	37.7495961227787
A_NS	96	2481	A	0	0	2474	38.0582053354891
A_NS	97	2582	G	0	0	2581	37.4366524602867
A_NS	98	2659	A	0	0	2655	37.4843691148776
A_NS	99	2737	C	0	0	2735	37.4983546617916
A_NS	100	2737	C	0	0	2729	37.3558079882741
A_NS	101	2744	A	0	0	2743	37.6361647830842
A_NS	102	2781	A	0	0	2779	37.5030586541922
A_NS	103	2938	G	0	0	2937	37.3827034388832
A_NS	104	2942	A	0	0	2937	37.2475314947225
A_NS	105	2948	A	0	0	2944	37.4813179347826
A_NS	106	2952	C	0	0	2949	37.4459138691082
A_NS	107	2953	T	0	0	2952	37.5538617886179
A_NS	108	2994	G	0	0	2994	37.3600534402138
A_NS	109	3010	G	0	0	3007	36.8011306950449
A_NS	110	3034	G	0	0	3027	36.5592996366039
A_NS	111	3035	T	0	0	3015	36.5578772802653
A_NS	112	3036	G	0	0	3034	36.0504284772577
A_NS	113	3042	A	0	0	3037	36.7089232795522
A_NS	114	3046	T	0	0	3040	37.6131578947368
A_NS	115	3081	G	0	0	3080	37.4571428571429
A_NS	116	3125	C	0	0	3121	37.5472604934316
A_NS	117	3139	C	0	0	3132	37.2803320561941
A_NS	118	3145	C	0	0	3142	37.6419478039465
A_NS	119	3148	C	0	0	3148	37.1489834815756
A_NS	120	3167	A	0	0	3163	36.9092633575719
A_NS	121	3541	T	0	0	3540	37.3864406779661
A_NS	122	3588	T	0	0	3587	37.579314190131
A_NS	123	3604	C	0	0	3602	37.5033314825097
A_NS	124	3607	C	0	0	3606	37.5607321131448
A_NS	125	3610	T	0	0	3603	37.6208714959756
A_NS	126	3612	A	0	0	3605	37.8216366158114
A_NS	127	3615	G	0	0	3611	37.6397119911382
A_NS	128	3617	A	0	0	3614	37.9750968456004
A_NS	129	3621	C	0	0	3616	37.9200774336283
A_NS	130	3607	C	0	0	3603	37.6891479322787
A_NS	131	3614	G	0	0	3612	36.5847176079734
A_NS	132	3632	G	0	0	3629	35.9639019013502
A_NS	133	3633	C	0	0	3554	36.7504220596511
A_NS	134	3633	T	0	0	3626	36.426916712631
A_NS	135	3636	T	0	0	3630	36.831955922865
A_NS	136	3641	C	0	0	3638	37.9601429356789
A_NS	137	3652	G	0	0	3646	36.7493143170598
A_NS	138	3652	C	0	0	3651	36.8638729115311
A_NS	139	3652	C	0	0	3650	37.2824657534247
A_NS	140	3652	G	0	0	3650	37.193698630137
A_NS	141	3652	A	0	0	3646	36.9500822819528
A_NS	142	3727	G	0	0	3725	36.6544966442953
A_NS	143	3728	A	0	0	3723	36.8170829975826
A_NS	144	3747	C	0	0	3738	36.9724451578384
A_NS	145	3753	C	0	0	3749	37.1869831955188
A_NS	146	3755	A	0	0	3746	38.0563267485318
A_NS	147	3765	G	0	0	3760	37.6577127659574
A_NS	148	3765	A	0	0	3759	37.6153232242618
A_NS	149	3764	A	0	0	3761	37.7747939377825
A_NS	150	3819	G	0	0	3817	37.5899921404244
A_NS	151	3812	T	0	0	3800	37.3007894736842
A_NS	152	3906	C	1	0	3904	37.2930327868852
A_NS	153	3877	C	0	0	3872	37.4222623966942
A_NS	154	3877	C	0	0	3870	37.687338501292
A_NS	155	3876	T	0	0	3872	37.90625
A_NS	156	3884	A	0	0	3882	37.8835651725914
A_NS	157	3880	A	0	0	3875	37.6903225806452
A_NS	158	3943	G	0	0	3938	37.8230066023362
A_NS	159	3925	A	0	0	3918	37.2628892291986
A_NS	160	3954	G	0	0	3952	37.5630060728745
A_NS	161	3916	G	0	0	3913	37.0702785586506
A_NS	162	3912	A	0	0	3908	37.1330603889458
A_NS	163	3870	A	0	0	3846	37.586843473739
A_NS	164	3873	G	0	0	3866	37.3737713398862
A_NS	165	3893	A	0	0	3882	37.3485316846986
A_NS	166	3902	G	0	0	3901	37.335042296847
A_NS	167	3865	G	0	0	3859	37.0738533298782
A_NS	168	3861	C	0	0	3853	36.9109784583441
A_NS	169	3858	A	0	0	3852	37.2271547248183
A_NS	170	3887	G	0	0	3880	36.4780927835052
A_NS	171	3890	C	0	0	3886	36.8782810087494
A_NS	172	3929	A	0	0	3925	37.5819108280255
A_NS	173	3837	C	0	0	3834	37.5033907146583
A_NS	174	3823	T	0	0	3821	37.5228997644596
A_NS	175	3823	C	0	0	3821	37.6069091860769
A_NS	176	3820	T	0	0	3817	37.6285040607807
A_NS	177	3818	T	0	0	3797	37.8351329997366
A_NS	178	3885	G	0	0	3881	37.6075753671734
A_NS	179	3916	G	0	0	3914	37.3740419008687
A_NS	180	3919	T	0	0	3902	36.895694515633
A_NS	181	3662	C	0	0	3660	37.3478142076503
A_NS	182	3607	T	0	0	3604	37.4839067702553
A_NS	183	3768	G	0	0	3759	37.4011705240756
A_NS	184	3772	G	0	0	3772	37.1670201484624
A_NS	185	3787	A	0	0	3781	37.5950806664903
A_NS	186	3878	C	0	0	3875	37.669935483871
A_NS	187	3848	A	0	0	3848	37.6317567567568
A_NS	188	3884	T	0	0	3882	37.5208655332303
A_NS	189	3872	C	0	0	3867	37.5515903801396
A_NS	190	3875	G	0	0	3868	36.8567735263702
A_NS	191	3939	A	0	0	3934	37.7364006100661
A_NS	192	3935	A	0	0	3935	37.6320203303685
A_NS	193	3935	A	0	0	3926	36.9867549668874
A_NS	194	3910	C	0	0	3904	37.109375
A_NS	195	3904	A	0	0	3894	37.2041602465331
A_NS	196	3903	G	0	0	3900	37.3792307692308
A_NS	197	3912	C	0	0	3909	37.561013046815
A_NS	198	3914	T	0	0	3906	37.4219150025602
A_NS	199	3918	A	0	0	3913	37.5180168668541
A_NS	200	3879	C	0	0	3878	37.5371325425477
A_NS	201	3878	T	0	0	3875	37.4885161290323
A_NS	202	3890	C	0	0	3886	37.6451363870304
A_NS	203	3890	G	0	0	3888	37.0146604938272
A_NS	204	3874	T	0	0	3865	36.8714100905563
A_NS	205	3874	G	0	0	3870	37.1594315245478
A_NS	206	3854	C	0	0	3849	36.8295661210704
A_NS	207	3853	G	0	0	3849	37.4364770070148
A_NS	208	3889	G	0	0	3883	37.3814061292815
A_NS	209	3895	G	0	0	3893	37.4014898535834
A_NS	210	3932	A	0	0	3925	37.1546496815287
A_NS	211	3927	A	0	0	3922	37.254462009179
A_NS	212	3930	A	0	0	3922	37.7730749617542
A_NS	213	3987	G	0	0	3984	37.5926204819277
A_NS	214	3990	C	0	0	3984	37.5426706827309
A_NS	215	4021	A	0	0	4014	37.5423517688092
A_NS	216	4039	G	0	0	4038	37.6944031698861
A_NS	217	4046	A	0	0	4025	37.3423602484472
A_NS	218	4065	T	0	0	4062	37.7941900541605
A_NS	219	4037	A	0	0	4032	37.7115575396825
A_NS	220	4064	G	0	0	4061	37.788968234425
A_NS	221	4028	T	0	0	4012	36.7731804586241
A_NS	222	4014	G	0	0	4006	37.2036944583125
A_NS	223	4027	G	0	0	4023	37.0765597812578
A_NS	224	4001	A	0	0	3985	36.969887076537
A_NS	225	4004	G	0	0	4000	37.19575
A_NS	226	4006	C	0	0	4002	37.2271364317841
A_NS	227	4013	G	0	0	4010	37.113216957606
A_NS	228	4039	G	0	0	4036	37.1228939544103
A_NS	229	4037	A	0	0	4036	36.7556987115956
A_NS	230	4036	T	0	0	4034	36.8775409023302
A_NS	231	4029	T	0	0	4027	37.1318599453688
A_NS	232	4101	C	0	0	4099	37.7921444254696
A_NS	233	4113	T	0	0	4110	37.9362530413625
A_NS	234	4136	G	0	0	4130	37.909200968523
A_NS	235	4145	G	0	0	4135	37.625876662636
A_NS	236	4131	A	0	0	4122	37.5351770984959
A_NS	237	4129	G	0	0	4124	37.7533947623666
A_NS	238	4137	G	0	0	4133	37.0687152189693
A_NS	239	4125	A	0	0	4116	36.9822643343051
A_NS	240	4122	A	0	0	4114	37.8964511424404
A_NS	241	4129	G	0	0	4126	37.5918565196316
A_NS	242	4115	A	0	0	4106	37.3485143692158
A_NS	243	4138	G	0	0	4135	37.3673518742443
A_NS	244	4135	T	0	0	4127	37.1693724254907
A_NS	245	4147	C	0	0	4140	37.2985507246377
A_NS	246	4147	C	0	0	4147	37.8885941644562
A_NS	247	4158	G	0	0	4155	37.3037304452467
A_NS	248	4162	A	0	0	4156	36.8115976900866
A_NS	249	4132	T	0	0	4126	36.8618516723219
A_NS	250	4087	G	0	0	4082	37.1663400293974
A_NS	251	4085	A	0	0	4076	37.5856231599607
A_NS	252	4062	G	0	0	4055	37.4838471023428
A_NS	253	4111	G	0	0	4102	37.3176499268649
A_NS	254	4031	C	0	0	4029	36.9434102755026
A_NS	255	4036	A	0	0	4032	37.0560515873016
A_NS	256	4140	C	0	0	4138	37.7607539874335
A_NS	257	4125	T	0	0	4122	37.8107714701601
A_NS	258	4191	T	0	0	4187	37.8330546930977
A_NS	259	4176	A	0	0	4170	37.9786570743405
A_NS	260	4177	A	0	0	4172	38.03092042186
A_NS	261	4201	G	0	0	4196	37.8684461391802
A_NS	262	4175	A	0	0	4166	37.5715314450312
A_NS	263	4174	T	0	0	4169	37.6509954425522
A_NS	264	4216	G	0	0	4213	37.6394493235224
A_NS	265	4180	A	0	0	4174	37.4992812649736
A_NS	266	4281	C	0	0	4280	37.7348130841121
A_NS	267	4263	T	0	0	4261	37.6665102088712
A_NS	268	4263	A	0	0	4260	37.8352112676056
A_NS	269	4272	T	0	0	4272	37.7064606741573
A_NS	270	4244	T	0	0	4244	37.7891140433553
A_NS	271	4251	G	0	0	4246	37.6344795101272
A_NS	272	4114	C	0	0	4113	37.4835886214442
A_NS	273	4101	T	1	0	4049	37.669054087429
A_NS	274	4098	T	0	0	4095	37.7985347985348
A_NS	275	4085	C	0	0	4082	37.7797648211661
A_NS	276	4018	A	0	0	4013	38.0027410914528
A_NS	277	4348	G	0	0	4345	37.5645569620253
A_NS	278	4338	T	0	0	4328	36.9535582255083
A_NS	279	4369	G	0	0	4365	37.4114547537228
A_NS	280	4387	C	0	0	4383	37.2023728040155
A_NS	281	4365	T	0	0	4362	37.5813846859239
A_NS	282	4392	A	2	0	4388	37.9026891522334
A_NS	283	4398	A	0	0	4393	37.718643296153
A_NS	284	4463	C	0	0	4461	37.62138533961
A_NS	285	4457	T	0	0	4452	37.2738095238095
A_NS	286	4416	T	0	0	4415	37.3877689694224
A_NS	287	4401	C	0	0	4398	37.3897226011824
A_NS	288	4412	A	0	0	4404	37.3576294277929
A_NS	289	4423	C	0	0	4423	37.5862536739769
A_NS	290	4425	G	0	0	4420	37.6246606334842
A_NS	291	4502	C	0	0	4499	37.5021115803512
A_NS	292	4493	T	1	0	4487	36.5382215288612
A_NS	293	4665	A	0	0	4654	36.3893425010743
A_NS	294	4683	C	0	0	4681	36.8156376842555
A_NS	295	4680	C	0	0	4676	37.4285714285714
A_NS	296	4703	T	0	0	4700	37.7253191489362
A_NS	297	4713	A	1	0	4709	37.721384582714
A_NS	298	4714	A	0	0	4706	37.8028049298767
A_NS	299	4697	C	0	0	4694	37.8512995313166
A_NS	300	4632	T	0	0	4630	37.8466522678186
A_NS	301	4661	G	0	0	4655	37.7392051557465
A_NS	302	4572	A	0	0	4568	38.0017513134851
A_NS	303	4496	C	0	0	4494	37.8776145972408
A_NS	304	4496	A	0	0	4485	37.9241917502787
A_NS	305	4492	T	0	0	4485	37.9538461538462
A_NS	306	4484	G	0	0	4480	37.6899553571429
A_NS	307	4526	A	0	0	4519	37.7915468023899
A_NS	308	4623	C	0	0	4622	37.652315015145
A_NS	309	4616	T	0	0	4605	37.7205211726384
A_NS	310	4606	C	0	0	4603	37.7175754942429
A_NS	311	4597	T	0	0	4597	37.8324994561671
A_NS	312	4596	T	0	0	4592	37.9488240418118
A_NS	313	4612	G	0	0	4609	38.0114992406162
A_NS	314	4817	A	0	0	4813	37.8886349470185
A_NS	315	4820	A	0	0	4812	37.9908561928512
A_NS	316	4812	G	0	0	4812	37.9526184538653
A_NS	317	4742	A	0	0	4737	37.905636478784
A_NS	318	4826	A	0	0	4821	38.0315287284796
A_NS	319	4820	A	0	0	4817	37.9603487647914
A_NS	320	4861	T	1	0	4858	37.9417455743104
A_NS	321	4957	G	0	0	4955	37.8815338042381
A_NS	322	4951	T	0	0	4940	37.7143724696356
A_NS	323	4881	C	0	0	4878	37.7687576875769
A_NS	324	4882	A	0	0	4872	37.7953612479475
A_NS	325	4881	A	0	0	4868	37.7701314708299
A_NS	326	4904	G	0	0	4899	37.658093488467
A_NS	327	5032	G	0	0	5021	37.1732722565226
A_NS	328	5040	G	0	0	5034	36.6352800953516
A_NS	329	4993	A	0	0	4988	37.3805132317562
A_NS	330	4954	C	0	0	4946	36.8691872219976
A_NS	331	4896	T	0	0	4889	37.7723460830436
A_NS	332	5101	G	1	0	5099	37.2337713277113
A_NS	333	5267	G	0	0	5266	37.1439422711736
A_NS	334	5222	T	0	0	5206	37.2865923933922
A_NS	335	5219	T	0	0	5215	37.4542665388303
A_NS	336	5117	C	0	0	5114	37.6091122409073
A_NS	337	5113	A	1	0	5106	37.6842929886408
A_NS	338	5127	T	0	0	5127	37.6282426370197
A_NS	339	5141	G	0	0	5136	37.568730529595
A_NS	340	5186	C	0	0	5183	37.3779664287092
A_NS	341	5077	T	0	0	5060	37.3462450592885
A_NS	342	4989	C	0	0	4982	37.8028904054597
A_NS	343	4968	A	1	0	4964	37.9417808219178
A_NS	344	5027	T	0	0	5024	37.7927945859873
A_NS	345	5005	G	0	0	5002	37.7616953218713
A_NS	346	5032	C	0	0	5028	37.1591089896579
A_NS	347	5028	C	0	0	5021	37.1055566620195
A_NS	348	5013	C	0	0	5008	37.7613817891374
A_NS	349	4996	A	0	0	4993	38.0598838373723
A_NS	350	5036	A	0	0	5029	37.6905945516007
A_NS	351	5041	A	0	0	5035	37.8832174776564
A_NS	352	5044	C	0	0	5042	37.9932566441888
A_NS	353	5005	A	0	0	5000	38.0828
A_NS	354	5039	G	0	0	5035	37.977358490566
A_NS	355	5031	A	0	0	5025	37.9649751243781
A_NS	356	5035	A	0	0	5034	38.1382598331347
A_NS	357	5025	A	0	0	5018	38.0581905141491
A_NS	358	5039	G	0	0	5037	37.91165376216
A_NS	359	5016	T	0	0	4991	36.7315167301142
A_NS	360	5019	G	0	0	5014	37.1936577582768
A_NS	361	5006	G	0	0	5003	37.1241255246852
A_NS	362	5007	C	0	0	5006	37.061925689173
A_NS	363	4981	A	0	0	4977	37.855736387382
A_NS	364	4953	G	0	0	4946	36.7403962798221
A_NS	365	5020	G	0	0	5011	36.3755737377769
A_NS	366	4999	T	0	0	4957	35.8922735525519
A_NS	367	4978	T	0	0	4968	37.1368760064412
A_NS	368	4992	C	0	0	4981	36.0855249949809
A_NS	369	5013	C	0	0	5005	37.2331668331668
A_NS	370	4994	C	0	0	4990	37.5667334669339
A_NS	371	5001	T	0	0	4989	37.1882140709561
A_NS	372	5003	T	0	0	4996	37.7688150520416
A_NS	373	4983	T	0	0	4982	38.0728623042955
A_NS	374	4983	G	0	0	4978	37.1942547207714
A_NS	375	5025	C	0	0	5013	36.8639537203271
A_NS	376	5033	A	0	0	5019	37.0862721657701
A_NS	377	5032	T	0	0	5026	36.8822124950259
A_NS	378	5005	C	0	0	4992	37.4623397435897
A_NS	379	5048	A	0	0	5042	37.3881396271321
A_NS	380	5066	A	0	0	5062	37.8767285657843
A_NS	381	5094	A	0	0	5094	37.9466038476639
A_NS	382	5143	A	0	0	5141	37.9076055242171
A_NS	383	5093	T	0	0	5088	37.4944968553459
A_NS	384	5085	G	0	0	5074	37.3892392589673
A_NS	385	5086	G	0	0	5084	37.5928402832415
A_NS	386	5089	A	0	0	5060	36.7810276679842
A_NS	387	5105	T	0	0	5080	36.0885826771654
A_NS	388	5061	C	0	0	5056	37.2798655063291
A_NS	389	5099	A	0	0	5083	36.8835333464489
A_NS	390	5140	A	0	0	5132	37.4310210444271
A_NS	391	5167	G	0	0	5159	36.6646636945144
A_NS	392	5220	C	0	0	5211	36.9777393974285
A_NS	393	5214	A	0	0	5211	37.3507963922472
A_NS	394	5304	A	0	0	5304	37.7245475113122
A_NS	395	5305	T	0	0	5296	36.7868202416918
A_NS	396	5314	A	0	0	5309	37.598041062347
A_NS	397	5318	A	0	0	5315	37.8982126058325
A_NS	398	5236	T	0	0	5216	35.9986579754601
A_NS	399	5256	G	1	0	5247	36.4347246045359
A_NS	400	5264	G	0	0	5262	37.081527936146
A_NS	401	5235	A	0	0	5225	37.0267942583732
A_NS	402	5246	C	0	0	5124	36.5197111631538
A_NS	403	5124	A	24	0	5118	36.9443141852286
A_NS	404	5146	A	0	0	5144	37.7987947122862
A_NS	405	5181	A	0	0	5179	38.0428654180344
A_NS	406	5183	A	0	0	5178	37.8935882580147
A_NS	407	5149	A	0	0	5142	37.7390120575651
A_NS	408	5128	C	0	0	5123	36.986140933047
A_NS	409	5079	A	0	0	5077	37.469765609612
A_NS	410	5075	T	0	0	5071	37.1682113981463
A_NS	411	5039	C	0	0	5032	37.4030206677266
A_NS	412	5041	A	0	0	5030	36.8568588469185
A_NS	413	5082	C	0	0	5080	37.655905511811
A_NS	414	5041	A	0	0	5035	37.3229394240318
A_NS	415	5048	T	0	0	5043	37.5742613523696
A_NS	416	5021	T	0	0	5020	38.0326693227092
A_NS	417	4978	G	0	0	4970	37.1088531187123
A_NS	418	4990	A	0	0	4984	37.6276083467095
A_NS	419	4990	A	0	0	4989	37.8184004810583
A_NS	420	4979	A	0	0	4971	37.858378595856
A_NS	421	5028	G	0	0	5024	36.9763136942675
A_NS	422	4985	C	0	0	4979	37.2544687688291
A_NS	423	4983	A	0	0	4976	37.6105305466238
A_NS	424	4984	A	0	0	4980	37.8226907630522
A_NS	425	5030	A	0	0	5022	37.584428514536
A_NS	426	4886	C	0	0	4880	37.369262295082
A_NS	427	4888	T	0	0	4878	37.1055760557606
A_NS	428	4897	T	0	0	4889	37.4612395172837
A_NS	429	4875	C	0	0	4872	37.5192939244663
A_NS	430	4817	A	0	0	4800	37.5972916666667
A_NS	431	4845	G	0	0	4840	37.7119834710744
A_NS	432	4852	T	0	0	4831	37.176361001863
A_NS	433	4842	G	0	0	4840	37.7299586776859
A_NS	434	4822	T	0	0	4804	37.2077435470441
A_NS	435	4813	G	0	0	4807	37.561680882047
A_NS	436	4900	A	0	0	4897	37.4790688176435
A_NS	437	4895	T	1	0	4890	37.4617586912065
A_NS	438	4904	T	0	0	4899	37.7672994488671
A_NS	439	4896	T	0	0	4891	37.6019218973625
A_NS	440	4881	T	0	0	4875	37.9148717948718
A_NS	441	4896	T	0	0	4893	37.5922746781116
A_NS	442	4839	G	1	0	4831	36.3177395984268
A_NS	443	4839	A	0	0	4830	36.456314699793
A_NS	444	4760	C	0	0	4751	36.7126920648285
A_NS	445	4710	C	0	0	4700	37.0542553191489
A_NS	446	4708	G	0	0	4703	37.1962577078461
A_NS	447	4806	A	0	0	4798	37.0366819508128
A_NS	448	4862	C	0	0	4852	36.7811211871393
A_NS	449	4989	T	0	0	4983	36.7740317078065
A_NS	450	4990	A	0	0	4982	37.3269771176234
A_NS	451	4988	G	0	0	4983	37.0710415412402
A_NS	452	4990	A	0	0	4987	36.3753759775416
A_NS	453	4984	A	0	0	4968	37.1745169082126
A_NS	454	5001	A	0	0	4970	36.4032193158954
A_NS	455	5528	C	1	0	5514	36.5239390642002
A_NS	456	5488	C	0	0	5485	36.8532360984503
A_NS	457	5386	C	0	0	5379	36.6043874326083
A_NS	458	5379	T	0	0	5365	37.0253494874185
A_NS	459	5475	A	1	0	5467	37.0212182184013
A_NS	460	5651	A	0	0	5650	37.1884955752212
A_NS	461	5637	T	3	0	5634	36.6492722754704
A_NS	462	5633	A	3	0	5621	36.6461483721758
A_NS	463	5634	C	3	0	5628	36.7745202558635
A_NS	464	5083	T	0	0	5070	37.0607495069034
A_NS	465	5202	A	0	0	5188	36.8089822667695
A_NS	466	5198	C	0	0	5193	37.2056614673599
A_NS	467	5199	T	0	0	5186	36.8781334361743
A_NS	468	5184	C	0	0	5172	37.4611368909513
A_NS	469	4987	A	0	0	4983	37.6311458960466
A_NS	470	5018	G	0	1	5012	37.3431763766959
A_NS	471	5013	A	0	0	4990	37.377755511022
A_NS	472	4976	G	0	0	4973	37.275688719083
A_NS	473	5002	C	0	0	4997	37.2619571743046
A_NS	474	4980	T	0	0	4947	37.6850616535274
A_NS	475	4991	T	0	0	4988	37.7253408179631
A_NS	476	5054	T	0	0	5053	37.7375816346725
A_NS	477	5055	C	0	0	5049	37.6419092889681
A_NS	478	5079	A	0	0	5062	37.5242986961675
A_NS	479	5088	C	0	0	5085	37.7986234021632
A_NS	480	5028	A	0	0	5013	37.8438061041293
A_NS	481	5088	G	0	0	5086	37.7111679119151
A_NS	482	5097	A	0	0	5091	37.495187585936
A_NS	483	5036	A	0	0	5022	37.6003584229391
A_NS	484	4987	G	0	0	4985	37.7187562688064
A_NS	485	4901	A	0	0	4888	37.5255728314239
A_NS	486	5165	G	0	0	5158	37.0063978286157
A_NS	487	5155	G	0	0	5151	37.2137449039022
A_NS	488	5180	G	0	1	5177	36.8723198763763
A_NS	489	5178	A	0	1	5159	36.7887187439426
A_NS	490	5150	G	0	1	5148	36.7022144522144
A_NS	491	5133	C	0	1	5127	36.89252974449
A_NS	492	5118	A	0	0	5111	37.5998826061436
A_NS	493	5138	A	0	0	5136	37.7607087227414
A_NS	494	5168	T	0	1	5162	37.6518791166215
A_NS	495	5112	T	0	0	5100	37.4745098039216
A_NS	496	5118	G	0	1	5117	37.9167480945867
A_NS	497	5076	T	0	0	5066	37.3997236478484
A_NS	498	5079	G	1	0	5066	37.6954204500592
A_NS	499	5099	G	0	0	5093	37.2305124680935
A_NS	500	5141	G	0	0	5132	37.2690958690569
A_NS	501	5126	A	0	1	5119	37.6966204336785
A_NS	502	5119	G	0	0	5116	37.5406567630962
A_NS	503	5187	A	0	0	5184	37.6635802469136
A_NS	504	5221	A	0	0	5216	37.9804447852761
A_NS	505	5211	A	0	0	5206	37.7748751440645
A_NS	506	5209	T	0	0	5206	37.7408759124088
A_NS	507	5219	C	0	0	5207	37.8071826387555
A_NS	508	5188	T	0	0	5185	37.5342333654773
A_NS	509	5300	C	0	0	5296	37.145581570997
A_NS	510	5307	A	0	0	5291	37.3080703080703
A_NS	511	5391	C	1	0	5388	37.4665924276169
A_NS	512	5408	C	0	0	5408	37.6421967455621
A_NS	513	5401	A	0	0	5397	37.8627015008338
A_NS	514	5406	T	0	0	5400	37.7653703703704
A_NS	515	5403	T	0	0	5300	37.62
A_NS	516	5400	A	1	0	5381	37.2811745028805
A_NS	517	5436	C	0	0	5435	37.5933762649494
A_NS	518	5409	C	0	0	5407	37.7048270760126
A_NS	519	5469	T	0	0	5458	37.6603151337486
A_NS	520	5426	T	0	0	5421	37.4921601180594
A_NS	521	5450	C	0	0	5447	37.7371029924729
A_NS	522	5414	T	0	0	5403	37.4891726818434
A_NS	523	5528	C	0	0	5522	37.668598333937
A_NS	524	5561	T	0	0	5557	37.6798632355588
A_NS	525	5555	T	0	0	5543	37.3202237055746
A_NS	526	5536	C	0	0	5533	37.592626061811
A_NS	527	5511	C	0	0	5509	37.6035578144854
A_NS	528	5515	A	0	0	5503	37.6534617481374
A_NS	529	5549	G	1	0	5541	37.7428262046562
A_NS	530	5610	G	0	0	5606	37.5697466999643
A_NS	531	5620	A	0	0	5611	37.4209588308679
A_NS	532	5540	C	0	0	5536	37.4580924855491
A_NS	533	5491	A	0	0	5488	37.7922740524781
A_NS	534	5506	T	0	0	5500	37.7098181818182
A_NS	535	5511	A	0	0	5497	37.6636347098417
A_NS	536	5523	C	0	0	5516	37.2481870920957
A_NS	537	5497	T	0	0	5492	37.4459213401311
A_NS	538	5500	G	0	0	5482	37.3775994162714
A_NS	539	5493	A	0	0	5485	37.6003646308113
A_NS	540	5443	C	0	0	5420	37.2774907749077
A_NS	541	5451	G	0	0	5448	37.5062408223201
A_NS	542	5358	A	0	0	5349	37.2512619181155
A_NS	543	5348	G	0	0	5343	37.2004491858506
A_NS	544	5352	G	0	0	5349	37.4309216676014
A_NS	545	5289	A	0	0	5284	37.3802043906132
A_NS	546	5300	T	0	0	5295	37.7533522190746
A_NS	547	5286	G	0	0	5285	37.912582781457
A_NS	548	5280	T	0	0	5266	37.2983289023927
A_NS	549	5272	C	0	0	5263	37.2093862815885
A_NS	550	5270	A	1	0	5267	38.0028479210177
A_NS	551	5269	A	0	1	5268	37.9996203492787
A_NS	552	5264	A	0	0	5262	37.927023945268
A_NS	553	5232	A	0	0	5227	37.9500669600153
A_NS	554	5259	A	0	0	5257	37.6895567814343
A_NS	555	5256	T	0	0	5252	37.8928027418126
A_NS	556	5235	G	0	0	5230	37.8923518164436
A_NS	557	5287	C	0	0	5285	37.8520340586566
A_NS	558	5282	A	0	0	5279	37.9257435120288
A_NS	559	5318	A	0	0	5298	37.7295205738014
A_NS	560	5323	T	0	0	5322	37.43498684705
A_NS	561	5320	T	0	0	5316	37.5726109857035
A_NS	562	5330	G	0	0	5326	37.5392414570034
A_NS	563	5311	G	0	0	5308	37.2070459683497
A_NS	564	5301	G	0	0	5285	37.2684957426679
A_NS	565	5328	G	0	0	5316	37.0598194130925
A_NS	566	5297	T	0	0	5283	37.3751656255915
A_NS	567	5327	C	0	0	5322	37.1221345358888
A_NS	568	5300	C	0	0	5297	37.5918444402492
A_NS	569	5303	T	0	0	5292	37.8603552532124
A_NS	570	5358	C	0	1	5357	37.4071308568228
A_NS	571	5355	A	0	1	5353	37.3796002241734
A_NS	572	5374	T	0	0	5369	37.0847457627119
A_NS	573	5369	C	0	0	5365	37.4137931034483
A_NS	574	5341	G	0	1	5336	37.5033733133433
A_NS	575	5344	G	0	0	5343	37.2260902114917
A_NS	576	5254	A	0	1	5228	36.8322494261668
A_NS	577	5253	G	1	0	5250	37.1708571428571
A_NS	578	5266	G	0	1	5259	36.6316790264309
A_NS	579	5241	G	0	0	5210	37.0153550863724
A_NS	580	5302	C	0	0	5299	37.018682770334
A_NS	581	5299	T	0	1	5290	37.9920604914934
A_NS	582	5301	T	0	0	5297	37.9563904096659
A_NS	583	5333	G	0	0	5321	37.5981958278519
A_NS	584	5345	A	0	0	5341	37.9554390563565
A_NS	585	5350	A	0	0	5331	37.9553554680173
A_NS	586	5327	T	0	1	5325	37.9239436619718
A_NS	587	5183	G	0	0	5179	37.9998069125314
A_NS	588	5232	G	0	0	5229	37.8611589213999
A_NS	589	5210	A	1	0	5207	37.7198002688688
A_NS	590	5238	A	0	0	5234	37.7216278181123
A_NS	591	5400	T	0	0	5398	37.708225268618
A_NS	592	5420	G	0	0	5416	37.643094534712
A_NS	593	5436	A	0	0	5417	37.7661067011261
A_NS	594	5476	T	0	0	5474	37.7236024844721
A_NS	595	5468	A	0	0	5464	37.6443997071742
A_NS	596	5619	A	0	0	5610	37.6233511586453
A_NS	597	5557	C	0	0	5551	37.4341560079265
A_NS	598	5483	A	0	0	5463	37.4559765696504
A_NS	599	5485	C	0	0	5483	37.6872150282692
A_NS	600	5195	A	0	0	5181	37.6971627099016
A_NS	601	5256	G	0	0	5245	37.7664442326025
A_NS	602	5246	T	0	0	5238	37.7982054219168
A_NS	603	5245	T	0	0	5240	37.4469465648855
A_NS	604	5275	C	0	0	5274	37.3320060675009
A_NS	605	5247	G	0	0	5242	37.4538344143457
A_NS	606	5039	A	0	0	5033	37.4508245579177
A_NS	607	5039	G	0	0	5039	37.7487596745386
A_NS	608	5038	T	0	0	5024	37.4826831210191
A_NS	609	5053	C	0	0	5039	37.5086326652114
A_NS	610	4896	T	0	0	4889	37.6211904274903
A_NS	611	4912	C	0	0	4910	37.8075356415479
A_NS	612	4908	T	0	0	4896	38.0196078431373
A_NS	613	4915	G	0	0	4912	37.8692996742671
A_NS	614	5080	A	0	0	5080	37.7505905511811
A_NS	615	5094	A	0	0	5089	37.8005502063274
A_NS	616	5113	A	0	0	5106	37.629455542499
A_NS	617	5129	C	0	0	5102	37.8318306546452
A_NS	618	5042	T	0	0	5041	37.6338028169014
A_NS	619	5155	C	0	0	5128	37.7835413416537
A_NS	620	5144	T	0	0	5140	37.6727626459144
A_NS	621	5158	A	0	0	5153	37.6524354744809
A_NS	622	5157	C	0	0	5156	37.8764546159814
A_NS	623	5074	A	0	0	5073	37.7646363098758
A_NS	624	5077	G	0	0	5072	37.8270899053628
A_NS	625	4961	A	0	0	4952	37.7152665589661
A_NS	626	4958	G	0	0	4955	37.3380423814329
A_NS	627	4949	A	0	0	4945	37.2841253791709
A_NS	628	4818	T	0	0	4812	37.270365752286
A_NS	629	4811	T	0	0	4807	37.3615560640732
A_NS	630	4800	C	0	0	4799	37.3492394248802
A_NS	631	4803	G	1	0	4799	36.8883100645968
A_NS	632	4774	C	0	0	4774	37.3739002932551
A_NS	633	4762	T	0	0	4756	37.4350294365013
A_NS	634	4763	T	0	0	4762	37.8498530029399
A_NS	635	4746	G	0	0	4742	37.6286377056094
A_NS	636	4787	G	0	0	4787	37.5619385836641
A_NS	637	4711	A	0	0	4692	37.9064364876385
A_NS	638	4703	G	0	0	4702	37.8866439812846
A_NS	639	4660	A	0	0	4656	37.9791666666667
A_NS	640	4634	A	0	0	4632	37.9136442141623
A_NS	641	4680	G	0	0	4655	37.7018259935553
A_NS	642	4720	C	0	0	4717	37.6945092219631
A_NS	643	4711	A	0	0	4687	37.9052698954555
A_NS	644	4792	G	0	0	4788	37.8583959899749
A_NS	645	4792	T	0	0	4787	37.7238353875078
A_NS	646	4805	A	0	0	4780	37.8351464435146
A_NS	647	4806	A	0	0	4805	37.8940686784599
A_NS	648	4781	T	1	0	4777	37.5415532761147
A_NS	649	4796	G	0	0	4793	37.7185478823284
A_NS	650	4673	A	0	0	4658	37.7357234864749
A_NS	651	4703	G	0	0	4702	37.6671629094003
A_NS	652	4773	G	0	0	4743	37.583807716635
A_NS	653	4597	A	0	0	4591	37.7758658244391
A_NS	654	4605	T	0	0	4601	37.4803303629646
A_NS	655	4568	G	1	0	4565	37.7097480832421
A_NS	656	4600	G	0	0	4598	37.1929099608525
A_NS	657	4599	G	0	0	4591	37.4025266826399
A_NS	658	4542	A	0	0	4524	37.4971264367816
A_NS	659	4551	G	0	0	4549	36.8322708287536
A_NS	660	4412	A	0	0	4367	35.7902450194642
A_NS	661	4450	C	0	0	4440	35.918018018018
A_NS	662	4700	C	0	0	4698	36.6687952320136
A_NS	663	4708	T	0	0	4687	37.3934286323875
A_NS	664	4761	C	0	0	4752	36.5545033670034
A_NS	665	4735	C	0	0	4733	37.0475385590535
A_NS	666	4724	A	0	0	4710	36.4475583864119
A_NS	667	4761	C	0	0	4758	36.8257671290458
A_NS	668	4713	T	0	0	4696	36.261073253833
A_NS	669	4740	C	0	0	4730	36.4985200845666
A_NS	670	4552	C	0	0	4546	36.7736471623405
A_NS	671	4606	C	0	0	4606	37.4227095093356
A_NS	672	4604	T	0	0	4583	37.1782675103644
A_NS	673	4569	C	0	0	4565	36.7340635268346
A_NS	674	4587	C	0	0	4581	37.4961798733901
A_NS	675	4629	A	0	0	4627	37.9386211368057
A_NS	676	4630	A	0	0	4624	37.915008650519
A_NS	677	4630	A	0	0	4629	37.8446748757831
A_NS	678	4601	A	0	0	4593	37.7959939037666
A_NS	679	4591	C	0	0	4589	37.938330791022
A_NS	680	4421	A	0	0	4420	38.2533936651584
A_NS	681	4422	G	0	0	4418	38.0350837483024
A_NS	682	4457	A	0	0	4453	38.2467999101729
A_NS	683	4469	A	0	0	4466	38.012539184953
A_NS	684	4464	A	0	0	4445	37.7408323959505
A_NS	685	4514	C	0	0	4506	37.3548601864181
A_NS	686	4517	G	0	0	4513	37.8881010414359
A_NS	687	4520	G	0	0	4503	38.0277592715967
A_NS	688	4514	A	0	0	4501	37.9449011330815
A_NS	689	4512	A	0	0	4508	38.0235137533274
A_NS	690	4514	A	0	0	4498	37.9264117385505
A_NS	691	4520	A	0	0	4515	37.4908084163898
A_NS	692	4523	T	0	0	4518	37.1011509517486
A_NS	693	4525	G	0	0	4522	37.3469703670942
A_NS	694	4673	G	0	0	4669	37.2345255943457
A_NS	695	4643	C	0	0	4639	37.017676223324
A_NS	696	4645	G	0	0	4638	37.8182406209573
A_NS	697	4631	A	0	0	4626	37.8968871595331
A_NS	698	4646	G	0	0	4644	37.8725236864772
A_NS	699	4670	A	1	0	4666	37.95735105015
A_NS	700	4673	A	0	0	4653	37.873200085966
A_NS	701	4695	C	0	0	4681	37.9581286049989
A_NS	702	4660	A	0	0	4657	38.2407129053038
A_NS	703	4661	A	0	0	4647	38.1078114912847
A_NS	704	4668	T	0	0	4659	37.6196608714316
A_NS	705	4658	T	0	0	4653	38.0855362131958
A_NS	706	4658	G	0	0	4656	38.0253436426117
A_NS	707	4594	A	0	1	4584	38.059554973822
A_NS	708	4588	G	0	0	4584	38.0671902268761
A_NS	709	4613	T	0	0	4592	37.7247386759582
A_NS	710	4566	C	0	0	4561	37.8322736242052
A_NS	711	4549	A	0	0	4547	38.0996261271168
A_NS	712	4549	G	0	0	4545	37.9980198019802
A_NS	713	4597	A	0	0	4595	37.9899891186072
A_NS	714	4597	A	0	0	4595	37.9751904243743
A_NS	715	4605	G	0	0	4595	37.9664853101197
A_NS	716	4524	T	0	0	4517	37.8596413548816
A_NS	717	4532	T	0	0	4527	37.6889772476254
A_NS	718	4548	T	0	0	4544	37.931338028169
A_NS	719	4548	G	0	0	4546	38.0842498900132
A_NS	720	4549	A	0	0	4537	38.1710381309235
A_NS	721	4523	A	0	0	4513	38.1619765122978
A_NS	722	4545	G	0	0	4539	37.9841374752148
A_NS	723	4502	A	0	0	4495	38.2220244716352
A_NS	724	4471	A	0	0	4455	38.152861952862
A_NS	725	4472	A	0	0	4470	38.1073825503356
A_NS	726	4521	T	0	0	4518	37.6434262948207
A_NS	727	4525	A	1	0	4508	38.0186335403727
A_NS	728	4513	A	0	0	4512	37.9703014184397
A_NS	729	4507	G	0	0	4502	37.7412261217237
A_NS	730	4519	G	0	0	4518	37.7381584772023
A_NS	731	4374	T	0	0	4358	37.3696649839376
A_NS	732	4349	G	0	0	4336	37.625
A_NS	733	4347	G	0	0	4340	37.4391705069124
A_NS	734	4349	C	0	0	4336	37.5408210332103
A_NS	735	4321	T	0	0	4312	37.8105287569573
A_NS	736	4333	G	0	0	4313	37.8390911198702
A_NS	737	4413	A	0	0	4409	38.0333408936267
A_NS	738	4427	T	0	0	4420	37.7719457013575
A_NS	739	4410	T	0	0	4404	37.9820617620345
A_NS	740	4419	G	0	0	4418	37.8465368945224
A_NS	741	4665	A	1	0	4664	38.0525300171527
A_NS	742	4656	A	1	0	4654	37.8996562097121
A_NS	743	4655	G	1	0	4645	37.637890204521
A_NS	744	4670	A	1	0	4667	37.7623741161346
A_NS	745	4539	A	1	0	4535	37.8941565600882
A_NS	746	4543	G	0	0	4533	37.5876902713435
A_NS	747	4336	T	0	0	4331	37.7686446548141
A_NS	748	4336	G	0	0	4332	37.8956602031394
A_NS	749	4311	A	0	0	4298	37.8580735225686
A_NS	750	4322	G	0	0	4317	37.5853602038453
A_NS	751	4326	G	0	0	4317	37.4120917303683
A_NS	752	4295	C	0	0	4290	37.3916083916084
A_NS	753	4285	A	0	0	4281	37.7724830647045
A_NS	754	4281	T	0	0	4272	37.7956460674157
A_NS	755	4194	A	2	0	4191	37.8864232879981
A_NS	756	4221	G	0	0	4215	37.7321470937129
A_NS	757	4210	A	0	0	4210	37.7733966745843
A_NS	758	4206	T	0	0	4197	37.3147486299738
A_NS	759	4100	T	0	0	4092	37.5950635386119
A_NS	760	4057	A	0	0	4052	37.7576505429418
A_NS	761	4057	A	0	0	4051	37.6761293507776
A_NS	762	4050	A	0	0	4047	37.543612552508
A_NS	763	4048	G	1	0	4038	37.3947498761763
A_NS	764	3947	A	1	0	3942	37.4008117706748
A_NS	765	3687	T	1	0	3675	36.6285714285714
A_NS	766	3612	C	1	0	3607	36.733850845578
A_NS	767	3608	A	0	0	3594	37.3210907067334
A_NS	768	3608	C	0	0	3604	36.9747502774695
A_NS	769	3605	G	0	0	3596	37.7525027808676
A_NS	770	3606	G	0	0	3602	37.8731260410883
A_NS	771	3591	A	3	0	3589	37.8172192811368
A_NS	772	3580	A	0	0	3575	37.8413986013986
A_NS	773	3578	A	0	0	3575	37.5644755244755
A_NS	774	3573	A	0	0	3557	37.3148720832162
A_NS	775	3573	C	0	0	3560	37.8865168539326
A_NS	776	3536	A	0	0	3528	37.8262471655329
A_NS	777	3535	G	0	0	3530	37.471388101983
A_NS	778	3528	C	0	0	3522	37.5289608177172
A_NS	779	3481	T	0	0	3474	37.6295336787565
A_NS	780	3481	T	0	0	3474	37.8359240069085
A_NS	781	3452	T	0	0	3448	37.9446055684455
A_NS	782	3454	G	0	0	3453	37.909933391254
A_NS	783	3453	A	0	0	3451	37.6679223413503
A_NS	784	3451	A	0	0	3439	37.4623437045653
A_NS	785	3451	C	0	0	3450	37.7985507246377
A_NS	786	3380	A	0	0	3379	38.1376146788991
A_NS	787	3381	A	0	0	3381	37.9124519372967
A_NS	788	3381	A	0	0	3379	37.7795205682154
A_NS	789	3381	T	0	0	3378	37.3549437537004
A_NS	790	3379	A	0	0	3378	37.5858496151569
A_NS	791	3357	A	0	0	3347	37.1455034359128
A_NS	792	3328	C	0	0	3322	36.8552077062011
A_NS	793	3327	G	0	0	3319	37.3302199457668
A_NS	794	3254	T	0	0	3245	37.3855161787365
A_NS	795	3234	T	0	0	3229	37.2406317745432
A_NS	796	3198	T	0	0	3188	37.6715809284818
A_NS	797	3196	A	0	0	3191	37.7959887182701
A_NS	798	3194	T	0	0	3191	37.4985897837668
A_NS	799	3194	G	0	0	3189	37.3581059893383
A_NS	800	3176	C	0	0	3174	36.5932577189666
A_NS	801	3031	A	0	0	3030	37.3201320132013
A_NS	802	3017	A	0	0	3011	37.2045831949518
A_NS	803	3016	G	0	0	3015	37.0540630182421
A_NS	804	3011	C	0	0	3006	36.7674650698603
A_NS	805	3001	C	0	0	2998	37.3418945963976
A_NS	806	2954	T	0	0	2951	37.3398847848187
A_NS	807	2953	T	0	0	2950	37.3701694915254
A_NS	808	2953	A	0	0	2938	36.4516678012253
A_NS	809	2952	C	0	0	2951	36.6875635377838
A_NS	810	2951	A	0	0	2948	36.541723202171
A_NS	811	2934	A	0	0	2919	36.1024323398424
A_NS	812	2915	C	0	0	2915	36.6154373927959
A_NS	813	2417	T	1	0	2415	37.1623188405797
A_NS	814	2378	A	0	0	2375	37.434947368421
A_NS	815	2305	T	1	0	2295	37.2718954248366
A_NS	816	2286	T	0	0	2286	37.259842519685
A_NS	817	2286	G	0	0	2282	37.2690622261174
A_NS	818	2209	C	0	0	2207	37.3420933393747
A_NS	819	2206	T	0	0	2201	37.4220808723308
A_NS	820	2165	T	0	0	2163	37.6578825705039
A_NS	821	2125	G	0	0	2123	37.5798398492699
A_NS	822	2107	A	0	0	2104	37.5209125475285
A_NS	823	2104	G	0	0	2096	37.111641221374
A_NS	824	2103	G	0	0	2101	37.2313184198001
A_NS	825	2050	T	0	0	2050	37.1663414634146
A_NS	826	1960	G	0	0	1956	37.1952965235174
A_NS	827	1959	G	0	0	1956	37.338445807771
A_NS	828	1953	A	0	0	1943	37.340710241894
A_NS	829	1951	G	1	0	1944	37.2047325102881
A_NS	830	1933	C	1	0	1906	37.0954879328437
A_NS	831	1868	A	0	0	1868	37.367773019272
A_NS	832	1862	A	0	0	1862	37.1584317937701
A_NS	833	1859	G	0	0	1855	37.2549865229111
A_NS	834	1841	A	0	0	1838	37.2475516866159
A_NS	835	1836	G	0	0	1833	37.0954719039825
A_NS	836	1714	A	0	0	1712	37.5040887850467
A_NS	837	1711	T	0	0	1711	37.3103448275862
A_NS	838	1701	A	0	0	1700	37.3241176470588
A_NS	839	1698	A	0	0	1695	36.7174041297935
A_NS	840	1698	G	0	0	1696	36.5442216981132
A_NS	841	1669	A	0	0	1663	36.4636199639206
A_NS	842	1654	A	0	0	1632	35.5379901960784
A_NS	843	1638	C	0	0	1637	36.6010995723885
A_NS	844	1385	T	0	0	1383	37.0896601590745
A_NS	845	1380	T	0	0	1379	36.4401740391588
A_NS	846	1380	T	0	0	1377	35.9694989106754
A_NS	847	1379	C	0	0	1378	36.3875181422351
A_NS	848	1377	T	0	0	1375	36.1607272727273
A_NS	849	1338	C	0	0	1338	36.7817638266069
A_NS	850	1331	G	0	0	1324	37.7333836858006
A_NS	851	1322	T	0	0	1319	37.6906747536012
A_NS	852	1319	T	0	0	1318	37.7890743550835
A_NS	853	1317	T	0	0	1313	37.4105102817974
A_NS	854	1314	C	0	0	1313	37.2856054836253
A_NS	855	1303	A	0	0	1301	37.3735588009224
A_NS	856	1303	G	0	0	1299	37.1131639722864
A_NS	857	1301	C	0	0	1298	36.9915254237288
A_NS	858	1253	T	0	0	1248	37.1842948717949
A_NS	859	1238	T	0	0	1237	37.4163298302344
A_NS	860	1225	A	0	0	1223	37.3360588716271
A_NS	861	1225	T	0	0	1225	37.1420408163265
A_NS	862	1225	C	0	0	1221	37.1613431613432
A_NS	863	1177	T	0	0	1175	37.3744680851064
A_NS	864	1127	A	0	0	1127	37.4764862466726
A_NS	865	1111	A	0	0	1109	37.2019837691614
A_NS	866	1091	T	0	0	1090	37.143119266055
A_NS	867	1091	G	0	0	1088	37.2527573529412
A_NS	868	1071	A	0	0	1068	37.4016853932584
A_NS	869	1005	T	0	0	1005	36.4407960199005
A_NS	870	996	A	2	0	995	36.4592964824121
A_NS	871	998	A	0	0	998	36.3817635270541
A_NS	872	998	A	0	0	998	36.6062124248497
A_NS	873	998	A	0	0	996	36.4367469879518
A_NS	874	992	A	0	0	990	35.4
A_NS	875	981	A	0	0	978	34.3364008179959
A_NS	876	968	C	0	0	968	34.2066115702479
A_NS	877	866	A	0	0	844	32.9668246445498
A_NS	878	866	C	0	0	865	35.8265895953757
A_NS	879	855	C	0	0	855	33.2853801169591
A_NS	880	844	C	0	0	843	35.8517200474496
A_NS	881	790	T	0	0	789	33.0392902408112
A_NS	882	772	T	0	0	771	35.568093385214
A_NS	883	771	G	0	0	770	35.2662337662338
A_NS	884	760	T	0	0	758	35.712401055409
A_NS	885	757	T	0	0	756	35.6534391534392
A_NS	886	751	T	0	0	750	32.78
A_NS	887	596	C	0	0	596	32.8875838926174
A_NS	888	580	T	0	0	580	32.9396551724138
A_NS	889	574	A	0	0	574	32.3257839721254
A_NS	890	574	C	0	0	574	32.4790940766551
