Reference_Name	Position	Coverage Depth	Consensus	Deletions	Ambiguous	Consensus_Count	Consensus_Average_Quality
A_PA	1	4	A	0	0	4	31.75
A_PA	2	4	T	0	0	4	35.5
A_PA	3	4	G	0	0	4	36.75
A_PA	4	4	G	0	0	4	32.25
A_PA	5	4	A	0	0	4	38
A_PA	6	4	A	0	0	4	38
A_PA	7	4	G	0	0	3	37
A_PA	8	4	A	0	0	3	39
A_PA	9	4	C	0	0	4	39
A_PA	10	4	T	0	0	4	38.75
A_PA	11	4	T	0	0	4	38.5
A_PA	12	4	T	0	0	4	38
A_PA	13	4	G	0	0	4	38.5
A_PA	14	4	T	0	0	4	38
A_PA	15	4	G	0	0	4	38.75
A_PA	16	4	C	0	0	4	38
A_PA	17	4	G	0	0	4	36.75
A_PA	18	4	A	0	0	4	37.25
A_PA	19	4	C	0	0	4	37.25
A_PA	20	4	A	0	0	4	35.25
A_PA	21	4	G	0	0	3	38.3333333333333
A_PA	22	4	T	0	0	4	38.5
A_PA	23	5	G	0	0	5	36.4
A_PA	24	5	C	0	0	5	37.2
A_PA	25	5	T	0	0	5	37.6
A_PA	26	5	T	0	0	5	36.8
A_PA	27	5	C	0	0	5	36.6
A_PA	28	5	A	0	0	5	33.4
A_PA	29	6	A	0	0	6	36
A_PA	30	6	T	0	0	6	36.6666666666667
A_PA	31	6	C	0	0	6	37
A_PA	32	6	C	0	0	6	36.6666666666667
A_PA	33	6	A	0	0	6	36.8333333333333
A_PA	34	6	A	0	0	6	38
A_PA	35	6	T	0	0	6	37.3333333333333
A_PA	36	6	G	0	0	6	38.5
A_PA	37	6	A	0	0	6	37.8333333333333
A_PA	38	6	T	0	0	6	38.1666666666667
A_PA	39	6	C	0	0	4	37.75
A_PA	40	6	G	0	0	5	37.6
A_PA	41	6	T	0	0	6	31.1666666666667
A_PA	42	6	C	0	0	6	37.1666666666667
A_PA	43	6	G	0	0	6	36.3333333333333
A_PA	44	6	A	0	0	6	33
A_PA	45	6	G	0	0	5	37.6
A_PA	46	6	C	0	0	6	37
A_PA	47	6	T	0	0	6	38.1666666666667
A_PA	48	6	T	0	0	6	38
A_PA	49	6	G	0	0	6	37.1666666666667
A_PA	50	6	C	0	0	6	35.3333333333333
A_PA	51	6	G	0	0	6	36
A_PA	52	6	G	0	0	6	31.6666666666667
A_PA	53	6	A	0	0	6	33.6666666666667
A_PA	54	6	A	0	0	5	37
A_PA	55	6	A	0	0	6	36.6666666666667
A_PA	56	6	A	0	0	6	37.8333333333333
A_PA	57	6	G	0	0	6	38
A_PA	58	6	G	0	0	6	32.6666666666667
A_PA	59	6	C	0	0	6	37.6666666666667
A_PA	60	6	A	0	0	6	37.3333333333333
A_PA	61	6	A	0	0	6	37.5
A_PA	62	6	T	0	0	6	38.6666666666667
A_PA	63	6	G	0	0	6	37.3333333333333
A_PA	64	5	A	1	0	5	36.6
A_PA	65	5	A	1	0	5	32.8
A_PA	66	5	A	1	0	5	37.2
A_PA	67	5	G	1	0	5	38.4
A_PA	68	5	A	1	0	5	37.8
A_PA	69	5	A	1	0	5	36.8
A_PA	70	5	T	1	0	5	37.2
A_PA	71	6	A	0	0	6	37.5
A_PA	72	6	T	0	0	6	37.8333333333333
A_PA	73	6	G	0	0	6	37.8333333333333
A_PA	74	7	G	0	0	7	36.5714285714286
A_PA	75	7	G	0	0	7	28
A_PA	76	7	G	0	0	7	32
A_PA	77	7	A	0	0	7	36.8571428571429
A_PA	78	7	A	0	0	7	32.7142857142857
A_PA	79	7	G	0	0	7	33.8571428571429
A_PA	80	7	A	0	0	7	34.8571428571429
A_PA	81	7	T	0	0	7	33.8571428571429
A_PA	82	7	C	0	0	7	37.4285714285714
A_PA	83	7	C	0	0	7	37.1428571428571
A_PA	84	7	G	0	0	7	37.5714285714286
A_PA	85	7	A	0	0	7	36.5714285714286
A_PA	86	7	A	0	0	7	34
A_PA	87	7	A	0	0	7	34.1428571428571
A_PA	88	7	A	0	0	6	36
A_PA	89	7	T	0	0	4	33
A_PA	90	7	C	0	0	7	35.1428571428571
A_PA	91	7	G	0	0	7	35.8571428571429
A_PA	92	7	A	0	0	7	34.4285714285714
A_PA	93	7	A	0	0	7	37.5714285714286
A_PA	94	7	A	0	0	7	37.2857142857143
A_PA	95	7	C	0	0	7	34.4285714285714
A_PA	96	6	C	0	0	3	38.3333333333333
A_PA	97	6	A	0	0	6	38.3333333333333
A_PA	98	6	A	0	0	6	33.6666666666667
A_PA	99	6	C	0	0	6	37.6666666666667
A_PA	100	6	A	0	0	6	38.3333333333333
A_PA	101	6	A	0	0	6	38.8333333333333
A_PA	102	6	A	0	0	3	36
A_PA	103	6	T	0	0	6	35.3333333333333
A_PA	104	6	T	0	0	6	38
A_PA	105	6	T	0	0	6	38.6666666666667
A_PA	106	6	G	0	0	6	34
A_PA	107	6	C	0	0	6	38.1666666666667
A_PA	108	6	T	0	0	3	37.6666666666667
A_PA	109	6	G	0	0	6	36.1666666666667
A_PA	110	6	C	0	0	6	38.5
A_PA	111	6	A	0	0	6	39
A_PA	112	6	A	0	0	6	38.8333333333333
A_PA	113	6	T	0	0	6	38.3333333333333
A_PA	114	6	A	0	0	6	39
A_PA	115	6	T	0	0	6	35.5
A_PA	116	6	G	0	0	6	38.3333333333333
A_PA	117	6	C	0	0	6	38.5
A_PA	118	7	A	0	0	7	38.2857142857143
A_PA	119	6	C	0	0	6	34.8333333333333
A_PA	120	6	A	0	0	6	35.3333333333333
A_PA	121	6	C	0	0	6	38.6666666666667
A_PA	122	6	A	0	0	6	37.8333333333333
A_PA	123	6	T	0	0	3	38
A_PA	124	6	T	0	0	6	38.6666666666667
A_PA	125	6	T	0	0	6	38.3333333333333
A_PA	126	6	G	0	0	3	39
A_PA	127	6	G	0	0	6	38.5
A_PA	128	6	A	0	0	6	39
A_PA	129	6	A	0	0	6	38.6666666666667
A_PA	130	6	G	0	0	6	38.6666666666667
A_PA	131	6	T	0	0	6	38.8333333333333
A_PA	132	5	C	0	0	3	38
A_PA	133	5	T	0	0	5	38.2
A_PA	134	5	G	0	0	5	38.6
A_PA	135	6	T	0	0	6	37
A_PA	136	6	T	0	0	6	32.8333333333333
A_PA	137	6	T	0	0	6	33.6666666666667
A_PA	138	6	C	0	0	6	36.6666666666667
A_PA	139	6	A	0	0	6	35.1666666666667
A_PA	140	6	T	0	0	6	34.6666666666667
A_PA	141	6	G	0	0	6	36.8333333333333
A_PA	142	6	T	0	0	6	33.3333333333333
A_PA	143	6	A	0	0	6	36.1666666666667
A_PA	144	6	T	0	0	6	38.1666666666667
A_PA	145	6	T	0	0	6	36.5
A_PA	146	6	C	0	0	6	36.1666666666667
A_PA	147	7	G	0	0	7	34.8571428571429
A_PA	148	7	G	0	0	7	33.8571428571429
A_PA	149	7	A	0	0	7	30.5714285714286
A_PA	150	7	T	0	0	7	33.2857142857143
A_PA	151	7	T	0	0	7	30.5714285714286
A_PA	152	7	T	0	0	7	32.1428571428571
A_PA	153	7	T	0	0	4	37.25
A_PA	154	7	C	0	0	6	36
A_PA	155	7	A	0	0	7	33.7142857142857
A_PA	156	8	T	0	0	8	33.875
A_PA	157	8	T	0	0	7	34.2857142857143
A_PA	158	8	T	0	0	8	37
A_PA	159	8	T	0	0	5	33.4
A_PA	160	8	A	0	0	8	35.375
A_PA	161	8	T	0	0	8	36.75
A_PA	162	8	T	0	0	5	36.8
A_PA	163	8	G	0	0	8	37.875
A_PA	164	8	A	0	0	8	34.375
A_PA	165	8	T	0	0	5	36.8
A_PA	166	8	G	0	0	8	33.875
A_PA	167	8	A	0	0	8	36.625
A_PA	168	8	A	0	0	8	34.25
A_PA	169	8	C	0	0	8	32.5
A_PA	170	8	G	0	0	5	38.2
A_PA	171	8	A	0	0	4	37.75
A_PA	172	8	G	0	0	7	32.8571428571429
A_PA	173	9	G	0	0	9	34.5555555555556
A_PA	174	9	C	0	0	5	36.4
A_PA	175	9	G	0	0	9	34.5555555555556
A_PA	176	9	A	0	0	9	28
A_PA	177	9	A	0	0	9	33.8888888888889
A_PA	178	9	T	0	0	9	32.8888888888889
A_PA	179	8	C	0	0	8	31.25
A_PA	180	8	A	0	0	8	33.625
A_PA	181	10	A	0	0	10	31.3
A_PA	182	10	T	0	0	9	31.6666666666667
A_PA	183	10	A	0	0	10	28.7
A_PA	184	10	A	0	0	10	35.6
A_PA	185	10	T	0	0	10	32.9
A_PA	186	10	T	0	0	9	37.1111111111111
A_PA	187	10	G	0	0	10	34.9
A_PA	188	10	T	0	0	9	34.7777777777778
A_PA	189	10	A	0	0	10	32.6
A_PA	190	10	G	0	0	10	36.8
A_PA	191	10	A	0	0	10	37
A_PA	192	10	A	0	0	10	37.3
A_PA	193	10	T	0	0	10	35.1
A_PA	194	10	C	0	0	10	33.9
A_PA	195	10	T	0	0	10	36.9
A_PA	196	10	G	0	0	10	34.1
A_PA	197	10	G	0	0	10	33.6
A_PA	198	9	T	0	0	7	28.1428571428571
A_PA	199	9	G	0	0	9	33.4444444444444
A_PA	200	9	A	0	0	9	32
A_PA	201	9	C	0	0	9	36
A_PA	202	9	C	0	0	8	37.375
A_PA	203	9	C	0	0	9	31.5555555555556
A_PA	204	9	G	0	0	9	33.6666666666667
A_PA	205	9	A	0	0	9	35.6666666666667
A_PA	206	9	A	0	0	9	36.7777777777778
A_PA	207	9	T	0	0	9	32.4444444444444
A_PA	208	9	G	0	0	9	36.1111111111111
A_PA	209	8	C	0	0	8	32
A_PA	210	8	A	0	0	8	35.125
A_PA	211	8	T	0	0	8	35.25
A_PA	212	8	T	0	0	8	36
A_PA	213	8	A	0	0	8	34.625
A_PA	214	8	T	0	0	8	37
A_PA	215	8	T	0	0	8	38.25
A_PA	216	8	G	0	0	8	34.875
A_PA	217	8	A	0	0	8	33.125
A_PA	218	8	A	0	0	8	34.375
A_PA	219	8	A	0	0	5	33.6
A_PA	220	8	C	0	0	8	37.375
A_PA	221	8	A	0	0	8	36.25
A_PA	222	8	C	0	0	8	30.25
A_PA	223	8	C	0	0	5	31.2
A_PA	224	9	G	0	0	9	36.3333333333333
A_PA	225	9	A	0	0	9	32.2222222222222
A_PA	226	9	T	0	0	9	33.8888888888889
A_PA	227	9	T	0	0	9	34.2222222222222
A_PA	228	9	T	0	0	9	37
A_PA	229	9	G	0	0	9	35.3333333333333
A_PA	230	9	A	0	0	9	35.3333333333333
A_PA	231	9	G	0	0	9	34
A_PA	232	9	A	0	0	9	33.8888888888889
A_PA	233	9	T	0	0	9	34.1111111111111
A_PA	234	9	A	0	0	9	37.2222222222222
A_PA	235	10	A	0	0	10	32.6
A_PA	236	10	T	0	0	10	35.2
A_PA	237	10	T	0	0	10	37.3
A_PA	238	10	G	0	0	10	36.4
A_PA	239	10	A	0	0	10	36
A_PA	240	10	A	0	0	8	33.5
A_PA	241	10	G	0	0	10	35.1
A_PA	242	10	G	0	0	10	33.2
A_PA	243	9	G	0	0	6	32
A_PA	244	9	A	0	0	9	31.8888888888889
A_PA	245	9	G	0	0	9	31.6666666666667
A_PA	246	9	A	0	0	9	33.8888888888889
A_PA	247	9	G	0	0	9	29.7777777777778
A_PA	248	9	A	0	0	9	30.5555555555556
A_PA	249	9	C	0	0	9	32.5555555555556
A_PA	250	9	C	0	0	9	31.7777777777778
A_PA	251	10	G	0	0	10	33.8
A_PA	252	10	A	0	0	7	36
A_PA	253	9	A	0	0	9	34.7777777777778
A_PA	254	9	C	0	0	6	37.5
A_PA	255	9	A	0	0	6	37.1666666666667
A_PA	256	9	A	0	0	9	37.4444444444444
A_PA	257	9	T	0	0	9	35.2222222222222
A_PA	258	10	G	0	0	10	35
A_PA	259	10	G	0	0	6	33.6666666666667
A_PA	260	10	C	0	0	10	32
A_PA	261	10	C	0	0	10	33.5
A_PA	262	10	T	0	0	10	33
A_PA	263	10	G	0	0	10	32.4
A_PA	264	10	G	0	0	9	36.1111111111111
A_PA	265	10	A	0	0	10	31.3
A_PA	266	10	C	0	0	10	30.5
A_PA	267	9	G	0	0	6	32.5
A_PA	268	10	G	0	0	10	33.2
A_PA	269	9	T	0	0	9	30.8888888888889
A_PA	270	9	G	0	0	9	34.8888888888889
A_PA	271	9	G	0	0	9	34.7777777777778
A_PA	272	9	T	0	0	9	32.7777777777778
A_PA	273	8	A	0	0	6	36.3333333333333
A_PA	274	8	A	0	0	8	33.375
A_PA	275	8	A	0	0	8	36.375
A_PA	276	8	T	0	0	6	34.8333333333333
A_PA	277	7	A	0	0	7	33.7142857142857
A_PA	278	7	G	0	0	7	34.5714285714286
A_PA	279	7	C	0	0	5	33.4
A_PA	280	7	A	0	0	7	34.8571428571429
A_PA	281	7	T	0	0	7	35.2857142857143
A_PA	282	8	T	0	0	6	36.8333333333333
A_PA	283	8	T	0	0	8	37
A_PA	284	8	G	0	0	8	33
A_PA	285	8	C	0	0	6	34.1666666666667
A_PA	286	8	A	0	0	8	30.5
A_PA	287	8	A	0	0	8	36.625
A_PA	288	8	C	0	0	8	32.875
A_PA	289	8	A	0	0	8	34.875
A_PA	290	8	C	0	0	8	34.75
A_PA	291	8	C	0	0	6	32.3333333333333
A_PA	292	9	A	0	0	9	36.2222222222222
A_PA	293	9	C	0	0	9	36.5555555555556
A_PA	294	9	A	0	0	9	35.2222222222222
A_PA	295	9	G	0	0	8	36.75
A_PA	296	9	G	0	0	7	34.2857142857143
A_PA	297	9	G	0	0	6	33.1666666666667
A_PA	298	9	G	0	0	8	33.125
A_PA	299	9	T	0	0	9	33.2222222222222
A_PA	300	9	C	0	0	6	37.6666666666667
A_PA	301	9	G	0	0	9	32.7777777777778
A_PA	302	9	A	0	0	9	33.3333333333333
A_PA	303	9	T	0	0	6	36.8333333333333
A_PA	304	9	A	0	0	9	33.4444444444444
A_PA	305	9	A	0	0	9	37.1111111111111
A_PA	306	9	G	0	0	6	38
A_PA	307	9	C	0	0	9	36.1111111111111
A_PA	308	9	C	0	0	9	35
A_PA	309	9	T	0	0	9	35.5555555555556
A_PA	310	9	A	0	0	9	38
A_PA	311	9	A	0	0	9	33.8888888888889
A_PA	312	9	G	0	0	6	34.8333333333333
A_PA	313	9	T	0	0	9	33.7777777777778
A_PA	314	9	T	0	0	9	35.3333333333333
A_PA	315	9	C	0	0	6	35
A_PA	316	9	C	0	0	9	34
A_PA	317	9	T	0	0	9	33.4444444444444
A_PA	318	9	C	0	0	6	38.5
A_PA	319	9	C	0	0	9	35.4444444444444
A_PA	320	9	C	0	0	8	34.875
A_PA	321	9	A	0	0	6	37.3333333333333
A_PA	322	9	G	0	0	9	35.3333333333333
A_PA	323	9	A	0	0	9	31.4444444444444
A_PA	324	8	T	0	0	7	38
A_PA	325	8	T	0	0	8	36.375
A_PA	326	8	T	0	0	8	37.875
A_PA	327	9	G	0	0	9	37.6666666666667
A_PA	328	9	T	0	0	9	34.3333333333333
A_PA	329	9	A	0	0	9	36.5555555555556
A_PA	330	9	T	0	0	9	33.3333333333333
A_PA	331	9	G	0	0	9	33.4444444444444
A_PA	332	9	A	0	0	9	36.2222222222222
A_PA	333	9	C	0	0	8	37.75
A_PA	334	9	T	0	0	9	36.3333333333333
A_PA	335	9	A	0	0	9	35.6666666666667
A_PA	336	9	T	0	0	5	37.4
A_PA	337	9	A	0	0	9	37
A_PA	338	9	A	0	0	9	37.8888888888889
A_PA	339	9	A	0	0	6	37.8333333333333
A_PA	340	10	G	0	0	9	36.3333333333333
A_PA	341	9	A	0	0	9	35.7777777777778
A_PA	342	9	G	0	0	7	34.2857142857143
A_PA	343	9	A	0	0	9	36.8888888888889
A_PA	344	9	A	0	0	9	35.4444444444444
A_PA	345	9	C	0	0	9	35
A_PA	346	9	C	0	0	9	37.1111111111111
A_PA	347	9	G	0	0	9	34.1111111111111
A_PA	348	9	G	0	0	5	37.2
A_PA	349	10	T	0	0	10	34.4
A_PA	350	10	T	0	0	10	34.5
A_PA	351	10	C	0	0	10	37.6
A_PA	352	10	A	0	0	10	35.8
A_PA	353	10	T	0	0	10	37.7
A_PA	354	10	T	0	0	8	35.625
A_PA	355	10	G	0	0	10	37.8
A_PA	356	10	A	0	0	10	36.3
A_PA	357	9	A	0	0	9	37.5555555555556
A_PA	358	9	A	0	0	9	38.1111111111111
A_PA	359	9	T	0	0	9	38.3333333333333
A_PA	360	9	T	0	0	8	36
A_PA	361	9	G	0	0	9	34.1111111111111
A_PA	362	8	G	0	0	8	37.375
A_PA	363	8	A	0	0	8	36
A_PA	364	8	G	0	0	8	36.875
A_PA	365	8	T	0	0	8	35.5
A_PA	366	8	A	0	0	7	37.5714285714286
A_PA	367	8	A	0	0	8	38.5
A_PA	368	8	C	0	0	8	35.625
A_PA	369	8	A	0	0	8	38.625
A_PA	370	8	C	0	0	8	38.875
A_PA	371	8	G	0	0	8	37.25
A_PA	372	8	G	0	0	5	37.8
A_PA	373	8	A	0	0	8	33.5
A_PA	374	8	G	0	0	8	33.5
A_PA	375	8	G	0	0	8	36.875
A_PA	376	8	G	0	0	8	34.625
A_PA	377	8	A	0	0	8	36
A_PA	378	8	A	0	0	8	32.75
A_PA	379	8	G	0	0	7	36.7142857142857
A_PA	380	8	T	0	0	8	34.875
A_PA	381	8	C	0	0	5	33.4
A_PA	382	8	C	0	0	8	35.625
A_PA	383	8	A	0	0	8	35.375
A_PA	384	8	C	0	0	7	34.5714285714286
A_PA	385	8	A	0	0	8	35.5
A_PA	386	8	T	0	0	8	37.625
A_PA	387	8	A	0	0	8	33.5
A_PA	388	8	T	0	0	8	37.75
A_PA	389	8	A	0	0	8	37.875
A_PA	390	8	T	0	0	5	34.8
A_PA	391	8	T	0	0	8	35.375
A_PA	392	8	A	0	0	8	36.125
A_PA	393	8	C	0	0	7	38.4285714285714
A_PA	394	8	C	0	0	8	32.75
A_PA	395	8	T	0	0	8	35.375
A_PA	396	8	A	0	0	8	37.375
A_PA	397	8	G	0	0	8	38.5
A_PA	398	8	A	0	0	8	35.125
A_PA	399	8	G	0	0	5	38.6
A_PA	400	8	A	0	0	8	36
A_PA	401	8	A	0	0	8	37.5
A_PA	402	8	A	0	0	8	35.125
A_PA	403	8	G	0	0	8	37.75
A_PA	404	8	C	0	0	8	37.875
A_PA	405	8	C	0	0	6	32.8333333333333
A_PA	406	8	A	0	0	8	35.125
A_PA	407	8	A	0	0	8	38.5
A_PA	408	8	C	0	0	8	35.5
A_PA	409	8	A	0	0	8	37.875
A_PA	410	8	A	0	0	8	35.75
A_PA	411	8	A	0	0	5	38
A_PA	412	8	A	0	0	8	37.5
A_PA	413	8	T	0	0	8	35.75
A_PA	414	8	A	0	0	8	34.875
A_PA	415	8	A	0	0	8	35.625
A_PA	416	8	A	0	0	8	34.625
A_PA	417	8	A	0	0	8	35.375
A_PA	418	8	T	0	0	8	35.25
A_PA	419	7	C	0	0	7	34.4285714285714
A_PA	420	7	A	0	0	6	37.8333333333333
A_PA	421	7	G	0	0	7	32.1428571428571
A_PA	422	7	A	0	0	7	31.8571428571429
A_PA	423	7	G	0	0	7	37
A_PA	424	7	A	0	0	7	35
A_PA	425	7	A	0	0	7	34.5714285714286
A_PA	426	7	A	0	0	4	39
A_PA	427	7	A	0	0	7	35.2857142857143
A_PA	428	7	C	0	0	7	31.7142857142857
A_PA	429	7	A	0	0	7	35
A_PA	430	7	C	0	0	7	37.2857142857143
A_PA	431	7	A	0	0	7	37.4285714285714
A_PA	432	7	C	0	0	7	31.2857142857143
A_PA	433	7	A	0	0	7	35.5714285714286
A_PA	434	7	T	0	0	7	34.2857142857143
A_PA	435	7	T	0	0	7	31.7142857142857
A_PA	436	7	C	0	0	7	37.2857142857143
A_PA	437	7	A	0	0	7	35.4285714285714
A_PA	438	7	C	0	0	7	35.1428571428571
A_PA	439	7	A	0	0	7	36.8571428571429
A_PA	440	7	T	0	0	7	34.1428571428571
A_PA	441	6	C	0	0	4	37
A_PA	442	6	T	0	0	6	35.3333333333333
A_PA	443	6	T	0	0	6	35.3333333333333
A_PA	444	6	T	0	0	4	38.25
A_PA	445	6	T	0	0	6	31.5
A_PA	446	6	C	0	0	6	37.6666666666667
A_PA	447	6	A	0	0	6	37.5
A_PA	448	6	T	0	0	6	31.5
A_PA	449	6	T	0	0	6	34.1666666666667
A_PA	450	6	C	0	0	6	33.8333333333333
A_PA	451	6	A	0	0	6	37.5
A_PA	452	6	C	0	0	6	34.5
A_PA	453	6	T	0	0	5	34.2
A_PA	454	6	G	0	0	6	37.1666666666667
A_PA	455	6	G	0	0	6	30.8333333333333
A_PA	456	6	A	0	0	6	34.1666666666667
A_PA	457	6	G	0	0	6	34.5
A_PA	458	6	A	0	0	6	35.1666666666667
A_PA	459	6	G	0	0	5	33.2
A_PA	460	6	G	0	0	6	33.3333333333333
A_PA	461	6	A	0	0	6	37
A_PA	462	6	G	0	0	4	31.75
A_PA	463	7	A	0	0	7	32
A_PA	464	7	T	0	0	7	31.5714285714286
A_PA	465	7	G	0	0	7	35.1428571428571
A_PA	466	7	G	0	0	7	35
A_PA	467	7	C	0	0	7	31.7142857142857
A_PA	468	7	C	0	0	4	37.75
A_PA	469	7	A	0	0	6	31.1666666666667
A_PA	470	8	C	0	0	8	34.625
A_PA	471	8	C	0	0	8	34
A_PA	472	8	A	0	0	8	34.125
A_PA	473	8	A	0	0	7	33.5714285714286
A_PA	474	8	A	0	0	8	36
A_PA	475	8	G	0	0	8	32
A_PA	476	8	C	0	0	8	29.5
A_PA	477	8	G	0	0	8	34.125
A_PA	478	7	G	0	0	7	36.7142857142857
A_PA	479	7	A	0	0	7	30.8571428571429
A_PA	480	7	C	0	0	5	33
A_PA	481	7	T	0	0	7	37.4285714285714
A_PA	482	7	A	0	0	7	37.4285714285714
A_PA	483	7	C	0	0	6	36.1666666666667
A_PA	484	7	A	0	0	7	30.4285714285714
A_PA	485	7	C	0	0	7	33.7142857142857
A_PA	486	7	C	0	0	6	30.8333333333333
A_PA	487	6	C	0	0	6	29
A_PA	488	6	T	0	0	6	36.6666666666667
A_PA	489	6	T	0	0	6	37.6666666666667
A_PA	490	6	G	0	0	6	34.3333333333333
A_PA	491	6	A	0	0	6	34.1666666666667
A_PA	492	6	T	0	0	6	34
A_PA	493	6	G	0	0	6	31.3333333333333
A_PA	494	6	A	0	0	6	34.3333333333333
A_PA	495	6	G	0	0	5	34.2
A_PA	496	6	G	0	0	6	38.3333333333333
A_PA	497	6	A	0	0	6	34.3333333333333
A_PA	498	6	G	0	0	5	38.2
A_PA	499	5	A	0	0	5	38.4
A_PA	500	5	G	0	0	5	34.2
A_PA	501	5	C	0	0	5	34.2
A_PA	502	5	A	0	0	5	37.8
A_PA	503	5	G	0	0	5	34.4
A_PA	504	5	A	0	0	4	39
A_PA	505	5	G	0	0	5	38.8
A_PA	506	5	C	0	0	5	34.4
A_PA	507	5	A	0	0	5	34.8
A_PA	508	5	A	0	0	5	34.8
A_PA	509	6	G	0	0	6	37.6666666666667
A_PA	510	6	A	0	0	6	36.6666666666667
A_PA	511	6	A	0	0	6	34.5
A_PA	512	6	T	0	0	6	36.1666666666667
A_PA	513	6	C	0	0	6	34
A_PA	514	6	A	0	0	5	38.2
A_PA	515	6	A	0	0	6	37.1666666666667
A_PA	516	6	A	0	0	6	37.3333333333333
A_PA	517	6	A	0	0	6	36.6666666666667
A_PA	518	6	C	0	0	6	34.1666666666667
A_PA	519	5	C	0	0	4	38.5
A_PA	520	5	A	0	0	5	38.4
A_PA	521	5	G	0	0	5	38.6
A_PA	522	5	G	0	0	5	37.4
A_PA	523	5	C	0	0	5	38.4
A_PA	524	5	T	0	0	5	37.8
A_PA	525	5	G	0	0	4	38.5
A_PA	526	5	T	0	0	5	38.4
A_PA	527	5	T	0	0	5	38.2
A_PA	528	5	C	0	0	5	38.4
A_PA	529	5	A	0	0	5	37.4
A_PA	530	8	C	0	0	8	36
A_PA	531	8	T	0	0	8	36.125
A_PA	532	8	A	0	0	8	35.75
A_PA	533	8	T	0	0	8	35.875
A_PA	534	7	A	0	0	7	36.1428571428571
A_PA	535	7	A	0	0	5	38.2
A_PA	536	7	G	0	0	7	38.1428571428571
A_PA	537	7	G	0	0	5	38.2
A_PA	538	7	C	0	0	7	34.4285714285714
A_PA	539	7	A	0	0	7	36.8571428571429
A_PA	540	7	A	0	0	7	37.1428571428571
A_PA	541	7	G	0	0	7	36.5714285714286
A_PA	542	7	A	0	0	7	37.7142857142857
A_PA	543	7	A	0	0	7	38.4285714285714
A_PA	544	7	A	0	0	7	38.4285714285714
A_PA	545	7	T	0	0	7	38.5714285714286
A_PA	546	7	G	0	0	7	38.5714285714286
A_PA	547	7	G	0	0	7	38.2857142857143
A_PA	548	7	C	0	0	7	37.4285714285714
A_PA	549	7	C	0	0	7	38.2857142857143
A_PA	550	7	A	0	0	7	38.4285714285714
A_PA	551	7	G	0	0	7	38.4285714285714
A_PA	552	7	T	0	0	7	38.4285714285714
A_PA	553	7	A	0	0	7	36.1428571428571
A_PA	554	7	G	0	0	7	37.7142857142857
A_PA	555	7	G	0	0	5	38
A_PA	556	7	G	0	0	5	38.2
A_PA	557	8	G	0	0	8	37.375
A_PA	558	8	T	0	0	8	34.875
A_PA	559	8	C	0	0	8	35.125
A_PA	560	8	T	0	0	8	37.875
A_PA	561	8	A	0	0	8	37.625
A_PA	562	8	T	0	0	8	38
A_PA	563	8	G	0	0	8	38.5
A_PA	564	8	G	0	0	8	37.875
A_PA	565	8	G	0	0	8	37.75
A_PA	566	8	A	0	0	8	38.25
A_PA	567	8	T	0	0	8	35.75
A_PA	568	8	T	0	0	8	38
A_PA	569	8	C	0	0	8	38.375
A_PA	570	8	C	0	0	8	37.875
A_PA	571	8	T	0	0	8	37.875
A_PA	572	8	T	0	0	8	38.375
A_PA	573	8	T	0	0	8	38.5
A_PA	574	8	C	0	0	8	38.25
A_PA	575	8	G	0	0	8	38
A_PA	576	8	T	0	0	8	38.25
A_PA	577	8	C	0	0	8	38
A_PA	578	8	A	0	0	8	38.875
A_PA	579	8	G	0	0	8	37.875
A_PA	580	9	T	0	0	9	38.6666666666667
A_PA	581	9	C	0	0	9	38.5555555555556
A_PA	582	10	C	0	0	10	37.9
A_PA	583	10	G	0	0	10	37.7
A_PA	584	10	A	0	0	10	36.2
A_PA	585	10	G	0	0	6	38
A_PA	586	10	A	0	0	10	37.8
A_PA	587	11	G	0	0	11	37
A_PA	588	12	A	0	0	11	37.1818181818182
A_PA	589	12	G	0	0	12	36.6666666666667
A_PA	590	12	G	0	0	12	36.6666666666667
A_PA	591	12	C	0	0	12	36.8333333333333
A_PA	592	12	G	0	0	12	36.4166666666667
A_PA	593	12	A	0	0	12	34.4166666666667
A_PA	594	12	A	0	0	12	37.1666666666667
A_PA	595	12	G	0	0	12	34.0833333333333
A_PA	596	12	A	0	0	12	36
A_PA	597	12	G	0	0	6	38.3333333333333
A_PA	598	12	A	0	0	12	38.3333333333333
A_PA	599	12	C	0	0	12	38.3333333333333
A_PA	600	12	A	0	0	12	37.8333333333333
A_PA	601	12	A	0	0	12	37.9166666666667
A_PA	602	12	T	0	0	12	37.9166666666667
A_PA	603	12	T	0	0	12	37.9166666666667
A_PA	604	12	G	0	0	12	37.9166666666667
A_PA	605	12	A	0	0	12	36.75
A_PA	606	12	A	0	0	12	38
A_PA	607	12	G	0	0	12	37.6666666666667
A_PA	608	13	A	0	0	13	37.8461538461538
A_PA	609	13	A	0	0	13	37.3846153846154
A_PA	610	12	A	0	0	12	38.75
A_PA	611	12	G	0	0	6	39
A_PA	612	12	A	0	0	12	38.9166666666667
A_PA	613	12	T	0	0	12	38.8333333333333
A_PA	614	12	T	0	0	12	38.5833333333333
A_PA	615	12	T	0	0	12	38.75
A_PA	616	12	G	0	0	12	38.1666666666667
A_PA	617	12	A	0	0	12	38.1666666666667
A_PA	618	12	G	0	0	7	38
A_PA	619	12	A	0	0	12	38.5833333333333
A_PA	620	12	T	0	0	12	38.1666666666667
A_PA	621	12	C	0	0	6	38
A_PA	622	12	A	0	0	12	37.0833333333333
A_PA	623	13	C	0	0	13	37.9230769230769
A_PA	624	13	A	0	0	13	38.0769230769231
A_PA	625	13	G	0	0	13	37.9230769230769
A_PA	626	13	G	0	0	13	37.6153846153846
A_PA	627	13	A	0	0	13	37.6923076923077
A_PA	628	13	A	0	0	13	38.1538461538462
A_PA	629	13	C	0	0	13	38.1538461538462
A_PA	630	12	T	0	0	7	34.7142857142857
A_PA	631	12	A	0	0	12	36.8333333333333
A_PA	632	12	T	0	0	12	36.6666666666667
A_PA	633	12	G	0	0	12	38.3333333333333
A_PA	634	12	C	0	0	12	37.8333333333333
A_PA	635	12	G	0	0	12	37.5
A_PA	636	12	C	0	0	12	38
A_PA	637	12	A	0	0	12	36.1666666666667
A_PA	638	12	A	0	0	7	37.5714285714286
A_PA	639	12	G	0	0	12	38.0833333333333
A_PA	640	12	C	0	0	12	37.75
A_PA	641	12	T	0	0	12	37.75
A_PA	642	12	T	0	0	12	38.5
A_PA	643	12	G	0	0	12	37.8333333333333
A_PA	644	12	C	0	0	12	37.3333333333333
A_PA	645	12	C	0	0	12	38.4166666666667
A_PA	646	12	G	0	0	12	37.75
A_PA	647	12	A	0	0	12	35.5
A_PA	648	12	C	0	0	12	35.8333333333333
A_PA	649	12	C	0	0	12	37.8333333333333
A_PA	650	12	A	0	0	12	37.5833333333333
A_PA	651	12	A	0	0	12	38.9166666666667
A_PA	652	12	A	0	0	12	38.4166666666667
A_PA	653	14	G	0	0	14	36.5714285714286
A_PA	654	14	T	0	0	14	32.9285714285714
A_PA	655	14	C	0	0	14	35.5
A_PA	656	14	T	0	0	14	35.7857142857143
A_PA	657	17	C	0	0	17	35.5882352941176
A_PA	658	17	C	0	0	17	36.8235294117647
A_PA	659	16	C	0	0	16	36.9375
A_PA	660	16	A	0	0	16	36.6875
A_PA	661	16	C	0	0	16	37.0625
A_PA	662	16	C	0	0	16	36
A_PA	663	16	G	0	0	16	36.625
A_PA	664	16	A	0	0	16	36.5
A_PA	665	16	A	0	0	16	36.875
A_PA	666	16	C	0	0	16	36.875
A_PA	667	16	T	0	0	16	37.625
A_PA	668	17	T	0	0	17	38
A_PA	669	17	C	0	0	17	38.1764705882353
A_PA	670	17	T	0	0	17	38
A_PA	671	17	C	0	0	17	37.7647058823529
A_PA	672	17	C	0	0	17	37.2352941176471
A_PA	673	17	A	0	0	17	38.1176470588235
A_PA	674	17	G	0	0	17	36.8823529411765
A_PA	675	17	C	0	0	17	36.7058823529412
A_PA	676	18	C	0	0	18	37.0555555555556
A_PA	677	17	T	0	0	17	38.2352941176471
A_PA	678	17	T	0	0	17	38
A_PA	679	17	G	0	0	17	36.5882352941176
A_PA	680	17	A	0	0	17	35.8823529411765
A_PA	681	15	A	0	0	15	38.3333333333333
A_PA	682	15	A	0	0	15	38.4
A_PA	683	15	A	0	0	15	38.4
A_PA	684	15	C	0	0	15	38.6
A_PA	685	15	T	0	0	15	37.2666666666667
A_PA	686	15	T	0	0	15	38.6666666666667
A_PA	687	15	T	0	0	15	38.2666666666667
A_PA	688	15	A	0	0	15	38.7333333333333
A_PA	689	15	G	0	0	15	37.2
A_PA	690	15	A	0	0	15	35.8
A_PA	691	15	G	0	0	15	38.4666666666667
A_PA	692	15	C	0	0	15	37.1333333333333
A_PA	693	15	C	0	0	15	38.1333333333333
A_PA	694	15	T	0	0	15	38.3333333333333
A_PA	695	15	A	0	0	15	38.1333333333333
A_PA	696	15	T	0	0	15	38.5333333333333
A_PA	697	15	G	0	0	15	36.9333333333333
A_PA	698	15	T	0	0	15	36.8
A_PA	699	15	A	0	0	11	37.5454545454545
A_PA	700	15	G	0	0	15	37
A_PA	701	15	A	0	0	15	37.4
A_PA	702	15	T	0	0	15	37.4666666666667
A_PA	703	15	G	0	0	15	37.9333333333333
A_PA	704	17	G	0	0	17	36.1764705882353
A_PA	705	17	A	0	0	17	37.0588235294118
A_PA	706	17	T	0	0	17	36.7058823529412
A_PA	707	17	T	0	0	17	37.5294117647059
A_PA	708	16	C	0	0	16	38.125
A_PA	709	16	G	0	0	16	36.875
A_PA	710	16	A	0	0	16	37.9375
A_PA	711	16	G	0	0	12	37.3333333333333
A_PA	712	16	C	0	0	16	37.0625
A_PA	713	16	C	0	0	16	37.375
A_PA	714	16	G	0	0	16	37.1875
A_PA	715	16	A	0	0	16	37.3125
A_PA	716	16	A	0	0	16	37.875
A_PA	717	16	C	0	0	16	37.125
A_PA	718	16	G	0	0	16	37.5
A_PA	719	16	G	0	0	16	37.375
A_PA	720	16	C	0	0	8	37.625
A_PA	721	16	T	0	0	16	35.6875
A_PA	722	16	G	0	0	12	37.75
A_PA	723	16	C	0	0	12	37.9166666666667
A_PA	724	16	A	0	0	16	38.25
A_PA	725	16	T	0	0	16	37.375
A_PA	726	16	T	0	0	16	37.5
A_PA	727	16	G	0	0	16	37.9375
A_PA	728	15	A	0	0	15	37.6
A_PA	729	18	G	0	0	14	37.3571428571429
A_PA	730	19	G	0	0	19	35.2631578947368
A_PA	731	19	G	0	0	19	36.9473684210526
A_PA	732	18	C	0	0	14	36.3571428571429
A_PA	733	18	A	0	0	18	36.6111111111111
A_PA	734	18	A	0	0	18	35.5
A_PA	735	20	G	0	0	16	36.125
A_PA	736	20	C	0	0	20	34.95
A_PA	737	20	T	0	0	20	36.85
A_PA	738	20	T	0	0	20	37.2
A_PA	739	19	T	0	0	19	37.3157894736842
A_PA	740	19	C	0	0	19	37.5263157894737
A_PA	741	19	C	0	0	15	36.4
A_PA	742	19	C	0	0	19	36.9473684210526
A_PA	743	19	A	0	0	19	35.9473684210526
A_PA	744	19	A	0	0	19	38.1052631578947
A_PA	745	19	A	0	0	19	36.8421052631579
A_PA	746	19	T	0	0	19	35.8421052631579
A_PA	747	19	G	0	0	19	37.2631578947368
A_PA	748	19	T	0	0	19	35.9473684210526
A_PA	749	19	C	0	0	18	36.6666666666667
A_PA	750	19	A	0	0	19	35.0526315789474
A_PA	751	19	A	0	0	19	36.9473684210526
A_PA	752	19	G	0	0	11	38.4545454545455
A_PA	753	19	A	0	0	19	36.6315789473684
A_PA	754	19	G	0	0	18	37.7222222222222
A_PA	755	19	A	0	0	19	36.7368421052632
A_PA	756	19	A	0	0	19	37.8947368421053
A_PA	757	19	G	0	0	19	37.0526315789474
A_PA	758	18	T	0	0	17	36.8823529411765
A_PA	759	18	G	0	0	18	37.1111111111111
A_PA	760	18	A	0	0	18	37.5
A_PA	761	18	A	0	0	15	38.6
A_PA	762	18	C	0	0	14	36.7142857142857
A_PA	763	18	G	0	0	18	35.6111111111111
A_PA	764	18	C	0	0	18	36.5555555555556
A_PA	765	17	C	0	0	15	37.4
A_PA	766	17	A	0	0	17	37.1764705882353
A_PA	767	17	A	0	0	15	35.2666666666667
A_PA	768	17	A	0	0	15	36.6
A_PA	769	17	A	0	0	17	36.7647058823529
A_PA	770	17	T	0	0	17	37.1764705882353
A_PA	771	18	T	0	0	18	37.1666666666667
A_PA	772	18	G	0	0	18	36.8888888888889
A_PA	773	18	A	0	0	18	36
A_PA	774	18	A	0	0	15	36.9333333333333
A_PA	775	18	C	0	0	18	38.3888888888889
A_PA	776	18	C	0	0	17	38.7058823529412
A_PA	777	18	A	0	0	18	37.2777777777778
A_PA	778	18	T	0	0	18	37.2777777777778
A_PA	779	18	T	0	0	18	38.3888888888889
A_PA	780	19	C	0	0	16	37.1875
A_PA	781	19	T	0	0	16	36.875
A_PA	782	19	T	0	0	19	37.6315789473684
A_PA	783	19	G	0	0	15	36.8
A_PA	784	19	A	0	0	19	36.7368421052632
A_PA	785	20	G	0	0	17	37.8235294117647
A_PA	786	21	G	0	0	21	36.5714285714286
A_PA	787	21	A	0	0	21	35.5238095238095
A_PA	788	21	C	0	0	20	37.7
A_PA	789	21	A	0	0	17	36.7058823529412
A_PA	790	21	A	0	0	21	35.8571428571429
A_PA	791	21	C	0	0	21	36.4285714285714
A_PA	792	21	A	0	0	21	35.6190476190476
A_PA	793	21	C	0	0	21	34.9047619047619
A_PA	794	21	C	0	0	21	35.1904761904762
A_PA	795	21	A	0	0	20	38.2
A_PA	796	21	C	0	0	21	35.8571428571429
A_PA	797	21	G	0	0	21	34
A_PA	798	21	C	0	0	21	35.0476190476191
A_PA	799	21	C	0	0	21	34.0952380952381
A_PA	800	19	C	0	0	17	33.8823529411765
A_PA	801	18	C	0	0	15	36.2
A_PA	802	17	C	0	0	15	35.5333333333333
A_PA	803	17	T	0	0	17	37.2352941176471
A_PA	804	17	C	0	0	15	37.4666666666667
A_PA	805	17	A	0	0	17	35.8235294117647
A_PA	806	17	A	0	0	15	35.5333333333333
A_PA	807	17	A	0	0	16	36
A_PA	808	16	T	0	0	15	34.0666666666667
A_PA	809	16	T	0	0	16	37.5625
A_PA	810	16	G	0	0	13	36.2307692307692
A_PA	811	15	C	0	0	15	35.6666666666667
A_PA	812	15	C	0	0	15	36.6666666666667
A_PA	813	15	T	0	0	15	38.1333333333333
A_PA	814	15	G	0	0	15	36.8666666666667
A_PA	815	15	A	0	0	15	36.2
A_PA	816	14	C	0	0	10	38.7
A_PA	817	14	G	0	0	14	36.3571428571429
A_PA	818	14	G	0	0	14	37.2142857142857
A_PA	819	13	A	0	0	10	36.3
A_PA	820	13	C	0	0	13	37
A_PA	821	13	C	0	0	13	35.8461538461538
A_PA	822	13	C	0	0	10	37.8
A_PA	823	13	C	0	0	13	37.4615384615385
A_PA	824	13	T	0	0	12	36
A_PA	825	13	T	0	0	11	38.4545454545455
A_PA	826	13	T	0	0	13	36.7692307692308
A_PA	827	13	G	0	0	12	34.5
A_PA	828	13	C	0	0	13	36
A_PA	829	12	C	1	0	11	37.0909090909091
A_PA	830	12	A	1	0	11	36.0909090909091
A_PA	831	13	T	0	0	13	36.6153846153846
A_PA	832	15	C	0	0	15	36.2666666666667
A_PA	833	16	A	0	0	16	36.75
A_PA	834	17	G	0	0	15	34.5333333333333
A_PA	835	17	C	0	0	17	35.4705882352941
A_PA	836	17	G	0	0	17	34.5294117647059
A_PA	837	17	G	0	0	15	35.3333333333333
A_PA	838	17	T	0	0	17	31.2352941176471
A_PA	839	17	C	0	0	17	31.6470588235294
A_PA	840	17	A	0	0	15	31.5333333333333
A_PA	841	17	A	0	0	17	37.2352941176471
A_PA	842	17	A	0	0	17	35
A_PA	843	17	G	0	0	17	35.9411764705882
A_PA	844	17	T	0	0	17	36.0588235294118
A_PA	845	17	T	0	0	17	36.0588235294118
A_PA	846	17	C	0	0	17	35.4705882352941
A_PA	847	17	C	0	0	15	37.4666666666667
A_PA	848	17	T	0	0	17	34.1764705882353
A_PA	849	16	G	0	0	11	34.1818181818182
A_PA	850	16	C	0	0	10	35.4
A_PA	851	16	T	0	0	16	36.8125
A_PA	852	17	G	0	0	17	35.7058823529412
A_PA	853	17	A	0	0	17	34.9411764705882
A_PA	854	17	T	0	0	17	37.3529411764706
A_PA	855	18	G	0	0	18	33.9444444444444
A_PA	856	18	G	0	0	18	35.6111111111111
A_PA	857	18	A	0	0	18	32.3333333333333
A_PA	858	18	T	0	0	18	35.6666666666667
A_PA	859	18	G	0	0	18	34
A_PA	860	18	C	0	0	18	36.2222222222222
A_PA	861	18	T	0	0	16	34.75
A_PA	862	18	C	0	0	14	37.5
A_PA	863	18	T	0	0	18	37.5555555555556
A_PA	864	18	G	0	0	16	36.25
A_PA	865	18	A	0	0	18	34
A_PA	866	18	A	0	0	18	35.5555555555556
A_PA	867	18	G	0	0	12	33
A_PA	868	18	T	0	0	18	37.3888888888889
A_PA	869	18	T	0	0	18	36.8888888888889
A_PA	870	18	A	0	0	18	37.8333333333333
A_PA	871	18	A	0	0	18	36.7777777777778
A_PA	872	18	G	0	0	18	37.1666666666667
A_PA	873	18	T	0	0	16	37.5
A_PA	874	18	A	0	0	18	34.9444444444444
A_PA	875	18	T	0	0	18	37.7222222222222
A_PA	876	18	C	0	0	14	34.7857142857143
A_PA	877	18	G	0	0	18	33.1111111111111
A_PA	878	18	A	0	0	18	34.3333333333333
A_PA	879	17	A	0	0	16	36.4375
A_PA	880	15	G	0	0	15	33.2
A_PA	881	14	A	0	0	14	37.0714285714286
A_PA	882	15	C	0	0	15	35.6666666666667
A_PA	883	15	C	0	0	15	34.0666666666667
A_PA	884	16	C	0	0	16	37.1875
A_PA	885	16	G	0	0	16	33.25
A_PA	886	14	A	0	0	14	33.6428571428571
A_PA	887	13	G	0	0	13	34.2307692307692
A_PA	888	7	T	0	0	6	36.3333333333333
A_PA	889	7	C	0	0	7	34.8571428571429
A_PA	890	7	A	0	0	7	34.2857142857143
A_PA	891	7	C	0	0	6	36.3333333333333
A_PA	892	7	G	0	0	7	36
A_PA	893	7	A	0	0	7	32.4285714285714
A_PA	894	7	G	0	0	6	37.1666666666667
A_PA	895	7	G	0	0	7	36.5714285714286
A_PA	896	7	G	0	0	7	33.8571428571429
A_PA	897	7	G	0	0	7	36
A_PA	898	7	G	0	0	7	37.7142857142857
A_PA	899	7	A	0	0	7	36.7142857142857
A_PA	900	7	G	0	0	6	35.8333333333333
A_PA	901	7	G	0	0	7	34.5714285714286
A_PA	902	7	G	0	0	7	32.8571428571429
A_PA	903	7	A	0	0	6	34
A_PA	904	7	A	0	0	7	34.5714285714286
A_PA	905	7	T	0	0	7	36.7142857142857
A_PA	906	7	A	0	0	6	37.6666666666667
A_PA	907	7	C	0	0	7	36.8571428571429
A_PA	908	7	C	0	0	7	37.8571428571429
A_PA	909	7	A	0	0	6	38
A_PA	910	8	C	0	0	8	37
A_PA	911	8	T	0	0	8	36.875
A_PA	912	8	A	0	0	8	37.25
A_PA	913	8	T	0	0	8	37.5
A_PA	914	8	A	0	0	8	37.5
A_PA	915	8	T	0	0	8	38.25
A_PA	916	8	G	0	0	8	37.875
A_PA	917	8	A	0	0	8	37.125
A_PA	918	8	T	0	0	8	35.5
A_PA	919	8	G	0	0	8	34.75
A_PA	920	9	C	0	0	9	35.2222222222222
A_PA	921	9	A	0	0	9	35.7777777777778
A_PA	922	9	A	0	0	9	38.1111111111111
A_PA	923	9	T	0	0	9	38.6666666666667
A_PA	924	9	C	0	0	8	37.875
A_PA	925	9	A	0	0	9	38.4444444444444
A_PA	926	9	A	0	0	9	35.6666666666667
A_PA	927	9	A	0	0	9	38.4444444444444
A_PA	928	11	T	0	0	11	34.7272727272727
A_PA	929	11	G	0	0	11	37
A_PA	930	11	C	0	0	11	35.6363636363636
A_PA	931	11	A	0	0	11	37.3636363636364
A_PA	932	11	T	0	0	11	35
A_PA	933	11	G	0	0	11	36.1818181818182
A_PA	934	10	A	0	0	10	37.8
A_PA	935	10	A	0	0	10	38.3
A_PA	936	10	G	0	0	9	37.5555555555556
A_PA	937	10	A	0	0	10	38.2
A_PA	938	10	C	0	0	10	38
A_PA	939	10	A	0	0	10	37.7
A_PA	940	10	T	0	0	10	37.9
A_PA	941	10	T	0	0	10	36.4
A_PA	942	10	C	0	0	10	37.8
A_PA	943	10	T	0	0	10	38.6
A_PA	944	10	T	0	0	10	38.4
A_PA	945	10	T	0	0	9	36
A_PA	946	10	G	0	0	10	38.2
A_PA	947	10	G	0	0	10	37.1
A_PA	948	10	C	0	0	10	36
A_PA	949	10	T	0	0	9	38.2222222222222
A_PA	950	10	G	0	0	10	37.5
A_PA	951	10	G	0	0	10	37.4
A_PA	952	10	A	0	0	10	38.4
A_PA	953	10	A	0	0	10	38.5
A_PA	954	10	A	0	0	10	38.6
A_PA	955	10	G	0	0	10	36.9
A_PA	956	10	A	0	0	10	36.6
A_PA	957	11	G	0	0	11	37.3636363636364
A_PA	958	11	C	0	0	11	36.1818181818182
A_PA	959	11	C	0	0	11	36.1818181818182
A_PA	960	11	T	0	0	10	36.9
A_PA	961	11	A	0	0	11	37.1818181818182
A_PA	962	11	C	0	0	10	36.2
A_PA	963	11	C	0	0	11	38.1818181818182
A_PA	964	11	A	0	0	11	37
A_PA	965	11	T	0	0	11	38
A_PA	966	12	A	0	0	11	36.1818181818182
A_PA	967	12	G	0	0	12	37.1666666666667
A_PA	968	12	T	0	0	12	37.75
A_PA	969	12	C	0	0	11	35.8181818181818
A_PA	970	13	A	0	0	13	36
A_PA	971	13	A	0	0	13	35.4615384615385
A_PA	972	13	A	0	0	13	34.9230769230769
A_PA	973	15	C	0	0	15	34.9333333333333
A_PA	974	15	C	0	0	15	34.5333333333333
A_PA	975	15	A	0	0	14	34.4285714285714
A_PA	976	15	C	0	0	15	35.4
A_PA	977	15	A	0	0	15	33.4
A_PA	978	15	T	0	0	15	36.4
A_PA	979	15	G	0	0	15	37.7333333333333
A_PA	980	15	A	0	0	15	37.4666666666667
A_PA	981	16	G	0	0	14	37.1428571428571
A_PA	982	16	A	0	0	16	37.3125
A_PA	983	14	A	0	0	14	36.3571428571429
A_PA	984	13	A	0	0	13	35.3846153846154
A_PA	985	14	G	0	0	14	35.6428571428571
A_PA	986	15	G	0	0	15	33.7333333333333
A_PA	987	15	C	0	0	15	35.1333333333333
A_PA	988	15	A	0	0	15	35.8666666666667
A_PA	989	15	T	0	0	15	36.3333333333333
A_PA	990	15	A	0	0	15	34.9333333333333
A_PA	991	15	A	0	0	15	37.2666666666667
A_PA	992	16	A	0	0	16	35.0625
A_PA	993	16	T	0	0	16	34.625
A_PA	994	17	C	0	0	17	36.2941176470588
A_PA	995	17	C	0	0	17	36.1176470588235
A_PA	996	17	C	0	0	15	36.8
A_PA	997	17	A	0	0	17	37.0588235294118
A_PA	998	17	A	0	0	17	37.4117647058824
A_PA	999	17	T	0	0	17	36.6470588235294
A_PA	1000	17	T	0	0	17	36.2352941176471
A_PA	1001	17	A	0	0	17	35.2352941176471
A_PA	1002	17	T	0	0	15	37.2666666666667
A_PA	1003	17	C	0	0	17	37.5294117647059
A_PA	1004	17	T	0	0	17	37.3529411764706
A_PA	1005	17	C	0	0	13	35.3076923076923
A_PA	1006	17	A	0	0	13	35.9230769230769
A_PA	1007	17	T	0	0	17	37.2352941176471
A_PA	1008	17	G	0	0	17	36.6470588235294
A_PA	1009	18	G	0	0	18	36.5555555555556
A_PA	1010	18	C	0	0	18	37.7777777777778
A_PA	1011	18	T	0	0	18	38.5555555555556
A_PA	1012	18	T	0	0	18	36.8888888888889
A_PA	1013	18	G	0	0	18	36.6666666666667
A_PA	1014	18	G	0	0	18	35.7222222222222
A_PA	1015	18	A	0	0	18	34.6666666666667
A_PA	1016	18	A	0	0	18	37.3333333333333
A_PA	1017	19	G	0	0	19	36.2105263157895
A_PA	1018	19	C	0	0	19	35.2631578947368
A_PA	1019	19	A	0	0	19	36.6842105263158
A_PA	1020	19	G	0	0	19	36.6315789473684
A_PA	1021	19	G	0	0	19	36.3157894736842
A_PA	1022	19	T	0	0	18	32.3888888888889
A_PA	1023	19	G	0	0	19	35.1578947368421
A_PA	1024	19	C	0	0	19	35.7368421052632
A_PA	1025	19	T	0	0	19	35.4210526315789
A_PA	1026	20	G	0	0	16	34.8125
A_PA	1027	20	G	0	0	20	35.55
A_PA	1028	20	C	0	0	20	34.55
A_PA	1029	20	A	0	0	20	36.65
A_PA	1030	20	G	0	0	20	35.15
A_PA	1031	20	A	0	0	20	32.5
A_PA	1032	21	G	0	0	17	36.4705882352941
A_PA	1033	21	A	0	0	17	34.8823529411765
A_PA	1034	21	T	0	0	21	35.2857142857143
A_PA	1035	20	A	0	0	16	35.875
A_PA	1036	20	C	0	0	20	36.2
A_PA	1037	20	A	0	0	20	37.9
A_PA	1038	20	G	0	0	16	36.4375
A_PA	1039	20	G	0	0	20	35.55
A_PA	1040	20	A	0	0	19	33
A_PA	1041	20	C	0	0	16	37.1875
A_PA	1042	21	A	0	0	21	36.4285714285714
A_PA	1043	22	T	0	0	20	37.6
A_PA	1044	22	T	0	0	22	37.0454545454545
A_PA	1045	22	G	0	0	22	37.6818181818182
A_PA	1046	22	A	0	0	22	37.3181818181818
A_PA	1047	22	A	0	0	19	36.6842105263158
A_PA	1048	22	A	0	0	22	37.9090909090909
A_PA	1049	22	A	0	0	22	37.1363636363636
A_PA	1050	22	T	0	0	22	37.2727272727273
A_PA	1051	22	G	0	0	22	36.5
A_PA	1052	22	A	0	0	22	37.6818181818182
A_PA	1053	22	A	0	0	17	37.1176470588235
A_PA	1054	22	G	0	0	22	37.1363636363636
A_PA	1055	22	A	0	0	22	35.4090909090909
A_PA	1056	22	G	0	0	20	36.6
A_PA	1057	22	A	0	0	22	38.0454545454545
A_PA	1058	22	A	0	0	22	38.5
A_PA	1059	22	G	0	0	17	36.7647058823529
A_PA	1060	22	A	0	0	22	37.7272727272727
A_PA	1061	21	T	0	0	21	37
A_PA	1062	21	C	0	0	16	35.5
A_PA	1063	21	C	0	0	21	37.0952380952381
A_PA	1064	21	C	0	0	21	37.6666666666667
A_PA	1065	21	A	0	0	21	36.9523809523809
A_PA	1066	21	A	0	0	21	34.9047619047619
A_PA	1067	20	G	0	0	18	35.6111111111111
A_PA	1068	20	G	0	0	16	34.3125
A_PA	1069	20	A	0	0	20	36.8
A_PA	1070	20	C	0	0	20	37.1
A_PA	1071	20	A	0	0	20	36.25
A_PA	1072	20	A	0	0	20	37.2
A_PA	1073	20	A	0	0	20	36.15
A_PA	1074	20	A	0	0	16	35.125
A_PA	1075	20	A	0	0	20	35.65
A_PA	1076	20	A	0	0	20	35
A_PA	1077	20	C	0	0	18	36.3888888888889
A_PA	1078	20	A	0	0	20	37.4
A_PA	1079	18	T	0	0	18	37.1111111111111
A_PA	1080	19	G	0	0	19	35.5789473684211
A_PA	1081	19	A	0	0	19	34.5789473684211
A_PA	1082	19	A	0	0	19	35.6315789473684
A_PA	1083	19	G	0	0	19	35.6315789473684
A_PA	1084	19	A	0	0	19	36.8421052631579
A_PA	1085	21	G	0	0	17	37.2941176470588
A_PA	1086	21	A	0	0	21	36.5714285714286
A_PA	1087	21	A	0	0	21	36.4761904761905
A_PA	1088	22	C	0	0	22	37.7727272727273
A_PA	1089	22	A	0	0	22	37.8636363636364
A_PA	1090	22	A	0	0	22	38.0909090909091
A_PA	1091	22	G	0	0	22	37
A_PA	1092	22	C	0	0	20	36.1
A_PA	1093	22	C	0	0	21	36.9523809523809
A_PA	1094	23	A	0	0	22	37
A_PA	1095	24	G	0	0	20	35.5
A_PA	1096	24	T	0	0	24	36.9583333333333
A_PA	1097	24	T	0	0	24	35.7083333333333
A_PA	1098	24	G	0	0	24	34.2083333333333
A_PA	1099	24	A	0	0	24	35.875
A_PA	1100	24	A	0	0	24	37.0833333333333
A_PA	1101	24	G	0	0	24	37.4583333333333
A_PA	1102	24	T	0	0	23	35.3913043478261
A_PA	1103	24	G	0	0	24	35.9166666666667
A_PA	1104	24	G	0	0	24	36.8333333333333
A_PA	1105	24	G	0	0	24	35.25
A_PA	1106	24	C	0	0	24	36.875
A_PA	1107	24	A	0	0	24	38.0833333333333
A_PA	1108	23	C	0	0	23	37.5652173913044
A_PA	1109	23	T	0	0	23	37.4347826086956
A_PA	1110	23	C	0	0	19	37.4736842105263
A_PA	1111	23	G	0	0	23	36.8695652173913
A_PA	1112	23	G	0	0	23	37.4347826086956
A_PA	1113	23	T	0	0	22	36.5909090909091
A_PA	1114	23	G	0	0	23	35.6086956521739
A_PA	1115	23	A	0	0	23	35.9130434782609
A_PA	1116	23	A	0	0	19	37.4736842105263
A_PA	1117	23	A	0	0	23	36.8695652173913
A_PA	1118	23	A	0	0	23	38.695652173913
A_PA	1119	24	C	0	0	22	36.6818181818182
A_PA	1120	24	A	0	0	24	37.25
A_PA	1121	25	T	0	0	25	36.72
A_PA	1122	25	G	0	0	25	36.68
A_PA	1123	25	G	0	0	25	37.36
A_PA	1124	23	C	0	0	23	38.5217391304348
A_PA	1125	23	A	0	0	23	37.695652173913
A_PA	1126	23	C	0	0	23	37.695652173913
A_PA	1127	24	C	0	0	24	36.6666666666667
A_PA	1128	24	A	0	0	24	37.5
A_PA	1129	25	G	0	0	25	37.32
A_PA	1130	25	A	0	0	25	36.28
A_PA	1131	25	A	0	0	20	36.95
A_PA	1132	24	A	0	0	24	36.875
A_PA	1133	24	A	0	0	24	36.1666666666667
A_PA	1134	26	A	0	0	26	36.3076923076923
A_PA	1135	26	G	0	0	26	36.9230769230769
A_PA	1136	24	T	0	0	24	35.9166666666667
A_PA	1137	23	A	0	0	23	36.1304347826087
A_PA	1138	23	G	0	0	22	37.8181818181818
A_PA	1139	23	A	0	0	23	37.6521739130435
A_PA	1140	24	C	0	0	24	37.9166666666667
A_PA	1141	24	T	0	0	24	38.0416666666667
A_PA	1142	24	T	0	0	24	37.4166666666667
A_PA	1143	23	T	0	0	23	38.2173913043478
A_PA	1144	23	G	0	0	23	37.2173913043478
A_PA	1145	22	A	0	0	22	37.4090909090909
A_PA	1146	22	T	0	0	19	38.2105263157895
A_PA	1147	22	G	0	0	22	37.6363636363636
A_PA	1148	22	A	0	0	22	37.4545454545455
A_PA	1149	22	T	0	0	19	38.2105263157895
A_PA	1150	23	T	0	0	23	37.6521739130435
A_PA	1151	23	G	0	0	23	36.695652173913
A_PA	1152	23	C	0	0	23	37.4347826086956
A_PA	1153	23	A	0	0	23	37.4347826086956
A_PA	1154	23	A	0	0	22	37.5454545454545
A_PA	1155	23	A	0	0	21	35.6666666666667
A_PA	1156	23	G	0	0	23	36.3913043478261
A_PA	1157	23	A	0	0	23	35.695652173913
A_PA	1158	23	T	0	0	20	37.05
A_PA	1159	23	G	0	0	22	37.6818181818182
A_PA	1160	22	T	0	0	22	36.8181818181818
A_PA	1161	22	T	0	0	22	37.0909090909091
A_PA	1162	22	G	0	0	19	36.4736842105263
A_PA	1163	22	G	0	0	22	35.6818181818182
A_PA	1164	22	A	0	0	19	36.8421052631579
A_PA	1165	22	G	0	0	22	38.2272727272727
A_PA	1166	24	A	0	0	24	36.0416666666667
A_PA	1167	24	T	0	0	23	37.3478260869565
A_PA	1168	24	C	0	0	24	36.8333333333333
A_PA	1169	24	T	0	0	24	37.7083333333333
A_PA	1170	25	T	0	0	22	37.4090909090909
A_PA	1171	25	A	0	0	22	36.7727272727273
A_PA	1172	25	A	0	0	23	36.5217391304348
A_PA	1173	27	A	0	0	27	37.5925925925926
A_PA	1174	27	C	0	0	27	37.1111111111111
A_PA	1175	27	A	0	0	27	37.6666666666667
A_PA	1176	27	A	0	0	22	35.4545454545455
A_PA	1177	26	T	0	0	26	37.2307692307692
A_PA	1178	26	A	0	0	26	37.4230769230769
A_PA	1179	26	T	0	0	26	37.6153846153846
A_PA	1180	26	G	0	0	26	37.5384615384615
A_PA	1181	26	A	0	0	26	38.0769230769231
A_PA	1182	25	C	0	0	25	38.04
A_PA	1183	24	A	0	0	24	36.75
A_PA	1184	23	G	0	0	23	38.3478260869565
A_PA	1185	23	T	0	0	23	36.1739130434783
A_PA	1186	23	G	0	0	23	38.0869565217391
A_PA	1187	23	A	0	0	23	38.0869565217391
A_PA	1188	23	T	0	0	23	37.2173913043478
A_PA	1189	23	G	0	0	23	37.1739130434783
A_PA	1190	23	A	0	0	23	37.9565217391304
A_PA	1191	22	G	0	0	18	37.1666666666667
A_PA	1192	22	C	0	0	22	37.5454545454545
A_PA	1193	22	C	0	0	22	38.2272727272727
A_PA	1194	21	C	0	0	17	37.7058823529412
A_PA	1195	21	G	0	0	21	37.4761904761905
A_PA	1196	21	A	0	0	21	35.8571428571429
A_PA	1197	21	G	0	0	21	37.4761904761905
A_PA	1198	21	C	0	0	18	37.3333333333333
A_PA	1199	21	C	0	0	21	37.5238095238095
A_PA	1200	21	C	0	0	18	36.6666666666667
A_PA	1201	21	A	0	0	21	38.5238095238095
A_PA	1202	6	G	0	0	6	37.3333333333333
A_PA	1203	6	A	0	0	6	37.3333333333333
A_PA	1204	6	T	0	0	6	38.3333333333333
A_PA	1205	6	C	0	0	6	38.5
A_PA	1206	6	T	0	0	3	37.6666666666667
A_PA	1207	6	C	0	0	6	36.6666666666667
A_PA	1208	6	T	0	0	6	38.1666666666667
A_PA	1209	7	A	0	0	5	36.2
A_PA	1210	7	G	0	0	6	36.3333333333333
A_PA	1211	7	C	0	0	7	37.2857142857143
A_PA	1212	7	A	0	0	7	36.5714285714286
A_PA	1213	7	A	0	0	7	37
A_PA	1214	7	G	0	0	7	38
A_PA	1215	8	C	0	0	7	37.8571428571429
A_PA	1216	8	T	0	0	8	38.25
A_PA	1217	8	G	0	0	8	38.25
A_PA	1218	8	G	0	0	8	37.625
A_PA	1219	8	A	0	0	6	37.3333333333333
A_PA	1220	8	T	0	0	8	36.25
A_PA	1221	8	C	0	0	6	38.5
A_PA	1222	8	C	0	0	8	38.5
A_PA	1223	8	A	0	0	8	38.25
A_PA	1224	8	G	0	0	5	38.8
A_PA	1225	8	A	0	0	8	38.125
A_PA	1226	8	G	0	0	5	38.6
A_PA	1227	8	C	0	0	5	37.2
A_PA	1228	8	G	0	0	8	38.25
A_PA	1229	8	A	0	0	8	37.75
A_PA	1230	8	A	0	0	8	38.25
A_PA	1231	8	T	0	0	8	38
A_PA	1232	8	T	0	0	8	38.75
A_PA	1233	8	C	0	0	8	36.375
A_PA	1234	8	A	0	0	8	35.375
A_PA	1235	8	A	0	0	8	37
A_PA	1236	8	T	0	0	8	37.625
A_PA	1237	8	A	0	0	8	37.5
A_PA	1238	8	A	0	0	8	37.875
A_PA	1239	7	A	0	0	5	39
A_PA	1240	8	G	0	0	8	36.375
A_PA	1241	8	C	0	0	8	38.625
A_PA	1242	8	A	0	0	8	38.75
A_PA	1243	8	T	0	0	8	38.625
A_PA	1244	9	G	0	0	9	38
A_PA	1245	9	C	0	0	7	37.4285714285714
A_PA	1246	9	G	0	0	9	37.5555555555556
A_PA	1247	9	A	0	0	9	37.4444444444444
A_PA	1248	9	A	0	0	9	37.6666666666667
A_PA	1249	9	T	0	0	9	37.5555555555556
A_PA	1250	10	T	0	0	10	37.7
A_PA	1251	10	G	0	0	10	37.7
A_PA	1252	10	A	0	0	10	36.6
A_PA	1253	10	C	0	0	10	38.6
A_PA	1254	10	A	0	0	6	38.6666666666667
A_PA	1255	10	G	0	0	10	38.5
A_PA	1256	10	A	0	0	10	38.5
A_PA	1257	10	T	0	0	8	38.75
A_PA	1258	10	T	0	0	10	38.3
A_PA	1259	10	C	0	0	10	38.8
A_PA	1260	12	A	0	0	12	37
A_PA	1261	12	A	0	0	12	37.5
A_PA	1262	12	G	0	0	11	34.7272727272727
A_PA	1263	12	T	0	0	8	38.125
A_PA	1264	12	T	0	0	12	37.4166666666667
A_PA	1265	12	G	0	0	12	34.9166666666667
A_PA	1266	12	G	0	0	12	36.1666666666667
A_PA	1267	12	A	0	0	12	36.8333333333333
A_PA	1268	12	T	0	0	12	35.9166666666667
A_PA	1269	12	T	0	0	11	37.3636363636364
A_PA	1270	14	G	0	0	14	36.2857142857143
A_PA	1271	13	A	0	0	13	35.6923076923077
A_PA	1272	13	A	0	0	13	37.2307692307692
A_PA	1273	13	C	0	0	12	37.4166666666667
A_PA	1274	13	T	0	0	13	35.3076923076923
A_PA	1275	13	T	0	0	13	37.3076923076923
A_PA	1276	13	G	0	0	13	36.6153846153846
A_PA	1277	13	A	0	0	12	36.4166666666667
A_PA	1278	13	T	0	0	13	36.6153846153846
A_PA	1279	13	G	0	0	13	37.9230769230769
A_PA	1280	13	A	0	0	13	38.5384615384615
A_PA	1281	13	A	0	0	11	36.2727272727273
A_PA	1282	13	A	0	0	13	37.6153846153846
A_PA	1283	13	T	0	0	13	38
A_PA	1284	13	A	0	0	13	36.4615384615385
A_PA	1285	13	G	0	0	13	37.9230769230769
A_PA	1286	13	G	0	0	13	36.3076923076923
A_PA	1287	13	G	0	0	11	37.9090909090909
A_PA	1288	13	G	0	0	13	37
A_PA	1289	13	A	0	0	13	37.0769230769231
A_PA	1290	13	A	0	0	12	33.75
A_PA	1291	13	G	0	0	13	34.6153846153846
A_PA	1292	13	A	0	0	13	37.3846153846154
A_PA	1293	13	C	0	0	9	38.6666666666667
A_PA	1294	13	G	0	0	12	37.25
A_PA	1295	13	T	0	0	13	34.2307692307692
A_PA	1296	13	T	0	0	13	33.8461538461538
A_PA	1297	13	G	0	0	13	36
A_PA	1298	13	C	0	0	13	36.3846153846154
A_PA	1299	12	T	0	0	10	35.9
A_PA	1300	12	C	0	0	12	35.75
A_PA	1301	12	C	0	0	12	37.3333333333333
A_PA	1302	12	A	0	0	10	36.5
A_PA	1303	12	A	0	0	12	36.4166666666667
A_PA	1304	12	T	0	0	12	38
A_PA	1305	12	T	0	0	12	36.75
A_PA	1306	12	G	0	0	12	37.3333333333333
A_PA	1307	12	A	0	0	12	36.8333333333333
A_PA	1308	11	G	0	0	10	38.2
A_PA	1309	11	C	0	0	11	36.4545454545455
A_PA	1310	11	A	0	0	11	38.5454545454545
A_PA	1311	12	C	0	0	11	38.1818181818182
A_PA	1312	13	A	0	0	13	36.6923076923077
A_PA	1313	13	T	0	0	13	35.6923076923077
A_PA	1314	13	T	0	0	12	34.5
A_PA	1315	13	G	0	0	13	37.4615384615385
A_PA	1316	10	C	0	0	10	37.2
A_PA	1317	10	G	0	0	9	37.1111111111111
A_PA	1318	10	A	0	0	10	36.5
A_PA	1319	10	G	0	0	10	37.4
A_PA	1320	10	T	0	0	9	36.8888888888889
A_PA	1321	11	A	0	0	11	36.2727272727273
A_PA	1322	11	T	0	0	11	38.4545454545455
A_PA	1323	11	G	0	0	11	38.1818181818182
A_PA	1324	11	A	0	0	11	38.3636363636364
A_PA	1325	11	G	0	0	11	38.8181818181818
A_PA	1326	11	A	0	0	11	38.5454545454545
A_PA	1327	11	A	0	0	11	38.2727272727273
A_PA	1328	11	G	0	0	11	36.3636363636364
A_PA	1329	11	A	0	0	9	38.1111111111111
A_PA	1330	12	A	0	0	12	36.1666666666667
A_PA	1331	12	A	0	0	12	38.1666666666667
A_PA	1332	12	C	0	0	11	36.9090909090909
A_PA	1333	12	T	0	0	12	38.3333333333333
A_PA	1334	12	A	0	0	12	36.25
A_PA	1335	13	T	0	0	13	35.8461538461538
A_PA	1336	13	T	0	0	13	36
A_PA	1337	13	T	0	0	13	36.3076923076923
A_PA	1338	13	C	0	0	10	38.2
A_PA	1339	13	A	0	0	13	38
A_PA	1340	13	C	0	0	13	37.6153846153846
A_PA	1341	13	A	0	0	12	37.75
A_PA	1342	13	G	0	0	13	36.2307692307692
A_PA	1343	13	C	0	0	13	37.3076923076923
A_PA	1344	13	G	0	0	10	35.7
A_PA	1345	13	G	0	0	13	37.4615384615385
A_PA	1346	13	A	0	0	13	37.3846153846154
A_PA	1347	13	A	0	0	13	34.6923076923077
A_PA	1348	13	G	0	0	13	38.1538461538462
A_PA	1349	13	T	0	0	13	37.4615384615385
A_PA	1350	13	G	0	0	12	37.6666666666667
A_PA	1351	13	T	0	0	13	37.7692307692308
A_PA	1352	13	C	0	0	13	36.5384615384615
A_PA	1353	13	C	0	0	13	35.1538461538462
A_PA	1354	13	C	0	0	13	36.5384615384615
A_PA	1355	13	A	0	0	13	37.6923076923077
A_PA	1356	13	T	0	0	11	37.7272727272727
A_PA	1357	13	T	0	0	13	36.6923076923077
A_PA	1358	13	G	0	0	13	37.4615384615385
A_PA	1359	13	C	0	0	13	37.6923076923077
A_PA	1360	13	A	0	0	13	37.8461538461538
A_PA	1361	14	G	0	0	14	36.7857142857143
A_PA	1362	14	G	0	0	14	36.2857142857143
A_PA	1363	14	G	0	0	14	34.8571428571429
A_PA	1364	14	C	0	0	13	36.6923076923077
A_PA	1365	13	C	0	0	10	35.9
A_PA	1366	14	A	0	0	14	37.7142857142857
A_PA	1367	14	C	0	0	14	36.5714285714286
A_PA	1368	14	T	0	0	14	37.3571428571429
A_PA	1369	14	G	0	0	14	35.9285714285714
A_PA	1370	14	A	0	0	14	37.5714285714286
A_PA	1371	14	A	0	0	14	37.8571428571429
A_PA	1372	14	T	0	0	14	37.8571428571429
A_PA	1373	14	A	0	0	14	35
A_PA	1374	14	C	0	0	14	37.7857142857143
A_PA	1375	13	A	0	0	13	38.1538461538462
A_PA	1376	14	T	0	0	14	36.4285714285714
A_PA	1377	14	A	0	0	14	37.5714285714286
A_PA	1378	14	A	0	0	14	36.2857142857143
A_PA	1379	14	T	0	0	14	37.8571428571429
A_PA	1380	14	G	0	0	12	36.3333333333333
A_PA	1381	14	A	0	0	14	36.4285714285714
A_PA	1382	14	A	0	0	14	36.7857142857143
A_PA	1383	14	A	0	0	9	38
A_PA	1384	14	G	0	0	14	37.5
A_PA	1385	14	G	0	0	14	32.6428571428571
A_PA	1386	13	G	0	0	8	38
A_PA	1387	13	G	0	0	13	37.3076923076923
A_PA	1388	13	T	0	0	13	34.4615384615385
A_PA	1389	13	G	0	0	13	35.3076923076923
A_PA	1390	13	T	0	0	13	33.9230769230769
A_PA	1391	13	A	0	0	13	32.6153846153846
A_PA	1392	13	C	0	0	13	35.6923076923077
A_PA	1393	13	A	0	0	13	37.2307692307692
A_PA	1394	13	T	0	0	13	38.0769230769231
A_PA	1395	12	A	0	0	12	36.5
A_PA	1396	12	A	0	0	12	36.75
A_PA	1397	12	A	0	0	12	35.6666666666667
A_PA	1398	12	C	0	0	9	37.6666666666667
A_PA	1399	12	A	0	0	12	31.6666666666667
A_PA	1400	12	C	0	0	12	35.8333333333333
A_PA	1401	11	A	0	0	8	35.25
A_PA	1402	11	G	0	0	11	35.0909090909091
A_PA	1403	11	C	0	0	11	32.7272727272727
A_PA	1404	12	C	0	0	12	36.25
A_PA	1405	12	C	0	0	8	36.5
A_PA	1406	12	T	0	0	12	37.25
A_PA	1407	13	G	0	0	13	35.5384615384615
A_PA	1408	13	T	0	0	9	34.6666666666667
A_PA	1409	13	T	0	0	13	36.3076923076923
A_PA	1410	13	G	0	0	9	35
A_PA	1411	12	A	0	0	12	35.8333333333333
A_PA	1412	12	A	0	0	12	35.4166666666667
A_PA	1413	12	T	0	0	12	36.1666666666667
A_PA	1414	13	G	0	0	13	34.1538461538462
A_PA	1415	13	C	0	0	13	35.3076923076923
A_PA	1416	13	G	0	0	9	35
A_PA	1417	13	T	0	0	13	36.9230769230769
A_PA	1418	13	C	0	0	10	34.8
A_PA	1419	14	A	0	0	10	36.1
A_PA	1420	14	T	0	0	14	37.5
A_PA	1421	13	G	0	0	13	37.2307692307692
A_PA	1422	13	T	0	0	12	34
A_PA	1423	13	G	0	0	13	34.3076923076923
A_PA	1424	13	C	0	0	13	35.6923076923077
A_PA	1425	13	A	0	0	13	38
A_PA	1426	13	G	0	0	13	37.1538461538462
A_PA	1427	13	C	0	0	13	37.9230769230769
A_PA	1428	13	C	0	0	13	38.1538461538462
A_PA	1429	13	A	0	0	13	37.5384615384615
A_PA	1430	13	T	0	0	13	38.1538461538462
A_PA	1431	14	G	0	0	14	36.3571428571429
A_PA	1432	14	G	0	0	14	36.0714285714286
A_PA	1433	15	A	0	0	15	36
A_PA	1434	15	T	0	0	15	35.8
A_PA	1435	15	G	0	0	15	37.6
A_PA	1436	15	A	0	0	15	38.1333333333333
A_PA	1437	15	C	0	0	11	38.4545454545455
A_PA	1438	15	T	0	0	15	38.6
A_PA	1439	15	T	0	0	15	37.8666666666667
A_PA	1440	15	C	0	0	12	38.1666666666667
A_PA	1441	15	C	0	0	15	38.2
A_PA	1442	15	A	0	0	15	38.3333333333333
A_PA	1443	15	A	0	0	12	38.5
A_PA	1444	15	C	0	0	14	38.3571428571429
A_PA	1445	15	T	0	0	15	36.6
A_PA	1446	15	G	0	0	15	38.2666666666667
A_PA	1447	15	A	0	0	15	37.9333333333333
A_PA	1448	15	T	0	0	15	37.8
A_PA	1449	15	T	0	0	12	38.1666666666667
A_PA	1450	15	C	0	0	15	36.9333333333333
A_PA	1451	15	C	0	0	15	37.2
A_PA	1452	15	A	0	0	15	38.2666666666667
A_PA	1453	15	A	0	0	15	38.6
A_PA	1454	15	T	0	0	15	36.7333333333333
A_PA	1455	15	G	0	0	15	37.8666666666667
A_PA	1456	15	A	0	0	15	38.4666666666667
A_PA	1457	15	T	0	0	15	38
A_PA	1458	15	A	0	0	15	37.4666666666667
A_PA	1459	15	A	0	0	15	38.2
A_PA	1460	15	G	0	0	15	38.1333333333333
A_PA	1461	13	C	0	0	11	37.6363636363636
A_PA	1462	13	A	0	0	13	37.9230769230769
A_PA	1463	12	A	0	0	12	35.75
A_PA	1464	11	G	0	0	9	36.1111111111111
A_PA	1465	12	T	0	0	12	37.5833333333333
A_PA	1466	12	G	0	0	12	38.1666666666667
A_PA	1467	12	C	0	0	10	38
A_PA	1468	12	A	0	0	12	38.4166666666667
A_PA	1469	12	G	0	0	12	38.1666666666667
A_PA	1470	12	A	0	0	10	38.5
A_PA	1471	12	A	0	0	12	38
A_PA	1472	12	C	0	0	12	36.8333333333333
A_PA	1473	12	C	0	0	10	38.2
A_PA	1474	13	A	0	0	13	36.0769230769231
A_PA	1475	13	A	0	0	13	37.6153846153846
A_PA	1476	13	A	0	0	13	35.1538461538462
A_PA	1477	13	G	0	0	13	36.0769230769231
A_PA	1478	13	A	0	0	13	36.4615384615385
A_PA	1479	13	A	0	0	11	36.4545454545455
A_PA	1480	13	G	0	0	13	36.4615384615385
A_PA	1481	13	G	0	0	13	34
A_PA	1482	13	A	0	0	13	32.5384615384615
A_PA	1483	13	A	0	0	13	34.1538461538462
A_PA	1484	13	G	0	0	13	35.9230769230769
A_PA	1485	13	G	0	0	11	34.0909090909091
A_PA	1486	12	C	0	0	11	37.9090909090909
A_PA	1487	12	G	0	0	12	35.5
A_PA	1488	12	G	0	0	10	35
A_PA	1489	12	A	0	0	12	35.3333333333333
A_PA	1490	12	A	0	0	12	35.8333333333333
A_PA	1491	12	G	0	0	10	35.6
A_PA	1492	12	A	0	0	12	37.3333333333333
A_PA	1493	12	C	0	0	12	35.9166666666667
A_PA	1494	12	A	0	0	12	36.3333333333333
A_PA	1495	12	A	0	0	12	36.9166666666667
A_PA	1496	12	A	0	0	12	35.9166666666667
A_PA	1497	13	C	0	0	13	36.5384615384615
A_PA	1498	13	C	0	0	13	35.8461538461538
A_PA	1499	12	T	0	0	12	35.4166666666667
A_PA	1500	12	G	0	0	12	34
A_PA	1501	12	T	0	0	11	34.9090909090909
A_PA	1502	12	A	0	0	12	35
A_PA	1503	12	C	0	0	12	36.25
A_PA	1504	12	G	0	0	12	34.8333333333333
A_PA	1505	12	G	0	0	12	32
A_PA	1506	12	G	0	0	12	34
A_PA	1507	12	T	0	0	12	33.25
A_PA	1508	12	T	0	0	12	35.6666666666667
A_PA	1509	11	C	0	0	10	35.9
A_PA	1510	11	A	0	0	11	34.5454545454545
A_PA	1511	11	T	0	0	11	36.7272727272727
A_PA	1512	10	C	0	0	9	38.4444444444444
A_PA	1513	10	A	0	0	10	36.4
A_PA	1514	10	T	0	0	10	36.2
A_PA	1515	11	A	0	0	11	36.7272727272727
A_PA	1516	12	A	0	0	12	37.6666666666667
A_PA	1517	12	A	0	0	12	38.4166666666667
A_PA	1518	12	A	0	0	12	35.75
A_PA	1519	12	G	0	0	12	35.6666666666667
A_PA	1520	12	G	0	0	12	35.5
A_PA	1521	12	A	0	0	12	37.25
A_PA	1522	11	A	0	0	11	37.3636363636364
A_PA	1523	11	G	0	0	11	36.9090909090909
A_PA	1524	11	A	0	0	11	36.1818181818182
A_PA	1525	11	T	0	0	11	36.0909090909091
A_PA	1526	10	C	0	0	10	38.1
A_PA	1527	10	C	0	0	10	38
A_PA	1528	10	C	0	0	10	36.4
A_PA	1529	10	A	0	0	10	38.5
A_PA	1530	10	T	0	0	10	38.2
A_PA	1531	10	C	0	0	10	38.4
A_PA	1532	10	T	0	0	10	38.8
A_PA	1533	10	G	0	0	10	38.7
A_PA	1534	10	A	0	0	10	38.7
A_PA	1535	10	G	0	0	10	38
A_PA	1536	11	A	0	0	11	39
A_PA	1537	11	A	0	0	11	39
A_PA	1538	11	A	0	0	11	38.2727272727273
A_PA	1539	12	T	0	0	12	38.3333333333333
A_PA	1540	12	G	0	0	12	37.1666666666667
A_PA	1541	12	A	0	0	12	37.8333333333333
A_PA	1542	12	C	0	0	11	37
A_PA	1543	12	A	0	0	12	37.3333333333333
A_PA	1544	12	C	0	0	12	38.25
A_PA	1545	12	C	0	0	11	37.1818181818182
A_PA	1546	12	G	0	0	12	36.1666666666667
A_PA	1547	12	A	0	0	12	37
A_PA	1548	12	T	0	0	12	38
A_PA	1549	12	G	0	0	12	36.8333333333333
A_PA	1550	12	T	0	0	12	37.75
A_PA	1551	12	G	0	0	12	38.0833333333333
A_PA	1552	12	G	0	0	12	38.9166666666667
A_PA	1553	12	T	0	0	12	36.75
A_PA	1554	11	A	0	0	11	38.8181818181818
A_PA	1555	11	A	0	0	11	38
A_PA	1556	11	A	0	0	11	38
A_PA	1557	10	C	0	0	10	38.4
A_PA	1558	10	T	0	0	10	38.7
A_PA	1559	10	T	0	0	10	38.1
A_PA	1560	10	T	0	0	10	38.1
A_PA	1561	10	G	0	0	10	38.1
A_PA	1562	10	T	0	0	10	38.5
A_PA	1563	10	G	0	0	9	38.7777777777778
A_PA	1564	10	A	0	0	10	37
A_PA	1565	9	G	0	0	9	37.8888888888889
A_PA	1566	9	C	0	0	8	37.875
A_PA	1567	9	A	0	0	9	38.6666666666667
A_PA	1568	9	T	0	0	9	38.2222222222222
A_PA	1569	9	G	0	0	9	38.1111111111111
A_PA	1570	8	G	0	0	8	38.875
A_PA	1571	8	A	0	0	8	38.75
A_PA	1572	8	A	0	0	8	38.625
A_PA	1573	8	T	0	0	8	38.25
A_PA	1574	8	T	0	0	8	37.125
A_PA	1575	8	C	0	0	8	37.125
A_PA	1576	8	T	0	0	8	38
A_PA	1577	8	C	0	0	8	38.625
A_PA	1578	8	T	0	0	7	38.1428571428571
A_PA	1579	9	C	0	0	9	37.5555555555556
A_PA	1580	9	T	0	0	9	37.4444444444444
A_PA	1581	9	T	0	0	8	37.375
A_PA	1582	9	A	0	0	9	37
A_PA	1583	9	C	0	0	9	37
A_PA	1584	8	T	0	0	8	38
A_PA	1585	8	G	0	0	8	35.625
A_PA	1586	8	A	0	0	8	34.5
A_PA	1587	8	C	0	0	8	37.375
A_PA	1588	8	C	0	0	8	37.125
A_PA	1589	8	C	0	0	8	35.875
A_PA	1590	8	G	0	0	8	38.125
A_PA	1591	8	A	0	0	8	38.375
A_PA	1592	8	G	0	0	8	37.625
A_PA	1593	8	G	0	0	7	38.1428571428571
A_PA	1594	8	C	0	0	8	37.75
A_PA	1595	8	T	0	0	8	38.125
A_PA	1596	8	G	0	0	7	37.5714285714286
A_PA	1597	9	G	0	0	9	35.8888888888889
A_PA	1598	9	A	0	0	9	37.5555555555556
A_PA	1599	9	G	0	0	9	36.5555555555556
A_PA	1600	9	C	0	0	9	37.4444444444444
A_PA	1601	9	C	0	0	9	37
A_PA	1602	9	A	0	0	9	35.7777777777778
A_PA	1603	9	C	0	0	9	37.6666666666667
A_PA	1604	9	A	0	0	9	35.8888888888889
A_PA	1605	9	C	0	0	9	38.4444444444444
A_PA	1606	9	A	0	0	9	38.3333333333333
A_PA	1607	10	A	0	0	9	37.8888888888889
A_PA	1608	10	G	0	0	9	37.5555555555556
A_PA	1609	10	T	0	0	10	35.1
A_PA	1610	10	G	0	0	10	37.7
A_PA	1611	10	G	0	0	10	37.1
A_PA	1612	10	G	0	0	10	37.3
A_PA	1613	10	A	0	0	10	37.8
A_PA	1614	11	A	0	0	11	37.2727272727273
A_PA	1615	11	A	0	0	11	37.2727272727273
A_PA	1616	10	A	0	0	10	37.8
A_PA	1617	10	G	0	0	9	37.8888888888889
A_PA	1618	10	T	0	0	10	35.4
A_PA	1619	10	A	0	0	10	37.7
A_PA	1620	10	C	0	0	10	38.1
A_PA	1621	10	T	0	0	10	37.5
A_PA	1622	10	G	0	0	10	36.2
A_PA	1623	10	T	0	0	10	36.1
A_PA	1624	10	G	0	0	10	35.4
A_PA	1625	10	T	0	0	10	37.3
A_PA	1626	10	C	0	0	9	37
A_PA	1627	10	C	0	0	9	35.5555555555556
A_PA	1628	10	T	0	0	10	38.2
A_PA	1629	10	C	0	0	9	37.1111111111111
A_PA	1630	10	G	0	0	10	37.1
A_PA	1631	11	A	0	0	11	34.8181818181818
A_PA	1632	11	G	0	0	10	34.6
A_PA	1633	11	A	0	0	11	36.0909090909091
A_PA	1634	11	T	0	0	11	35.8181818181818
A_PA	1635	11	A	0	0	11	37.1818181818182
A_PA	1636	11	G	0	0	11	36.1818181818182
A_PA	1637	11	G	0	0	11	33.8181818181818
A_PA	1638	11	A	0	0	11	35.8181818181818
A_PA	1639	11	G	0	0	11	36.4545454545455
A_PA	1640	11	A	0	0	11	36.8181818181818
A_PA	1641	12	C	0	0	12	35
A_PA	1642	12	A	0	0	12	37.25
A_PA	1643	12	T	0	0	12	35.75
A_PA	1644	12	G	0	0	12	36.5
A_PA	1645	11	C	0	0	11	36.4545454545455
A_PA	1646	11	T	0	0	11	36
A_PA	1647	10	G	0	0	10	37.4
A_PA	1648	10	C	0	0	10	36.4
A_PA	1649	10	T	0	0	10	34.8
A_PA	1650	10	A	0	0	10	33.3
A_PA	1651	10	C	0	0	10	31.5
A_PA	1652	10	G	0	0	10	34.3
A_PA	1653	10	G	0	0	10	34.8
A_PA	1654	10	A	0	0	10	35.9
A_PA	1655	10	C	0	0	10	34.5
A_PA	1656	10	C	0	0	10	36.6
A_PA	1657	11	G	0	0	11	34.9090909090909
A_PA	1658	11	C	0	0	11	36.9090909090909
A_PA	1659	11	A	0	0	11	36.5454545454545
A_PA	1660	11	A	0	0	11	35.3636363636364
A_PA	1661	11	T	0	0	10	36.3
A_PA	1662	11	A	0	0	11	35.3636363636364
A_PA	1663	11	G	0	0	11	34.5454545454545
A_PA	1664	12	G	0	0	12	33.5
A_PA	1665	12	C	0	0	12	35.25
A_PA	1666	11	C	0	0	11	35
A_PA	1667	10	A	0	0	10	37.3
A_PA	1668	10	A	0	0	10	35.3
A_PA	1669	10	G	0	0	10	33.9
A_PA	1670	10	T	0	0	10	33.8
A_PA	1671	10	G	0	0	10	36
A_PA	1672	10	T	0	0	10	35.5
A_PA	1673	10	C	0	0	10	33.9
A_PA	1674	10	A	0	0	9	33.1111111111111
A_PA	1675	10	A	0	0	10	36
A_PA	1676	10	G	0	0	10	34.2
A_PA	1677	10	G	0	0	10	36
A_PA	1678	10	C	0	0	10	35.9
A_PA	1679	10	C	0	0	9	36.1111111111111
A_PA	1680	10	C	0	0	10	34.9
A_PA	1681	10	A	0	0	10	35.3
A_PA	1682	10	T	0	0	10	35.9
A_PA	1683	10	G	0	0	10	37.4
A_PA	1684	10	T	0	0	10	37.2
A_PA	1685	11	T	0	0	11	33.3636363636364
A_PA	1686	11	C	0	0	11	35
A_PA	1687	11	C	0	0	11	33
A_PA	1688	11	T	0	0	11	35.9090909090909
A_PA	1689	11	G	0	0	9	35.2222222222222
A_PA	1690	10	T	0	0	10	38
A_PA	1691	10	A	0	0	10	36.9
A_PA	1692	10	T	0	0	10	37.9
A_PA	1693	10	G	0	0	10	38
A_PA	1694	10	T	0	0	10	36
A_PA	1695	9	G	0	0	9	37.5555555555556
A_PA	1696	9	A	0	0	9	35.5555555555556
A_PA	1697	9	G	0	0	9	36.3333333333333
A_PA	1698	9	G	0	0	7	35.5714285714286
A_PA	1699	9	A	0	0	9	35.8888888888889
A_PA	1700	9	C	0	0	9	33.8888888888889
A_PA	1701	9	C	0	0	7	35.2857142857143
A_PA	1702	10	A	0	0	10	35.9
A_PA	1703	10	A	0	0	10	35.1
A_PA	1704	10	T	0	0	10	35.7
A_PA	1705	10	G	0	0	10	36.1
A_PA	1706	10	G	0	0	10	36.2
A_PA	1707	10	G	0	0	10	37.5
A_PA	1708	10	A	0	0	9	35.6666666666667
A_PA	1709	10	C	0	0	9	36
A_PA	1710	10	T	0	0	7	35.5714285714286
A_PA	1711	10	T	0	0	10	38.1
A_PA	1712	10	C	0	0	10	34.2
A_PA	1713	10	C	0	0	10	38.6
A_PA	1714	10	A	0	0	10	38.7
A_PA	1715	10	A	0	0	10	37.5
A_PA	1716	10	G	0	0	10	37.4
A_PA	1717	10	A	0	0	10	35.6
A_PA	1718	10	T	0	0	10	34.5
A_PA	1719	10	C	0	0	10	36.6
A_PA	1720	10	A	0	0	10	37.8
A_PA	1721	12	A	0	0	12	35.9166666666667
A_PA	1722	12	G	0	0	9	37.1111111111111
A_PA	1723	12	A	0	0	12	37.25
A_PA	1724	12	T	0	0	12	37.25
A_PA	1725	13	G	0	0	13	35.2307692307692
A_PA	1726	13	A	0	0	13	34.2307692307692
A_PA	1727	13	A	0	0	13	35.6923076923077
A_PA	1728	13	A	0	0	10	37.6
A_PA	1729	13	T	0	0	13	36.6923076923077
A_PA	1730	12	G	0	0	12	37.4166666666667
A_PA	1731	13	G	0	0	13	35.9230769230769
A_PA	1732	13	G	0	0	13	36.9230769230769
A_PA	1733	13	G	0	0	13	35.1538461538462
A_PA	1734	13	C	0	0	13	35.1538461538462
A_PA	1735	13	A	0	0	13	35.2307692307692
A_PA	1736	13	T	0	0	13	35.6923076923077
A_PA	1737	13	G	0	0	13	35.8461538461538
A_PA	1738	14	G	0	0	14	35.7857142857143
A_PA	1739	14	A	0	0	14	35
A_PA	1740	14	A	0	0	14	37.2142857142857
A_PA	1741	14	A	0	0	14	36
A_PA	1742	14	T	0	0	14	37.3571428571429
A_PA	1743	14	G	0	0	14	37.1428571428571
A_PA	1744	14	A	0	0	14	36.2142857142857
A_PA	1745	14	G	0	0	14	35.7857142857143
A_PA	1746	14	G	0	0	14	35.0714285714286
A_PA	1747	13	C	0	0	13	36.9230769230769
A_PA	1748	13	G	0	0	13	37
A_PA	1749	13	A	0	0	10	37.5
A_PA	1750	13	T	0	0	13	35.8461538461538
A_PA	1751	14	G	0	0	14	35.7857142857143
A_PA	1752	14	C	0	0	13	37.4615384615385
A_PA	1753	16	C	0	0	16	36.9375
A_PA	1754	16	T	0	0	16	36.5625
A_PA	1755	16	T	0	0	16	38.0625
A_PA	1756	16	C	0	0	16	37.0625
A_PA	1757	16	T	0	0	16	37.8125
A_PA	1758	16	T	0	0	16	36.875
A_PA	1759	16	C	0	0	16	36.875
A_PA	1760	16	A	0	0	16	38.1875
A_PA	1761	16	A	0	0	13	38.6153846153846
A_PA	1762	16	T	0	0	16	38.3125
A_PA	1763	16	C	0	0	16	38.5
A_PA	1764	15	C	0	0	12	38.0833333333333
A_PA	1765	15	C	0	0	15	37.6666666666667
A_PA	1766	15	T	0	0	15	36.6666666666667
A_PA	1767	15	C	0	0	12	38.1666666666667
A_PA	1768	15	C	0	0	15	36.9333333333333
A_PA	1769	16	A	0	0	16	37.6875
A_PA	1770	16	A	0	0	13	38.3076923076923
A_PA	1771	16	C	0	0	16	37.0625
A_PA	1772	16	A	0	0	16	37.75
A_PA	1773	16	A	0	0	13	38.1538461538462
A_PA	1774	17	A	0	0	17	38.7058823529412
A_PA	1775	17	T	0	0	17	38.2941176470588
A_PA	1776	17	T	0	0	17	37.2941176470588
A_PA	1777	17	G	0	0	17	37.5294117647059
A_PA	1778	17	A	0	0	17	38.2941176470588
A_PA	1779	17	G	0	0	17	37.6470588235294
A_PA	1780	17	A	0	0	17	37.1764705882353
A_PA	1781	17	G	0	0	17	38.4705882352941
A_PA	1782	16	C	0	0	16	37.6875
A_PA	1783	16	A	0	0	16	37.5
A_PA	1784	16	T	0	0	16	36.9375
A_PA	1785	17	G	0	0	16	38.875
A_PA	1786	18	A	0	0	18	38.3333333333333
A_PA	1787	18	T	0	0	18	37.0555555555556
A_PA	1788	18	T	0	0	18	38.3333333333333
A_PA	1789	18	G	0	0	18	38.1111111111111
A_PA	1790	18	A	0	0	18	37.3333333333333
A_PA	1791	18	G	0	0	18	38.1666666666667
A_PA	1792	18	G	0	0	18	38
A_PA	1793	18	C	0	0	18	37.8333333333333
A_PA	1794	18	C	0	0	18	37.5
A_PA	1795	18	G	0	0	18	37.5
A_PA	1796	18	A	0	0	18	36.9444444444444
A_PA	1797	18	G	0	0	18	37.3888888888889
A_PA	1798	19	T	0	0	19	36.5263157894737
A_PA	1799	19	C	0	0	19	35.6315789473684
A_PA	1800	19	C	0	0	13	38
A_PA	1801	19	T	0	0	19	35
A_PA	1802	20	C	0	0	20	36.7
A_PA	1803	22	T	0	0	21	37.1428571428571
A_PA	1804	22	G	0	0	22	37.1363636363636
A_PA	1805	22	T	0	0	22	36.4545454545455
A_PA	1806	21	C	0	0	21	36.3809523809524
A_PA	1807	21	A	0	0	21	36.5238095238095
A_PA	1808	20	A	0	0	20	36.75
A_PA	1809	20	A	0	0	20	37.55
A_PA	1810	19	G	0	0	19	37.6315789473684
A_PA	1811	19	A	0	0	19	37.2631578947368
A_PA	1812	19	G	0	0	19	38.4736842105263
A_PA	1813	19	A	0	0	19	38.8947368421053
A_PA	1814	19	A	0	0	19	38.5263157894737
A_PA	1815	19	G	0	0	15	37.2666666666667
A_PA	1816	19	G	0	0	19	37.1052631578947
A_PA	1817	19	A	0	0	19	36.9473684210526
A_PA	1818	19	C	0	0	19	37.5789473684211
A_PA	1819	19	A	0	0	19	36.5789473684211
A_PA	1820	20	T	0	0	20	37.35
A_PA	1821	20	G	0	0	20	37.45
A_PA	1822	20	A	0	0	20	37.65
A_PA	1823	20	C	0	0	20	37.4
A_PA	1824	20	C	0	0	20	37.15
A_PA	1825	20	A	0	0	20	38.4
A_PA	1826	20	A	0	0	20	38.35
A_PA	1827	20	A	0	0	16	38.0625
A_PA	1828	20	G	0	0	19	37.2105263157895
A_PA	1829	20	A	0	0	20	38.4
A_PA	1830	20	A	0	0	20	37.7
A_PA	1831	20	T	0	0	20	37.9
A_PA	1832	20	T	0	0	20	37.45
A_PA	1833	20	C	0	0	20	36.9
A_PA	1834	20	T	0	0	20	37.35
A_PA	1835	20	T	0	0	19	38.4210526315789
A_PA	1836	20	T	0	0	20	36.7
A_PA	1837	20	G	0	0	20	37.25
A_PA	1838	20	A	0	0	20	38.1
A_PA	1839	20	A	0	0	20	38.15
A_PA	1840	20	A	0	0	20	37.5
A_PA	1841	20	A	0	0	20	37.15
A_PA	1842	20	C	0	0	19	38.3157894736842
A_PA	1843	19	A	0	0	18	38.1666666666667
A_PA	1844	19	A	0	0	16	37
A_PA	1845	20	A	0	0	19	37.7894736842105
A_PA	1846	20	T	0	0	20	34.6
A_PA	1847	20	C	0	0	20	37.75
A_PA	1848	20	G	0	0	20	38
A_PA	1849	20	G	0	0	20	37
A_PA	1850	20	A	0	0	20	36.65
A_PA	1851	20	A	0	0	17	36.7058823529412
A_PA	1852	20	A	0	0	20	36.75
A_PA	1853	20	C	0	0	20	37.5
A_PA	1854	20	A	0	0	20	37.65
A_PA	1855	20	T	0	0	19	37.3157894736842
A_PA	1856	20	G	0	0	20	38.05
A_PA	1857	21	G	0	0	21	36.9047619047619
A_PA	1858	21	C	0	0	21	35.8571428571429
A_PA	1859	21	C	0	0	21	36.4285714285714
A_PA	1860	21	A	0	0	21	36.4285714285714
A_PA	1861	22	A	0	0	22	35.1818181818182
A_PA	1862	22	T	0	0	22	37.0909090909091
A_PA	1863	22	T	0	0	19	37.3684210526316
A_PA	1864	22	G	0	0	22	37.4090909090909
A_PA	1865	22	G	0	0	22	37.0454545454545
A_PA	1866	22	A	0	0	22	37.6363636363636
A_PA	1867	22	G	0	0	22	37.0909090909091
A_PA	1868	22	A	0	0	22	38.3181818181818
A_PA	1869	23	A	0	0	20	37.35
A_PA	1870	24	T	0	0	24	37.2083333333333
A_PA	1871	23	C	0	0	23	37.0434782608696
A_PA	1872	24	A	0	0	24	33.9166666666667
A_PA	1873	24	C	0	0	24	35.0416666666667
A_PA	1874	24	C	0	0	24	37.8333333333333
A_PA	1875	24	C	0	0	24	37.1666666666667
A_PA	1876	24	A	0	0	24	38.25
A_PA	1877	24	A	0	0	21	38.0476190476191
A_PA	1878	24	A	0	0	20	36.7
A_PA	1879	24	G	0	0	24	37.5
A_PA	1880	24	G	0	0	24	36.4583333333333
A_PA	1881	25	G	0	0	22	36.5
A_PA	1882	24	G	0	0	24	36.875
A_PA	1883	26	T	0	0	26	35.8846153846154
A_PA	1884	26	G	0	0	26	36.9615384615385
A_PA	1885	26	G	0	0	26	36.6538461538462
A_PA	1886	26	A	0	0	26	37.8846153846154
A_PA	1887	26	A	0	0	18	38.1666666666667
A_PA	1888	26	G	0	0	26	37.8846153846154
A_PA	1889	24	A	0	0	24	37.4166666666667
A_PA	1890	24	G	0	0	16	37.8125
A_PA	1891	25	G	0	0	25	36.48
A_PA	1892	25	G	0	0	24	36.2083333333333
A_PA	1893	25	C	0	0	25	37.64
A_PA	1894	25	T	0	0	25	37.32
A_PA	1895	26	C	0	0	25	37.2
A_PA	1896	26	C	0	0	23	36.8695652173913
A_PA	1897	26	A	0	0	26	37.1538461538462
A_PA	1898	28	T	0	0	28	37.8214285714286
A_PA	1899	30	T	0	0	30	37.3
A_PA	1900	30	G	0	0	30	36.7666666666667
A_PA	1901	29	G	0	0	29	36.9655172413793
A_PA	1902	29	A	0	0	27	37.2592592592593
A_PA	1903	29	A	0	0	29	37.5862068965517
A_PA	1904	26	A	0	0	26	37.4615384615385
A_PA	1905	26	G	0	0	26	36.6538461538462
A_PA	1906	26	G	0	0	26	36.8076923076923
A_PA	1907	26	T	0	0	26	37.4615384615385
A_PA	1908	26	G	0	0	26	37.9615384615385
A_PA	1909	26	T	0	0	26	37.5769230769231
A_PA	1910	26	G	0	0	26	37.5384615384615
A_PA	1911	26	C	0	0	26	37.6923076923077
A_PA	1912	26	A	0	0	26	37.6923076923077
A_PA	1913	26	G	0	0	26	37.5384615384615
A_PA	1914	24	G	0	0	23	38.4782608695652
A_PA	1915	24	A	0	0	24	37.875
A_PA	1916	26	C	0	0	26	37.6923076923077
A_PA	1917	26	A	0	0	25	38.16
A_PA	1918	26	T	0	0	25	38.4
A_PA	1919	26	T	0	0	26	37.5769230769231
A_PA	1920	25	G	0	0	25	36
A_PA	1921	25	C	0	0	25	37.56
A_PA	1922	25	T	0	0	25	38
A_PA	1923	25	A	0	0	25	38.28
A_PA	1924	25	G	0	0	25	38.36
A_PA	1925	26	C	0	0	26	35.7692307692308
A_PA	1926	26	A	0	0	26	37.1923076923077
A_PA	1927	26	A	0	0	26	37.6538461538462
A_PA	1928	25	A	0	0	25	36.64
A_PA	1929	25	G	0	0	15	38.4666666666667
A_PA	1930	25	T	0	0	25	37.24
A_PA	1931	25	C	0	0	25	37.88
A_PA	1932	24	T	1	0	24	37.5833333333333
A_PA	1933	25	G	1	0	25	36.32
A_PA	1934	26	T	1	0	26	37.6153846153846
A_PA	1935	26	A	1	0	26	37.9615384615385
A_PA	1936	26	T	1	0	26	38.1538461538462
A_PA	1937	25	T	1	0	25	36.4
A_PA	1938	25	C	1	0	25	36.28
A_PA	1939	25	A	1	0	25	38.2
A_PA	1940	25	A	1	0	25	37.72
A_PA	1941	25	C	1	0	25	38.12
A_PA	1942	24	A	1	0	24	38.0833333333333
A_PA	1943	25	G	1	0	24	37.9583333333333
A_PA	1944	25	T	1	0	17	34.4117647058824
A_PA	1945	26	C	1	0	26	36.6923076923077
A_PA	1946	26	T	1	0	26	37.0384615384615
A_PA	1947	25	A	1	0	25	37.24
A_PA	1948	26	T	1	0	26	36.2307692307692
A_PA	1949	26	A	1	0	25	37.2
A_PA	1950	26	T	1	0	25	37.16
A_PA	1951	26	G	1	0	26	36.3461538461538
A_PA	1952	26	C	1	0	26	37.9615384615385
A_PA	1953	24	T	1	0	15	38.4666666666667
A_PA	1954	23	T	1	0	23	36.6086956521739
A_PA	1955	23	C	1	0	23	38.2173913043478
A_PA	1956	24	T	1	0	24	38.25
A_PA	1957	24	C	1	0	23	37.2608695652174
A_PA	1958	24	C	1	0	23	37
A_PA	1959	24	A	1	0	24	36.7916666666667
A_PA	1960	24	C	1	0	24	37.5833333333333
A_PA	1961	24	A	1	0	24	37.2083333333333
A_PA	1962	24	A	1	0	23	38.5217391304348
A_PA	1963	24	C	1	0	24	36.4583333333333
A_PA	1964	24	T	1	0	24	37.625
A_PA	1965	24	C	1	0	24	37
A_PA	1966	24	G	1	0	24	37.875
A_PA	1967	24	A	1	0	24	38.375
A_PA	1968	24	G	1	0	23	38.3913043478261
A_PA	1969	24	G	1	0	24	36.9166666666667
A_PA	1970	24	G	1	0	23	36.1739130434783
A_PA	1971	24	A	1	0	15	38.8
A_PA	1972	26	T	0	0	26	35.9615384615385
A_PA	1973	26	T	0	0	26	36.6923076923077
A_PA	1974	26	T	0	0	26	35.9230769230769
A_PA	1975	26	T	0	0	26	37.3461538461538
A_PA	1976	26	C	0	0	26	37.6538461538462
A_PA	1977	26	G	0	0	26	38.0769230769231
A_PA	1978	26	G	0	0	26	36.7307692307692
A_PA	1979	26	C	0	0	25	37.28
A_PA	1980	26	T	0	0	26	37.4615384615385
A_PA	1981	26	G	0	0	26	37.8076923076923
A_PA	1982	26	A	0	0	26	37.1153846153846
A_PA	1983	27	A	0	0	27	37.1481481481481
A_PA	1984	27	T	0	0	27	38.3703703703704
A_PA	1985	28	C	0	0	28	37.4285714285714
A_PA	1986	28	A	0	0	28	37.25
A_PA	1987	28	A	0	0	28	37.4285714285714
A_PA	1988	28	G	0	0	28	37.25
A_PA	1989	28	A	0	0	28	37.6071428571429
A_PA	1990	28	A	0	0	27	38.037037037037
A_PA	1991	28	A	0	0	28	38
A_PA	1992	28	A	0	0	28	37.5357142857143
A_PA	1993	28	T	0	0	28	37.3214285714286
A_PA	1994	28	T	0	0	28	37.9285714285714
A_PA	1995	28	G	0	0	28	38.3928571428571
A_PA	1996	27	C	0	0	27	36.3703703703704
A_PA	1997	27	T	0	0	27	38
A_PA	1998	27	C	0	0	16	38.8125
A_PA	1999	28	C	0	0	28	37.1428571428571
A_PA	2000	28	T	0	0	28	37.3928571428571
A_PA	2001	29	C	0	0	29	38.551724137931
A_PA	2002	29	A	0	0	29	38.4137931034483
A_PA	2003	29	T	0	0	29	37.9310344827586
A_PA	2004	29	T	0	0	29	38.448275862069
A_PA	2005	29	G	0	0	29	38.3793103448276
A_PA	2006	29	T	0	0	29	37.6206896551724
A_PA	2007	29	T	0	0	29	37.0344827586207
A_PA	2008	28	C	0	0	28	38.1785714285714
A_PA	2009	28	A	0	0	28	38.5357142857143
A_PA	2010	28	G	0	0	28	38.5357142857143
A_PA	2011	28	G	0	0	28	38.6428571428571
A_PA	2012	28	C	0	0	28	37.8214285714286
A_PA	2013	28	A	0	0	28	38.1785714285714
A_PA	2014	28	C	0	0	28	38.4642857142857
A_PA	2015	28	T	0	0	28	38.5
A_PA	2016	28	T	0	0	28	38.2857142857143
A_PA	2017	28	A	0	0	28	38.4285714285714
A_PA	2018	28	G	0	0	28	38.1785714285714
A_PA	2019	28	G	0	0	28	38.25
A_PA	2020	28	G	0	0	28	37.75
A_PA	2021	28	A	0	0	28	37.2142857142857
A_PA	2022	27	C	0	0	27	37.2592592592593
A_PA	2023	26	A	0	0	26	37.1538461538462
A_PA	2024	27	A	0	0	27	37.9259259259259
A_PA	2025	27	C	0	0	27	38.1111111111111
A_PA	2026	27	C	0	0	27	37.4074074074074
A_PA	2027	27	T	0	0	27	37.5555555555556
A_PA	2028	27	A	0	0	18	37.7777777777778
A_PA	2029	27	G	0	0	27	37.4444444444444
A_PA	2030	27	A	0	0	27	37.4814814814815
A_PA	2031	27	A	0	0	27	35.962962962963
A_PA	2032	28	C	0	0	28	37.0714285714286
A_PA	2033	26	C	0	0	26	37.3076923076923
A_PA	2034	26	T	0	0	26	37.4615384615385
A_PA	2035	26	G	0	0	26	38.1923076923077
A_PA	2036	26	G	0	0	26	36.2692307692308
A_PA	2037	26	G	0	0	25	36.44
A_PA	2038	26	A	0	0	26	35.1153846153846
A_PA	2039	26	C	0	0	26	36.3076923076923
A_PA	2040	25	C	0	0	25	37.24
A_PA	2041	25	T	0	0	25	38.64
A_PA	2042	25	T	0	0	25	37.88
A_PA	2043	25	C	0	0	25	38.32
A_PA	2044	25	G	0	0	25	38.24
A_PA	2045	26	A	0	0	26	37.7692307692308
A_PA	2046	27	T	0	0	27	38.1481481481481
A_PA	2047	26	C	0	0	20	38.1
A_PA	2048	26	T	0	0	26	37.0769230769231
A_PA	2049	25	T	0	0	25	37.24
A_PA	2050	24	G	1	0	24	38.0416666666667
A_PA	2051	24	G	0	0	24	38.2083333333333
A_PA	2052	24	G	0	0	18	37.4444444444444
A_PA	2053	26	G	0	0	26	38
A_PA	2054	26	G	0	0	26	37.6153846153846
A_PA	2055	26	G	0	0	26	36.8846153846154
A_PA	2056	26	C	0	0	26	37.4615384615385
A_PA	2057	26	T	0	0	26	37.9615384615385
A_PA	2058	26	A	0	0	26	37.4615384615385
A_PA	2059	26	T	0	0	23	37.7826086956522
A_PA	2060	26	A	0	0	26	38.3076923076923
A_PA	2061	26	T	0	0	26	38.1538461538462
A_PA	2062	26	G	0	0	26	37.6153846153846
A_PA	2063	26	A	0	0	26	37.4615384615385
A_PA	2064	25	A	0	0	25	37.16
A_PA	2065	25	G	0	0	25	37.12
A_PA	2066	25	C	0	0	25	37.28
A_PA	2067	23	A	0	0	23	38.5217391304348
A_PA	2068	23	A	0	0	23	37.8695652173913
A_PA	2069	23	T	0	0	22	38
A_PA	2070	23	T	0	0	20	38.1
A_PA	2071	24	G	0	0	24	38.25
A_PA	2072	24	A	0	0	24	36.5833333333333
A_PA	2073	24	G	0	0	24	37.25
A_PA	2074	24	G	0	0	24	37.75
A_PA	2075	22	A	0	0	22	37.2272727272727
A_PA	2076	22	G	0	0	22	37.1363636363636
A_PA	2077	22	T	0	0	22	37.8636363636364
A_PA	2078	22	G	0	0	22	37.3636363636364
A_PA	2079	22	C	0	0	22	38.0909090909091
A_PA	2080	21	C	0	0	21	37
A_PA	2081	21	T	0	0	21	38
A_PA	2082	21	G	0	0	21	37.9047619047619
A_PA	2083	21	A	0	0	21	37.3333333333333
A_PA	2084	21	T	0	0	21	37.8571428571429
A_PA	2085	20	T	0	0	20	37.1
A_PA	2086	20	A	0	0	20	38.05
A_PA	2087	20	A	0	0	20	36.95
A_PA	2088	20	C	0	0	16	37.3125
A_PA	2089	20	G	0	0	20	37.25
A_PA	2090	20	A	0	0	20	37.7
A_PA	2091	20	T	0	0	20	36.75
A_PA	2092	20	C	0	0	20	37.3
A_PA	2093	20	C	0	0	20	35.95
A_PA	2094	20	C	0	0	20	35.7
A_PA	2095	20	T	0	0	20	36.2
A_PA	2096	20	G	0	0	20	35.65
A_PA	2097	20	G	0	0	20	36.65
A_PA	2098	20	G	0	0	20	37.6
A_PA	2099	19	T	0	0	19	37.7368421052632
A_PA	2100	18	T	0	0	18	37.7777777777778
A_PA	2101	18	T	0	0	18	37.4444444444444
A_PA	2102	18	T	0	0	18	37.5555555555556
A_PA	2103	18	G	0	0	18	37.1111111111111
A_PA	2104	18	C	0	0	18	36.3333333333333
A_PA	2105	18	T	0	0	18	36.6666666666667
A_PA	2106	18	T	0	0	18	36.4444444444444
A_PA	2107	16	A	0	0	16	38.4375
A_PA	2108	16	A	0	0	16	38.1875
A_PA	2109	16	T	0	0	16	37.75
A_PA	2110	16	G	0	0	16	37.8125
A_PA	2111	15	C	0	0	15	38.4
A_PA	2112	15	A	0	0	12	38.3333333333333
A_PA	2113	15	T	0	0	15	38.4666666666667
A_PA	2114	15	C	0	0	15	38.8
A_PA	2115	15	T	0	0	15	38.4
A_PA	2116	15	T	0	0	15	38.6
A_PA	2117	15	G	0	0	15	38.5333333333333
A_PA	2118	15	G	0	0	15	38.1333333333333
A_PA	2119	15	T	0	0	15	38.3333333333333
A_PA	2120	15	T	0	0	15	37.7333333333333
A_PA	2121	15	C	0	0	15	37.6666666666667
A_PA	2122	15	A	0	0	15	38.0666666666667
A_PA	2123	15	A	0	0	15	37.9333333333333
A_PA	2124	15	C	0	0	15	37.9333333333333
A_PA	2125	14	T	0	0	14	38.5
A_PA	2126	14	C	0	0	14	37.6428571428571
A_PA	2127	14	C	0	0	14	38.4285714285714
A_PA	2128	14	T	0	0	14	38.5714285714286
A_PA	2129	14	T	0	0	14	38.4285714285714
A_PA	2130	14	C	0	0	14	38.1428571428571
A_PA	2131	14	C	0	0	14	38.0714285714286
A_PA	2132	14	T	0	0	14	37
A_PA	2133	14	C	0	0	14	38.5
A_PA	2134	14	A	0	0	14	38.2857142857143
A_PA	2135	14	C	0	0	14	37.6428571428571
A_PA	2136	13	A	0	0	13	36.9230769230769
A_PA	2137	13	C	0	0	13	38.3076923076923
A_PA	2138	13	A	0	0	13	36.2307692307692
A_PA	2139	13	T	0	0	13	38.0769230769231
A_PA	2140	13	G	0	0	13	37.6153846153846
A_PA	2141	13	C	0	0	13	38
A_PA	2142	13	A	0	0	13	37.6153846153846
A_PA	2143	13	C	0	0	13	37.6923076923077
A_PA	2144	13	T	0	0	13	36.6153846153846
A_PA	2145	13	G	0	0	13	37.3076923076923
A_PA	2146	13	A	0	0	13	37
A_PA	2147	13	A	0	0	13	36.8461538461538
A_PA	2148	13	A	0	0	10	36
A_PA	2149	13	T	0	0	13	36.0769230769231
A_PA	2150	11	A	0	0	11	36.4545454545455
A_PA	2151	11	G	0	0	10	36.4
A_PA	2152	9	T	0	0	7	37.2857142857143
A_PA	2153	9	T	0	0	9	37
A_PA	2154	8	G	0	0	8	38
A_PA	2155	8	T	0	0	8	37.25
A_PA	2156	8	G	0	0	8	35.375
A_PA	2157	8	G	0	0	8	35.875
A_PA	2158	8	C	0	0	8	35.375
A_PA	2159	8	A	0	0	8	36.5
