Reference_Name	Position	Coverage Depth	Consensus	Deletions	Ambiguous	Consensus_Count	Consensus_Average_Quality
A_PB1	1	1	C	0	0	1	32
A_PB1	2	1	T	0	0	1	32
A_PB1	3	1	A	0	0	1	31
A_PB1	4	1	C	0	0	1	32
A_PB1	5	1	T	0	0	1	32
A_PB1	6	1	T	0	0	1	37
A_PB1	7	1	T	0	0	1	37
A_PB1	8	1	T	0	0	1	37
A_PB1	9	1	C	0	0	1	37
A_PB1	10	1	T	0	0	1	37
A_PB1	11	1	T	0	0	1	37
A_PB1	12	1	A	0	0	1	37
A_PB1	13	1	A	0	0	1	38
A_PB1	14	1	A	0	0	1	16
A_PB1	15	1	A	0	0	1	38
A_PB1	16	1	G	0	0	1	38
A_PB1	17	1	T	0	0	1	38
A_PB1	18	2	G	0	0	2	37.5
A_PB1	19	2	C	0	0	2	37.5
A_PB1	20	2	C	0	0	2	37.5
A_PB1	21	2	A	0	0	2	26.5
A_PB1	22	2	G	0	0	2	37.5
A_PB1	23	2	C	0	0	2	35.5
A_PB1	24	2	G	0	0	2	36
A_PB1	25	2	C	0	0	2	38
A_PB1	26	2	A	0	0	2	37
A_PB1	27	2	A	0	0	2	38
A_PB1	28	2	A	0	0	2	38
A_PB1	29	2	A	0	0	2	38.5
A_PB1	30	2	T	0	0	2	37.5
A_PB1	31	2	G	0	0	2	38.5
A_PB1	32	2	C	0	0	2	38.5
A_PB1	33	2	C	0	0	2	38.5
A_PB1	34	2	A	0	0	2	38.5
A_PB1	35	2	T	0	0	2	39
A_PB1	36	2	A	0	0	2	38
A_PB1	37	2	A	0	0	2	38.5
A_PB1	38	2	G	0	0	2	39
A_PB1	39	2	T	0	0	2	39
A_PB1	40	2	A	0	0	2	39
A_PB1	41	2	C	0	0	2	39
A_PB1	42	2	C	0	0	2	39
A_PB1	43	2	A	0	0	2	38
A_PB1	44	2	C	0	0	2	39
A_PB1	45	2	A	0	0	2	39
A_PB1	46	2	T	0	0	2	39
A_PB1	47	2	T	0	0	2	39
A_PB1	48	2	C	0	0	2	38.5
A_PB1	49	2	C	0	0	2	39
A_PB1	50	2	C	0	0	2	39
A_PB1	51	2	T	0	0	2	38.5
A_PB1	52	2	T	0	0	2	38
A_PB1	53	2	A	0	0	2	38
A_PB1	54	2	T	0	0	2	39
A_PB1	55	2	A	0	0	2	39
A_PB1	56	2	C	0	0	2	39
A_PB1	57	2	T	0	0	2	39
A_PB1	58	2	G	0	0	2	39
A_PB1	59	2	G	0	0	2	39
A_PB1	60	2	A	0	0	2	39
A_PB1	61	2	G	0	0	2	39
A_PB1	62	2	A	0	0	2	39
A_PB1	63	2	T	0	0	2	38
A_PB1	64	2	C	0	0	2	39
A_PB1	65	2	C	0	0	2	39
A_PB1	66	2	T	0	0	2	38
A_PB1	67	2	C	0	0	2	39
A_PB1	68	2	C	0	0	2	38
A_PB1	69	2	A	0	0	2	39
A_PB1	70	2	T	0	0	2	39
A_PB1	71	2	A	0	0	2	39
A_PB1	72	2	C	0	0	2	38
A_PB1	73	2	A	0	0	2	38
A_PB1	74	2	G	0	0	2	38
A_PB1	75	2	C	0	0	2	39
A_PB1	76	2	C	0	0	2	39
A_PB1	77	2	A	0	0	2	38
A_PB1	78	2	T	0	0	2	39
A_PB1	79	2	G	0	0	2	39
A_PB1	80	2	G	0	0	2	39
A_PB1	81	2	A	0	0	2	39
A_PB1	82	2	A	0	0	2	38.5
A_PB1	83	2	C	0	0	2	39
A_PB1	84	2	A	0	0	2	38.5
A_PB1	85	3	G	0	0	3	36.6666666666667
A_PB1	86	3	G	0	0	3	36.6666666666667
A_PB1	87	3	A	0	0	3	36.6666666666667
A_PB1	88	3	A	0	0	3	36.3333333333333
A_PB1	89	3	C	0	0	3	36
A_PB1	90	3	A	0	0	3	37.6666666666667
A_PB1	91	3	G	0	0	3	30.6666666666667
A_PB1	92	3	G	0	0	3	36.6666666666667
A_PB1	93	3	A	0	0	3	37.3333333333333
A_PB1	94	3	T	0	0	3	31.3333333333333
A_PB1	95	3	A	0	0	3	37.6666666666667
A_PB1	96	3	C	0	0	3	37.3333333333333
A_PB1	97	3	A	0	0	3	36.6666666666667
A_PB1	98	3	C	0	0	3	36.6666666666667
A_PB1	99	3	C	0	0	3	30.6666666666667
A_PB1	100	3	A	0	0	3	31.3333333333333
A_PB1	101	3	T	0	0	3	38.3333333333333
A_PB1	102	3	G	0	0	3	37.6666666666667
A_PB1	103	2	G	0	0	2	38.5
A_PB1	104	2	A	0	0	2	38.5
A_PB1	105	2	C	0	0	2	37.5
A_PB1	106	2	A	0	0	2	36.5
A_PB1	107	2	C	0	0	2	38.5
A_PB1	108	2	A	0	0	2	39
A_PB1	109	2	G	0	0	2	38
A_PB1	110	2	T	0	0	2	35.5
A_PB1	111	2	C	0	0	1	39
A_PB1	112	2	A	0	0	2	38.5
A_PB1	113	2	A	0	0	2	37.5
A_PB1	114	2	C	0	0	2	38.5
A_PB1	115	2	A	0	0	2	38.5
A_PB1	116	2	G	0	0	2	39
A_PB1	117	2	A	0	0	2	38
A_PB1	118	2	A	0	0	2	39
A_PB1	119	2	C	0	0	2	38
A_PB1	120	2	A	0	0	2	36.5
A_PB1	121	2	C	0	0	2	36
A_PB1	122	2	A	0	0	2	38
A_PB1	123	2	C	0	0	1	36
A_PB1	124	2	C	0	0	2	37.5
A_PB1	125	2	A	0	0	2	37.5
A_PB1	126	2	A	0	0	2	38.5
A_PB1	127	2	T	0	0	2	38
A_PB1	128	2	A	0	0	2	39
A_PB1	129	2	C	0	0	2	39
A_PB1	130	2	T	0	0	2	39
A_PB1	131	2	C	0	0	2	38
A_PB1	132	2	A	0	0	2	39
A_PB1	133	2	G	0	0	2	38.5
A_PB1	134	2	A	0	0	2	38.5
A_PB1	135	2	G	0	0	1	39
A_PB1	136	2	A	0	0	2	39
A_PB1	137	2	A	0	0	2	36.5
A_PB1	138	2	G	0	0	2	37.5
A_PB1	139	2	G	0	0	2	38.5
A_PB1	140	2	G	0	0	2	35.5
A_PB1	141	2	A	0	0	2	38.5
A_PB1	142	2	A	0	0	2	39
A_PB1	143	2	A	0	0	2	39
A_PB1	144	2	A	0	0	2	39
A_PB1	145	2	T	0	0	2	39
A_PB1	146	2	G	0	0	2	39
A_PB1	147	2	G	0	0	2	39
A_PB1	148	2	A	0	0	2	39
A_PB1	149	2	C	0	0	2	39
A_PB1	150	2	A	0	0	2	38.5
A_PB1	151	2	A	0	0	2	39
A_PB1	152	2	C	0	0	2	37.5
A_PB1	153	2	A	0	0	2	35.5
A_PB1	154	2	A	0	0	2	35.5
A_PB1	155	2	A	0	0	2	38.5
A_PB1	156	2	C	0	0	2	37.5
A_PB1	157	2	A	0	0	2	39
A_PB1	158	2	C	0	0	2	36.5
A_PB1	159	2	A	0	0	2	36.5
A_PB1	160	3	G	0	0	3	36.3333333333333
A_PB1	161	3	A	0	0	3	29
A_PB1	162	3	G	0	0	3	34.6666666666667
A_PB1	163	3	A	0	0	3	35.3333333333333
A_PB1	164	3	C	0	0	3	35
A_PB1	165	3	C	0	0	2	36
A_PB1	166	3	G	0	0	3	37.3333333333333
A_PB1	167	3	G	0	0	3	31.6666666666667
A_PB1	168	3	A	0	0	2	37
A_PB1	169	3	G	0	0	3	37
A_PB1	170	3	C	0	0	3	36
A_PB1	171	3	A	0	0	3	36.3333333333333
A_PB1	172	3	C	0	0	3	38.3333333333333
A_PB1	173	3	C	0	0	3	36.6666666666667
A_PB1	174	3	C	0	0	3	35.3333333333333
A_PB1	175	3	C	0	0	3	37.3333333333333
A_PB1	176	3	A	0	0	3	37
A_PB1	177	3	A	0	0	2	38
A_PB1	178	3	C	0	0	3	37.6666666666667
A_PB1	179	3	T	0	0	3	37
A_PB1	180	3	C	0	0	2	35.5
A_PB1	181	3	A	0	0	3	30.3333333333333
A_PB1	182	3	A	0	0	3	37.3333333333333
A_PB1	183	3	C	0	0	3	28.3333333333333
A_PB1	184	3	C	0	0	3	36
A_PB1	185	3	C	0	0	3	34
A_PB1	186	3	A	0	0	2	35.5
A_PB1	187	3	A	0	0	3	26.6666666666667
A_PB1	188	3	T	0	0	3	36
A_PB1	189	3	T	0	0	3	28.3333333333333
A_PB1	190	3	G	0	0	3	34.3333333333333
A_PB1	191	2	A	0	0	2	27
A_PB1	192	2	T	0	0	2	27
A_PB1	193	2	G	0	0	2	35
A_PB1	194	2	G	0	0	2	37
A_PB1	195	2	G	0	0	1	39
A_PB1	196	2	C	0	0	2	38.5
A_PB1	197	2	C	0	0	2	39
A_PB1	198	2	A	0	0	2	37.5
A_PB1	199	2	T	0	0	1	37
A_PB1	200	2	T	0	0	2	39
A_PB1	201	2	A	0	0	2	38
A_PB1	202	2	C	0	0	2	38
A_PB1	203	2	C	0	0	2	37
A_PB1	204	2	T	0	0	2	35
A_PB1	205	2	G	0	0	2	39
A_PB1	206	2	A	0	0	2	37.5
A_PB1	207	2	G	0	0	2	37.5
A_PB1	208	2	G	0	0	2	37
A_PB1	209	2	A	0	0	2	39
A_PB1	210	2	T	0	0	1	37
A_PB1	211	2	A	0	0	2	37.5
A_PB1	212	2	A	0	0	2	38.5
A_PB1	213	2	T	0	0	1	35
A_PB1	214	2	G	0	0	2	38
A_PB1	215	2	A	0	0	2	37
A_PB1	216	2	A	0	0	2	38
A_PB1	217	2	C	0	0	2	38.5
A_PB1	218	2	C	0	0	2	37
A_PB1	219	2	A	0	0	2	37
A_PB1	220	2	A	0	0	2	33
A_PB1	221	2	G	0	0	2	25.5
A_PB1	222	2	T	0	0	1	37
A_PB1	223	2	G	0	0	2	34
A_PB1	224	2	G	0	0	2	26.5
A_PB1	225	2	A	0	0	1	29
A_PB1	226	2	T	0	0	2	21.5
A_PB1	227	2	A	0	0	2	33
A_PB1	228	2	T	0	0	2	37.5
A_PB1	229	2	G	0	0	2	37.5
A_PB1	230	2	C	0	0	2	38.5
A_PB1	231	2	A	0	0	2	36
A_PB1	232	2	C	0	0	2	37
A_PB1	233	2	A	0	0	2	38.5
A_PB1	234	2	A	0	0	2	35.5
A_PB1	235	2	A	0	0	2	38.5
A_PB1	236	1	C	0	0	1	39
A_PB1	237	1	A	0	0	1	16
A_PB1	238	1	G	0	0	1	33
A_PB1	239	1	A	0	0	1	33
A_PB1	240	1	T	0	0	1	38
A_PB1	241	1	T	0	0	1	38
A_PB1	242	1	G	0	0	1	33
A_PB1	243	1	T	0	0	1	31
A_PB1	244	2	G	0	0	2	34.5
A_PB1	245	2	T	0	0	2	27.5
A_PB1	246	2	A	0	0	2	33.5
A_PB1	247	2	T	0	0	2	34.5
A_PB1	248	2	T	0	0	2	26
A_PB1	249	2	G	0	0	2	37
A_PB1	250	2	G	0	0	2	37.5
A_PB1	251	2	A	0	0	2	37.5
A_PB1	252	3	G	0	0	3	30.3333333333333
A_PB1	253	3	G	0	0	3	36
A_PB1	254	3	C	0	0	3	36.3333333333333
A_PB1	255	3	A	0	0	2	34
A_PB1	256	3	A	0	0	3	38.3333333333333
A_PB1	257	3	T	0	0	3	37.6666666666667
A_PB1	258	3	G	0	0	3	38
A_PB1	259	3	G	0	0	3	36.3333333333333
A_PB1	260	3	C	0	0	3	30.6666666666667
A_PB1	261	3	T	0	0	3	24.3333333333333
A_PB1	262	3	T	0	0	3	38.3333333333333
A_PB1	263	3	T	0	0	3	38.3333333333333
A_PB1	264	3	C	0	0	3	38.6666666666667
A_PB1	265	3	C	0	0	3	38
A_PB1	266	3	T	0	0	3	38.3333333333333
A_PB1	267	3	T	0	0	3	37.6666666666667
A_PB1	268	3	G	0	0	3	38.6666666666667
A_PB1	269	3	A	0	0	3	37
A_PB1	270	3	A	0	0	3	38.3333333333333
A_PB1	271	3	G	0	0	3	38
A_PB1	272	3	A	0	0	3	38.3333333333333
A_PB1	273	3	G	0	0	2	38
A_PB1	274	3	T	0	0	3	37.3333333333333
A_PB1	275	3	C	0	0	3	38.6666666666667
A_PB1	276	3	C	0	0	3	38.6666666666667
A_PB1	277	3	C	0	0	3	38.6666666666667
A_PB1	278	4	A	0	0	4	37.5
A_PB1	279	4	C	0	0	4	37
A_PB1	280	4	C	0	0	4	34.75
A_PB1	281	4	C	0	0	4	30.75
A_PB1	282	4	A	0	0	4	35.75
A_PB1	283	4	G	0	0	4	37
A_PB1	284	4	G	0	0	4	32.75
A_PB1	285	4	G	0	0	3	33.3333333333333
A_PB1	286	6	A	0	0	6	30.6666666666667
A_PB1	287	6	T	0	0	6	33.5
A_PB1	288	6	A	0	0	5	34.2
A_PB1	289	6	T	0	0	6	36.6666666666667
A_PB1	290	6	T	0	0	6	36.3333333333333
A_PB1	291	6	T	0	0	5	37
A_PB1	292	6	G	0	0	6	38.1666666666667
A_PB1	293	6	A	0	0	6	37.6666666666667
A_PB1	294	6	A	0	0	4	31.75
A_PB1	295	6	A	0	0	6	36.6666666666667
A_PB1	296	6	A	0	0	6	31.3333333333333
A_PB1	297	6	C	0	0	3	23.6666666666667
A_PB1	298	6	T	0	0	6	35
A_PB1	299	6	C	0	0	6	34.1666666666667
A_PB1	300	6	T	0	0	3	30.3333333333333
A_PB1	301	6	T	0	0	6	34.3333333333333
A_PB1	302	6	G	0	0	6	31.5
A_PB1	303	5	C	0	0	3	36.3333333333333
A_PB1	304	5	C	0	0	5	33.4
A_PB1	305	5	T	0	0	5	33.6
A_PB1	306	5	T	0	0	5	32.8
A_PB1	307	5	G	0	0	5	33.6
A_PB1	308	5	A	0	0	5	34.8
A_PB1	309	5	A	0	0	5	30
A_PB1	310	5	A	0	0	5	33
A_PB1	311	5	C	0	0	5	34.2
A_PB1	312	5	A	0	0	3	38
A_PB1	313	5	A	0	0	5	33.2
A_PB1	314	5	T	0	0	5	34.2
A_PB1	315	5	G	0	0	5	36.8
A_PB1	316	5	G	0	0	5	37.4
A_PB1	317	5	A	0	0	5	30.2
A_PB1	318	5	A	0	0	5	33.2
A_PB1	319	5	G	0	0	4	35.25
A_PB1	320	5	T	0	0	4	31.5
A_PB1	321	5	T	0	0	3	35
A_PB1	322	5	G	0	0	5	35.4
A_PB1	323	5	T	0	0	5	36
A_PB1	324	5	T	0	0	5	31.4
A_PB1	325	5	C	0	0	5	36.6
A_PB1	326	5	A	0	0	5	33.4
A_PB1	327	5	A	0	0	3	37
A_PB1	328	5	C	0	0	5	35.6
A_PB1	329	5	A	0	0	5	33.4
A_PB1	330	5	A	0	0	3	36.6666666666667
A_PB1	331	5	A	0	0	5	33.6
A_PB1	332	5	C	0	0	5	36.4
A_PB1	333	5	A	0	0	5	36
A_PB1	334	5	A	0	0	5	32.2
A_PB1	335	5	G	0	0	5	36.2
A_PB1	336	5	G	0	0	3	35.6666666666667
A_PB1	337	5	G	0	0	5	35.8
A_PB1	338	5	T	0	0	5	28
A_PB1	339	5	A	0	0	3	36.6666666666667
A_PB1	340	5	G	0	0	5	32.4
A_PB1	341	5	A	0	0	5	36.8
A_PB1	342	5	T	0	0	5	34.4
A_PB1	343	5	A	0	0	5	37.8
A_PB1	344	5	A	0	0	5	34
A_PB1	345	5	A	0	0	5	37
A_PB1	346	5	C	0	0	5	33.2
A_PB1	347	5	T	0	0	5	37.8
A_PB1	348	5	A	0	0	5	37.2
A_PB1	349	5	A	0	0	5	38.6
A_PB1	350	5	C	0	0	5	33.8
A_PB1	351	5	T	0	0	3	37
A_PB1	352	5	C	0	0	5	32.8
A_PB1	353	5	A	0	0	5	37
A_PB1	354	5	A	0	0	5	32.2
A_PB1	355	5	G	0	0	5	30.6
A_PB1	356	5	G	0	0	5	29.8
A_PB1	357	5	T	0	0	5	29.4
A_PB1	358	5	C	0	0	5	29.8
A_PB1	359	5	G	0	0	5	33.4
A_PB1	360	5	C	0	0	5	35.8
A_PB1	361	5	C	0	0	5	34.4
A_PB1	362	5	A	0	0	5	36.2
A_PB1	363	5	G	0	0	5	32.2
A_PB1	364	5	A	0	0	5	33.8
A_PB1	365	5	C	0	0	4	35.5
A_PB1	366	5	T	0	0	3	36
A_PB1	367	5	T	0	0	5	37.8
A_PB1	368	5	A	0	0	5	38
A_PB1	369	5	T	0	0	4	33.75
A_PB1	370	5	G	0	0	5	36
A_PB1	371	5	A	0	0	5	35.6
A_PB1	372	5	T	0	0	3	38
A_PB1	373	5	T	0	0	5	38.6
A_PB1	374	5	G	0	0	5	38.2
A_PB1	375	5	G	0	0	5	37.4
A_PB1	376	5	A	0	0	5	37.6
A_PB1	377	5	C	0	0	5	38.6
A_PB1	378	5	A	0	0	5	38
A_PB1	379	5	T	0	0	3	39
A_PB1	380	5	T	0	0	5	38.2
A_PB1	381	5	A	0	0	3	39
A_PB1	382	5	A	0	0	5	38.2
A_PB1	383	5	A	0	0	5	37.8
A_PB1	384	5	T	0	0	4	36.75
A_PB1	385	5	A	0	0	5	38.4
A_PB1	386	5	G	0	0	5	38.6
A_PB1	387	4	A	0	0	4	36.75
A_PB1	388	4	A	0	0	4	36.75
A_PB1	389	4	A	0	0	4	38
A_PB1	390	4	T	0	0	2	37
A_PB1	391	4	C	0	0	4	36.75
A_PB1	392	4	A	0	0	4	37.75
A_PB1	393	4	A	0	0	3	37
A_PB1	394	3	C	0	0	3	35.3333333333333
A_PB1	395	3	C	0	0	3	36.3333333333333
A_PB1	396	3	G	0	0	2	37.5
A_PB1	397	3	G	0	0	3	30
A_PB1	398	3	C	0	0	3	26.3333333333333
A_PB1	399	3	A	0	0	2	32.5
A_PB1	400	3	G	0	0	3	36
A_PB1	401	3	C	0	0	3	34.3333333333333
A_PB1	402	3	A	0	0	3	36.6666666666667
A_PB1	403	3	A	0	0	3	34
A_PB1	404	3	C	0	0	3	32
A_PB1	405	3	T	0	0	3	24
A_PB1	406	3	G	0	0	3	35.6666666666667
A_PB1	407	3	C	0	0	3	31.6666666666667
A_PB1	408	3	A	0	0	2	38.5
A_PB1	409	3	C	0	0	2	26.5
A_PB1	410	3	T	0	0	3	30
A_PB1	411	3	G	0	0	3	30.3333333333333
A_PB1	412	3	G	0	0	3	34
A_PB1	413	3	C	0	0	2	38.5
A_PB1	414	3	C	0	0	3	36.6666666666667
A_PB1	415	3	A	0	0	3	34
A_PB1	416	3	A	0	0	3	37.6666666666667
A_PB1	417	3	C	0	0	3	29.6666666666667
A_PB1	418	3	A	0	0	3	34.6666666666667
A_PB1	419	3	C	0	0	3	34.3333333333333
A_PB1	420	3	C	0	0	2	38.5
A_PB1	421	3	A	0	0	3	33.3333333333333
A_PB1	422	3	T	0	0	3	35.6666666666667
A_PB1	423	3	A	0	0	3	35.6666666666667
A_PB1	424	1	G	0	0	1	39
A_PB1	425	1	A	0	0	1	39
A_PB1	426	1	A	0	0	1	37
A_PB1	427	1	G	0	0	1	39
A_PB1	428	1	T	0	0	1	39
A_PB1	429	1	A	0	0	1	37
A_PB1	430	1	T	0	0	1	39
A_PB1	431	1	T	0	0	1	39
A_PB1	432	1	T	0	0	1	39
A_PB1	433	1	A	0	0	1	39
A_PB1	434	1	G	0	0	1	39
A_PB1	435	1	A	0	0	1	39
A_PB1	436	1	T	0	0	1	35
A_PB1	437	1	C	0	0	1	37
A_PB1	438	1	G	0	0	1	39
A_PB1	439	1	A	0	0	1	39
A_PB1	440	1	A	0	0	1	39
A_PB1	441	1	T	0	0	1	36
A_PB1	442	1	G	0	0	1	37
A_PB1	443	1	G	0	0	1	34
A_PB1	444	1	C	0	0	1	33
A_PB1	445	1	C	0	0	1	37
A_PB1	446	1	T	0	0	1	32
A_PB1	447	1	A	0	0	1	39
A_PB1	448	1	A	0	0	1	39
A_PB1	449	1	C	0	0	1	39
A_PB1	450	1	A	0	0	1	39
A_PB1	451	1	G	0	0	1	38
A_PB1	452	1	C	0	0	1	35
A_PB1	453	1	T	0	0	1	33
A_PB1	454	1	A	0	0	1	39
A_PB1	455	1	A	0	0	1	39
A_PB1	456	1	T	0	0	1	36
A_PB1	457	1	G	0	0	1	39
A_PB1	458	1	A	0	0	1	39
A_PB1	459	1	A	0	0	1	39
A_PB1	460	1	T	0	0	1	39
A_PB1	461	1	C	0	0	1	39
A_PB1	462	1	A	0	0	1	38
A_PB1	463	1	G	0	0	1	39
A_PB1	464	1	G	0	0	1	39
A_PB1	465	1	A	0	0	1	39
A_PB1	466	1	A	0	0	1	39
A_PB1	467	2	G	0	0	2	36.5
A_PB1	468	2	G	0	0	2	36.5
A_PB1	469	2	C	0	0	2	35.5
A_PB1	470	2	T	0	0	2	36.5
A_PB1	471	2	A	0	0	2	36.5
A_PB1	472	2	A	0	0	2	37.5
A_PB1	473	2	T	0	0	2	34.5
A_PB1	474	2	T	0	0	2	37.5
A_PB1	475	2	G	0	0	2	36
A_PB1	476	2	A	0	0	2	37.5
A_PB1	477	2	T	0	0	2	35.5
A_PB1	478	2	T	0	0	2	37.5
A_PB1	479	2	T	0	0	2	36
A_PB1	480	2	C	0	0	2	38
A_PB1	481	2	T	0	0	2	38
A_PB1	482	2	T	0	0	2	37.5
A_PB1	483	2	G	0	0	2	38
A_PB1	484	2	A	0	0	2	38
A_PB1	485	2	A	0	0	2	38
A_PB1	486	2	G	0	0	2	38
A_PB1	487	2	G	0	0	2	36.5
A_PB1	488	2	A	0	0	2	38
A_PB1	489	2	T	0	0	2	38
A_PB1	490	2	G	0	0	2	38
A_PB1	491	2	T	0	0	2	38
A_PB1	492	2	A	0	0	2	38
A_PB1	493	2	A	0	0	2	38
A_PB1	494	2	T	0	0	2	38
A_PB1	495	2	G	0	0	2	38
A_PB1	496	2	G	0	0	2	36
A_PB1	497	2	A	0	0	2	35.5
A_PB1	498	2	A	0	0	2	36
A_PB1	499	2	T	0	0	2	35.5
A_PB1	500	2	C	0	0	2	36
A_PB1	501	1	A	0	0	1	39
A_PB1	502	1	A	0	0	1	39
A_PB1	503	1	T	0	0	1	39
A_PB1	504	2	G	0	0	2	36.5
A_PB1	505	2	A	0	0	2	36.5
A_PB1	506	2	A	0	0	2	35.5
A_PB1	507	2	C	0	0	2	36.5
A_PB1	508	2	A	0	0	2	36.5
A_PB1	509	2	A	0	0	2	38
A_PB1	510	2	A	0	0	2	38
A_PB1	511	2	G	0	0	2	38
A_PB1	512	2	A	0	0	2	38
A_PB1	513	2	G	0	0	2	38
A_PB1	514	2	G	0	0	2	36.5
A_PB1	515	2	A	0	0	2	37.5
A_PB1	516	2	A	0	0	2	38.5
A_PB1	517	2	A	0	0	2	38.5
A_PB1	518	2	T	0	0	2	38.5
A_PB1	519	2	A	0	0	2	38.5
A_PB1	520	3	G	0	0	3	37.3333333333333
A_PB1	521	3	A	0	0	3	31.3333333333333
A_PB1	522	3	A	0	0	3	38
A_PB1	523	3	A	0	0	3	31
A_PB1	524	3	T	0	0	3	31
A_PB1	525	3	A	0	0	3	36.3333333333333
A_PB1	526	3	A	0	0	3	38
A_PB1	527	3	C	0	0	3	31.3333333333333
A_PB1	528	3	A	0	0	3	36.6666666666667
A_PB1	529	3	A	0	0	3	31.3333333333333
A_PB1	530	3	C	0	0	3	30.6666666666667
A_PB1	531	3	C	0	0	2	38
A_PB1	532	3	C	0	0	3	30
A_PB1	533	3	A	0	0	3	30
A_PB1	534	3	C	0	0	2	38
A_PB1	535	3	T	0	0	3	37.6666666666667
A_PB1	536	3	T	0	0	3	31.3333333333333
A_PB1	537	3	T	0	0	2	39
A_PB1	538	3	C	0	0	3	38
A_PB1	539	3	A	0	0	3	31.6666666666667
A_PB1	540	3	A	0	0	3	31.3333333333333
A_PB1	541	3	A	0	0	3	37
A_PB1	542	3	G	0	0	3	37
A_PB1	543	3	A	0	0	3	31
A_PB1	544	3	A	0	0	3	35.6666666666667
A_PB1	545	3	A	0	0	3	31
A_PB1	546	3	A	0	0	2	38.5
A_PB1	547	3	A	0	0	3	38.3333333333333
A_PB1	548	3	G	0	0	3	30.3333333333333
A_PB1	549	3	G	0	0	2	38
A_PB1	550	3	A	0	0	3	38.3333333333333
A_PB1	551	3	G	0	0	3	31
A_PB1	552	3	A	0	0	3	38.3333333333333
A_PB1	553	3	A	0	0	2	39
A_PB1	554	3	T	0	0	2	39
A_PB1	555	3	A	0	0	3	37
A_PB1	556	3	A	0	0	3	38.3333333333333
A_PB1	557	3	G	0	0	3	31.3333333333333
A_PB1	558	3	G	0	0	3	31
A_PB1	559	3	G	0	0	3	30.3333333333333
A_PB1	560	3	A	0	0	3	35.6666666666667
A_PB1	561	3	C	0	0	3	35.3333333333333
A_PB1	562	3	A	0	0	3	35.3333333333333
A_PB1	563	3	A	0	0	3	38.6666666666667
A_PB1	564	3	T	0	0	2	39
A_PB1	565	3	A	0	0	3	39
A_PB1	566	3	T	0	0	3	39
A_PB1	567	3	G	0	0	3	38.3333333333333
A_PB1	568	3	A	0	0	3	38
A_PB1	569	3	C	0	0	3	39
A_PB1	570	3	C	0	0	3	38.3333333333333
A_PB1	571	3	A	0	0	3	38.6666666666667
A_PB1	572	3	A	0	0	3	38.6666666666667
A_PB1	573	3	G	0	0	3	37.6666666666667
A_PB1	574	3	A	0	0	3	36.3333333333333
A_PB1	575	3	A	0	0	3	38.6666666666667
A_PB1	576	3	G	0	0	2	39
A_PB1	577	3	A	0	0	3	38
A_PB1	578	3	T	0	0	3	39
A_PB1	579	3	G	0	0	3	38.3333333333333
A_PB1	580	3	G	0	0	3	38.6666666666667
A_PB1	581	3	T	0	0	3	38.3333333333333
A_PB1	582	3	C	0	0	3	31.3333333333333
A_PB1	583	3	A	0	0	3	38.3333333333333
A_PB1	584	3	C	0	0	3	38.6666666666667
A_PB1	585	3	G	0	0	2	38
A_PB1	586	3	C	0	0	3	38.3333333333333
A_PB1	587	3	A	0	0	3	38
A_PB1	588	3	A	0	0	3	38
A_PB1	589	3	A	0	0	3	38
A_PB1	590	3	G	0	0	3	31
A_PB1	591	3	A	0	0	2	39
A_PB1	592	3	A	0	0	3	37
A_PB1	593	3	C	0	0	3	38.3333333333333
A_PB1	594	3	A	0	0	3	38.3333333333333
A_PB1	595	3	A	0	0	3	38.3333333333333
A_PB1	596	3	T	0	0	3	38.3333333333333
A_PB1	597	3	A	0	0	3	39
A_PB1	598	3	G	0	0	3	37
A_PB1	599	3	G	0	0	3	31.3333333333333
A_PB1	600	3	A	0	0	2	39
A_PB1	601	3	A	0	0	3	31
A_PB1	602	3	A	0	0	3	35
A_PB1	603	3	G	0	0	3	30.6666666666667
A_PB1	604	3	A	0	0	3	37.3333333333333
A_PB1	605	3	A	0	0	3	37
A_PB1	606	3	G	0	0	2	38.5
A_PB1	607	3	A	0	0	3	39
A_PB1	608	3	A	0	0	3	39
A_PB1	609	3	A	0	0	3	38.6666666666667
A_PB1	610	3	C	0	0	3	38.6666666666667
A_PB1	611	3	A	0	0	3	39
A_PB1	612	3	A	0	0	3	38.6666666666667
A_PB1	613	3	A	0	0	3	39
A_PB1	614	2	G	0	0	2	39
A_PB1	615	2	A	0	0	2	39
A_PB1	616	1	C	0	0	1	39
A_PB1	617	1	T	0	0	1	39
A_PB1	618	1	G	0	0	1	39
A_PB1	619	1	A	0	0	1	39
A_PB1	620	1	A	0	0	1	39
A_PB1	621	1	C	0	0	1	38
A_PB1	622	1	A	0	0	1	39
A_PB1	623	1	A	0	0	1	39
A_PB1	624	1	G	0	0	1	39
A_PB1	625	1	A	0	0	1	39
A_PB1	626	1	G	0	0	1	39
A_PB1	627	1	A	0	0	1	39
A_PB1	628	1	T	0	0	1	39
A_PB1	629	1	G	0	0	1	39
A_PB1	630	1	C	0	0	1	39
A_PB1	631	1	T	0	0	1	39
A_PB1	632	1	A	0	0	1	39
A_PB1	633	1	T	0	0	1	39
A_PB1	634	1	C	0	0	1	39
A_PB1	635	1	T	0	0	1	39
A_PB1	636	1	A	0	0	1	39
A_PB1	637	1	A	0	0	1	39
A_PB1	638	1	T	0	0	1	39
A_PB1	639	1	A	0	0	1	39
A_PB1	640	1	A	0	0	1	39
A_PB1	641	1	G	0	0	1	39
A_PB1	642	1	A	0	0	1	39
A_PB1	643	1	G	0	0	1	39
A_PB1	644	1	C	0	0	1	39
A_PB1	645	1	A	0	0	1	39
A_PB1	646	1	C	0	0	1	39
A_PB1	647	1	T	0	0	1	39
A_PB1	648	1	A	0	0	1	39
A_PB1	649	1	A	0	0	1	39
A_PB1	650	1	C	0	0	1	39
A_PB1	651	1	A	0	0	1	39
A_PB1	652	1	T	0	0	1	39
A_PB1	653	2	T	0	0	2	36
A_PB1	654	2	A	0	0	2	39
A_PB1	655	2	A	0	0	2	39
A_PB1	656	2	A	0	0	2	38.5
A_PB1	657	2	T	0	0	2	38.5
A_PB1	658	2	A	0	0	2	38
A_PB1	659	2	C	0	0	2	39
A_PB1	660	2	G	0	0	2	39
A_PB1	661	2	A	0	0	2	39
A_PB1	662	2	T	0	0	2	39
A_PB1	663	2	G	0	0	2	39
A_PB1	664	2	A	0	0	2	38
A_PB1	665	2	C	0	0	2	39
A_PB1	666	2	C	0	0	2	39
A_PB1	667	2	A	0	0	2	39
A_PB1	668	2	A	0	0	2	39
A_PB1	669	2	A	0	0	2	39
A_PB1	670	2	G	0	0	2	39
A_PB1	671	2	A	0	0	2	39
A_PB1	672	2	T	0	0	2	38.5
A_PB1	673	2	G	0	0	2	39
A_PB1	674	2	C	0	0	2	39
A_PB1	675	2	A	0	0	2	39
A_PB1	676	2	G	0	0	2	39
A_PB1	677	2	A	0	0	2	39
A_PB1	678	2	G	0	0	2	38
A_PB1	679	2	A	0	0	2	38
A_PB1	680	2	G	0	0	2	39
A_PB1	681	2	A	0	0	2	39
A_PB1	682	2	G	0	0	2	38.5
A_PB1	683	2	G	0	0	2	39
A_PB1	684	2	C	0	0	2	38.5
A_PB1	685	2	A	0	0	2	39
A_PB1	686	2	A	0	0	2	39
A_PB1	687	2	G	0	0	2	39
A_PB1	688	2	T	0	0	2	38
A_PB1	689	2	T	0	0	2	37.5
A_PB1	690	2	A	0	0	2	39
A_PB1	691	2	A	0	0	2	39
A_PB1	692	2	A	0	0	2	39
A_PB1	693	2	A	0	0	2	39
A_PB1	694	2	A	0	0	2	39
A_PB1	695	2	G	0	0	2	39
A_PB1	696	2	A	0	0	2	39
A_PB1	697	2	A	0	0	2	39
A_PB1	698	2	G	0	0	2	39
A_PB1	699	2	G	0	0	2	39
A_PB1	700	2	G	0	0	2	39
A_PB1	701	2	C	0	0	2	37.5
A_PB1	702	2	T	0	0	2	37.5
A_PB1	703	2	A	0	0	2	39
A_PB1	704	2	T	0	0	2	35
A_PB1	705	2	C	0	0	2	38
A_PB1	706	2	G	0	0	2	39
A_PB1	707	2	C	0	0	2	39
A_PB1	708	2	A	0	0	2	38
A_PB1	709	2	A	0	0	2	38
A_PB1	710	2	C	0	0	2	37
A_PB1	711	2	A	0	0	2	37
A_PB1	712	2	C	0	0	2	37.5
A_PB1	713	2	C	0	0	2	38
A_PB1	714	2	G	0	0	2	38
A_PB1	715	2	G	0	0	2	39
A_PB1	716	2	G	0	0	2	38.5
A_PB1	717	2	G	0	0	2	38.5
A_PB1	718	2	A	0	0	2	39
A_PB1	719	2	T	0	0	2	38.5
A_PB1	720	2	G	0	0	2	39
A_PB1	721	2	C	0	0	2	38.5
A_PB1	722	2	A	0	0	2	39
A_PB1	723	2	G	0	0	2	39
A_PB1	724	3	A	0	0	3	31.3333333333333
A_PB1	725	3	T	0	0	3	38.3333333333333
A_PB1	726	3	T	0	0	3	37
A_PB1	727	3	A	0	0	3	35
A_PB1	728	3	G	0	0	3	31
A_PB1	729	3	A	0	0	3	35
A_PB1	730	3	G	0	0	3	30.6666666666667
A_PB1	731	3	G	0	0	3	34.3333333333333
A_PB1	732	3	T	0	0	3	30
A_PB1	733	3	T	0	0	3	37.6666666666667
A_PB1	734	3	T	0	0	3	36.3333333333333
A_PB1	735	3	C	0	0	3	31.6666666666667
A_PB1	736	3	G	0	0	3	38
A_PB1	737	3	T	0	0	3	38
A_PB1	738	3	A	0	0	3	37.6666666666667
A_PB1	739	3	T	0	0	3	38.3333333333333
A_PB1	740	3	A	0	0	3	30.6666666666667
A_PB1	741	3	C	0	0	3	31
A_PB1	742	3	T	0	0	3	38.3333333333333
A_PB1	743	3	T	0	0	3	31.3333333333333
A_PB1	744	3	T	0	0	3	38.3333333333333
A_PB1	745	3	G	0	0	3	38.6666666666667
A_PB1	746	3	T	0	0	3	38.6666666666667
A_PB1	747	3	T	0	0	3	35.6666666666667
A_PB1	748	3	G	0	0	3	35.6666666666667
A_PB1	749	3	A	0	0	3	31.6666666666667
A_PB1	750	3	A	0	0	3	31.6666666666667
A_PB1	751	3	A	0	0	3	38.3333333333333
A_PB1	752	3	C	0	0	3	37
A_PB1	753	3	T	0	0	3	30.6666666666667
A_PB1	754	3	T	0	0	3	31
A_PB1	755	3	T	0	0	3	38.3333333333333
A_PB1	756	3	G	0	0	2	39
A_PB1	757	3	G	0	0	3	31.6666666666667
A_PB1	758	3	C	0	0	3	35.3333333333333
A_PB1	759	3	T	0	0	3	36.3333333333333
A_PB1	760	3	A	0	0	3	36.3333333333333
A_PB1	761	3	G	0	0	3	31.6666666666667
A_PB1	762	3	G	0	0	2	39
A_PB1	763	3	A	0	0	3	38
A_PB1	764	3	G	0	0	3	37
A_PB1	765	3	C	0	0	3	31.3333333333333
A_PB1	766	3	A	0	0	3	35.3333333333333
A_PB1	767	3	T	0	0	3	30
A_PB1	768	3	T	0	0	3	35.3333333333333
A_PB1	769	3	T	0	0	3	30
A_PB1	770	3	G	0	0	3	30
A_PB1	771	3	C	0	0	3	30.3333333333333
A_PB1	772	3	G	0	0	3	30
A_PB1	773	3	A	0	0	3	30.6666666666667
A_PB1	774	3	G	0	0	2	38.5
A_PB1	775	3	A	0	0	3	36.6666666666667
A_PB1	776	3	A	0	0	3	31.3333333333333
A_PB1	777	3	G	0	0	2	38.5
A_PB1	778	3	C	0	0	3	38.3333333333333
A_PB1	779	3	T	0	0	3	37.6666666666667
A_PB1	780	3	T	0	0	3	36
A_PB1	781	3	G	0	0	3	31
A_PB1	782	3	A	0	0	3	38.3333333333333
A_PB1	783	3	A	0	0	2	35.5
A_PB1	784	3	C	0	0	3	37.6666666666667
A_PB1	785	3	A	0	0	3	34.3333333333333
A_PB1	786	3	A	0	0	2	36
A_PB1	787	3	T	0	0	3	35.3333333333333
A_PB1	788	3	C	0	0	3	34.6666666666667
A_PB1	789	3	T	0	0	3	28.6666666666667
A_PB1	790	3	G	0	0	3	36
A_PB1	791	3	G	0	0	3	36.6666666666667
A_PB1	792	3	G	0	0	3	35
A_PB1	793	3	C	0	0	3	33.3333333333333
A_PB1	794	3	T	0	0	3	27.6666666666667
A_PB1	795	2	C	0	0	2	25
A_PB1	796	2	C	0	0	2	26.5
A_PB1	797	2	C	0	0	2	26.5
A_PB1	798	2	A	0	0	2	35
A_PB1	799	2	G	0	0	2	24
A_PB1	800	2	T	0	0	2	35
A_PB1	801	2	A	0	0	2	24
A_PB1	802	2	G	0	0	2	32.5
A_PB1	803	2	G	0	0	2	24
A_PB1	804	1	G	0	0	1	16
A_PB1	805	1	G	0	0	1	33
A_PB1	806	1	G	0	0	1	37
A_PB1	807	1	T	0	0	1	38
A_PB1	808	1	A	0	0	1	37
A_PB1	809	1	A	0	0	1	36
A_PB1	810	1	T	0	0	1	36
A_PB1	811	1	G	0	0	1	38
A_PB1	812	1	A	0	0	1	39
A_PB1	813	1	A	0	0	1	32
A_PB1	814	1	A	0	0	1	38
A_PB1	815	1	A	0	0	1	37
A_PB1	816	1	G	0	0	1	16
A_PB1	817	1	A	0	0	1	16
A_PB1	818	1	A	0	0	1	16
A_PB1	819	1	G	0	0	1	16
A_PB1	820	1	G	0	0	1	15
A_PB1	821	1	C	0	0	1	39
A_PB1	822	1	C	0	0	1	37
A_PB1	823	1	A	0	0	1	36
A_PB1	824	1	A	0	0	1	37
A_PB1	825	1	A	0	0	1	16
A_PB1	826	1	C	0	0	1	37
A_PB1	827	1	T	0	0	1	32
A_PB1	828	1	G	0	0	1	32
A_PB1	829	1	G	0	0	1	17
A_PB1	830	1	C	0	0	1	17
A_PB1	831	1	A	0	0	1	16
A_PB1	832	1	A	0	0	1	37
A_PB1	833	1	A	0	0	1	15
A_PB1	834	1	T	0	0	1	36
A_PB1	835	1	G	0	0	1	16
A_PB1	836	1	T	0	0	1	37
A_PB1	837	1	T	0	0	1	37
A_PB1	838	1	G	0	0	1	35
A_PB1	839	1	T	0	0	1	35
A_PB1	840	1	G	0	0	1	33
A_PB1	841	1	A	0	0	1	16
A_PB1	842	1	G	0	0	1	35
A_PB1	843	1	G	0	0	1	18
A_PB1	844	1	A	0	0	1	33
A_PB1	845	1	A	0	0	1	36
A_PB1	846	1	G	0	0	1	35
A_PB1	847	1	A	0	0	1	37
A_PB1	848	1	T	0	0	1	35
A_PB1	849	1	G	0	0	1	18
A_PB1	850	1	A	0	0	1	18
A_PB1	851	1	T	0	0	1	32
A_PB1	852	1	G	0	0	1	18
A_PB1	853	1	A	0	0	1	16
A_PB1	854	1	C	0	0	1	16
A_PB1	855	1	T	0	0	1	32
A_PB1	856	1	A	0	0	1	33
A_PB1	857	1	A	0	0	1	33
A_PB1	858	1	T	0	0	1	18
A_PB1	859	1	T	0	0	1	16
A_PB1	860	1	C	0	0	1	16
A_PB1	861	1	A	0	0	1	38
A_PB1	862	1	C	0	0	1	18
A_PB1	863	1	A	0	0	1	37
A_PB1	864	1	A	0	0	1	35
A_PB1	865	1	G	0	0	1	31
A_PB1	866	1	A	0	0	1	18
A_PB1	867	1	C	0	0	1	35
A_PB1	868	1	A	0	0	1	18
A_PB1	869	1	C	0	0	1	16
A_PB1	870	1	A	0	0	1	32
A_PB1	871	1	G	0	0	1	16
A_PB1	872	1	A	0	0	1	32
A_PB1	873	1	G	0	0	1	16
A_PB1	874	1	C	0	0	1	30
A_PB1	875	1	C	0	0	1	32
A_PB1	876	1	C	0	0	1	33
A_PB1	877	1	A	0	0	1	33
A_PB1	878	1	T	0	0	1	32
A_PB1	879	1	A	0	0	1	37
A_PB1	880	1	A	0	0	1	37
A_PB1	881	1	T	0	0	1	37
A_PB1	882	1	G	0	0	1	37
A_PB1	883	1	T	0	0	1	35
A_PB1	884	1	T	0	0	1	37
A_PB1	885	1	C	0	0	1	35
A_PB1	886	1	T	0	0	1	33
A_PB1	887	1	C	0	0	1	38
A_PB1	888	1	A	0	0	1	38
A_PB1	889	1	A	0	0	1	38
A_PB1	890	1	A	0	0	1	38
A_PB1	891	1	T	0	0	1	38
A_PB1	892	1	A	0	0	1	38
A_PB1	893	1	A	0	0	1	38
A_PB1	894	1	A	0	0	1	38
A_PB1	895	1	A	0	0	1	38
A_PB1	896	1	T	0	0	1	39
A_PB1	897	1	G	0	0	1	38
A_PB1	898	1	G	0	0	1	39
A_PB1	899	1	C	0	0	1	39
A_PB1	900	1	A	0	0	1	39
A_PB1	901	1	A	0	0	1	39
A_PB1	902	1	G	0	0	1	38
A_PB1	903	1	A	0	0	1	37
A_PB1	904	1	C	0	0	1	39
A_PB1	905	1	T	0	0	1	37
A_PB1	906	1	A	0	0	1	39
A_PB1	907	1	G	0	0	1	39
A_PB1	908	1	G	0	0	1	38
A_PB1	909	1	G	0	0	1	39
A_PB1	910	1	A	0	0	1	39
A_PB1	911	1	A	0	0	1	39
A_PB1	912	1	A	0	0	1	39
A_PB1	913	1	G	0	0	1	38
A_PB1	914	1	G	0	0	1	39
A_PB1	915	1	G	0	0	1	38
A_PB1	916	1	T	0	0	1	33
A_PB1	917	1	A	0	0	1	36
A_PB1	918	1	C	0	0	1	38
A_PB1	919	1	A	0	0	1	39
A_PB1	920	1	T	0	0	1	39
A_PB1	921	1	G	0	0	1	37
A_PB1	922	1	T	0	0	1	38
A_PB1	923	1	T	0	0	1	37
A_PB1	924	1	C	0	0	1	39
A_PB1	925	1	G	0	0	1	36
A_PB1	926	1	A	0	0	1	34
A_PB1	927	1	G	0	0	1	38
A_PB1	928	1	A	0	0	1	32
A_PB1	929	1	G	0	0	1	36
A_PB1	930	1	T	0	0	1	38
A_PB1	931	1	A	0	0	1	37
A_PB1	932	1	A	0	0	1	37
A_PB1	933	1	A	0	0	1	39
A_PB1	934	1	A	0	0	1	39
A_PB1	935	1	G	0	0	1	33
A_PB1	936	1	A	0	0	1	37
A_PB1	937	1	A	0	0	1	39
A_PB1	938	1	T	0	0	1	39
A_PB1	939	1	G	0	0	1	37
A_PB1	940	1	A	0	0	1	39
A_PB1	941	1	A	0	0	1	39
A_PB1	942	1	G	0	0	1	39
A_PB1	943	1	A	0	0	1	39
A_PB1	944	1	T	0	0	1	39
A_PB1	945	1	T	0	0	1	39
A_PB1	946	1	C	0	0	1	39
A_PB1	947	1	G	0	0	1	38
A_PB1	948	1	A	0	0	1	39
A_PB1	949	1	A	0	0	1	38
A_PB1	950	1	C	0	0	1	39
A_PB1	951	1	A	0	0	1	38
A_PB1	952	1	C	0	0	1	39
A_PB1	953	1	A	0	0	1	39
A_PB1	954	1	A	0	0	1	36
A_PB1	955	1	A	0	0	1	37
A_PB1	956	1	T	0	0	1	37
A_PB1	957	1	A	0	0	1	39
A_PB1	958	1	C	0	0	1	39
A_PB1	959	1	C	0	0	1	39
A_PB1	960	1	A	0	0	1	39
A_PB1	961	1	G	0	0	1	39
A_PB1	962	1	C	0	0	1	39
A_PB1	963	1	A	0	0	1	39
A_PB1	964	1	G	0	0	1	39
A_PB1	965	1	A	0	0	1	39
A_PB1	966	1	A	0	0	1	39
A_PB1	967	1	A	0	0	1	39
A_PB1	968	1	T	0	0	1	38
A_PB1	969	1	G	0	0	1	37
A_PB1	970	1	C	0	0	1	36
A_PB1	971	2	T	0	0	2	39
A_PB1	972	2	A	0	0	2	39
A_PB1	973	2	G	0	0	2	38
A_PB1	974	2	C	0	0	2	39
A_PB1	975	2	A	0	0	2	39
A_PB1	976	2	A	0	0	2	39
A_PB1	977	2	G	0	0	2	39
A_PB1	978	2	C	0	0	2	36.5
A_PB1	979	2	A	0	0	2	38.5
A_PB1	980	2	T	0	0	2	39
A_PB1	981	2	T	0	0	2	39
A_PB1	982	2	G	0	0	2	39
A_PB1	983	2	A	0	0	2	39
A_PB1	984	2	C	0	0	2	39
A_PB1	985	2	C	0	0	2	39
A_PB1	986	2	T	0	0	2	39
A_PB1	987	2	G	0	0	2	39
A_PB1	988	2	A	0	0	2	39
A_PB1	989	2	A	0	0	2	39
A_PB1	990	2	G	0	0	2	39
A_PB1	991	2	T	0	0	2	39
A_PB1	992	2	A	0	0	2	39
A_PB1	993	2	C	0	0	2	39
A_PB1	994	2	T	0	0	2	39
A_PB1	995	2	T	0	0	2	39
A_PB1	996	2	C	0	0	2	38
A_PB1	997	2	A	0	0	2	39
A_PB1	998	2	A	0	0	2	39
A_PB1	999	2	T	0	0	2	39
A_PB1	1000	2	G	0	0	2	38.5
A_PB1	1001	2	A	0	0	2	39
A_PB1	1002	2	A	0	0	2	39
A_PB1	1003	2	T	0	0	2	39
A_PB1	1004	2	C	0	0	2	39
A_PB1	1005	2	A	0	0	2	39
A_PB1	1006	2	A	0	0	2	39
A_PB1	1007	2	C	0	0	2	38.5
A_PB1	1008	2	A	0	0	2	39
A_PB1	1009	2	A	0	0	2	38.5
A_PB1	1010	2	A	0	0	2	39
A_PB1	1011	3	A	0	0	2	28.5
A_PB1	1012	3	A	0	0	3	31.6666666666667
A_PB1	1013	3	A	0	0	3	31.3333333333333
A_PB1	1014	3	G	0	0	2	28
A_PB1	1015	3	A	0	0	3	31.3333333333333
A_PB1	1016	3	A	0	0	3	37
A_PB1	1017	3	A	0	0	3	30.3333333333333
A_PB1	1018	3	A	0	0	3	30.6666666666667
A_PB1	1019	3	T	0	0	3	36
A_PB1	1020	3	T	0	0	2	39
A_PB1	1021	3	G	0	0	3	30.6666666666667
A_PB1	1022	3	A	0	0	3	30.6666666666667
A_PB1	1023	3	G	0	0	3	30.6666666666667
A_PB1	1024	3	A	0	0	3	30.6666666666667
A_PB1	1025	2	A	0	0	2	26.5
A_PB1	1026	3	A	0	0	3	32.3333333333333
A_PB1	1027	3	A	0	0	3	31
A_PB1	1028	3	T	0	0	2	39
A_PB1	1029	3	A	0	0	3	30.6666666666667
A_PB1	1030	3	A	0	0	3	30.3333333333333
A_PB1	1031	3	G	0	0	2	37.5
A_PB1	1032	3	A	0	0	2	28
A_PB1	1033	3	C	0	0	3	36
A_PB1	1034	3	C	0	0	2	38.5
A_PB1	1035	3	T	0	0	3	37
A_PB1	1036	3	C	0	0	3	31.3333333333333
A_PB1	1037	3	T	0	0	3	37
A_PB1	1038	3	A	0	0	2	29
A_PB1	1039	3	C	0	0	3	32.3333333333333
A_PB1	1040	3	T	0	0	3	32.3333333333333
A_PB1	1041	3	A	0	0	3	32.3333333333333
A_PB1	1042	3	A	0	0	3	32
A_PB1	1043	3	T	0	0	3	31.6666666666667
A_PB1	1044	3	A	0	0	3	32.3333333333333
A_PB1	1045	3	G	0	0	3	32
A_PB1	1046	3	A	0	0	3	32
A_PB1	1047	3	T	0	0	3	32.3333333333333
A_PB1	1048	3	G	0	0	3	37
A_PB1	1049	3	G	0	0	3	29.6666666666667
A_PB1	1050	3	C	0	0	3	23.6666666666667
A_PB1	1051	3	A	0	0	3	37.6666666666667
A_PB1	1052	3	C	0	0	3	36.6666666666667
A_PB1	1053	3	C	0	0	2	35.5
A_PB1	1054	3	G	0	0	3	32
A_PB1	1055	3	C	0	0	3	32
A_PB1	1056	3	C	0	0	2	36
A_PB1	1057	3	T	0	0	3	32.3333333333333
A_PB1	1058	3	C	0	0	3	32.3333333333333
A_PB1	1059	3	A	0	0	3	32.3333333333333
A_PB1	1060	3	T	0	0	2	39
A_PB1	1061	3	T	0	0	3	38.3333333333333
A_PB1	1062	3	G	0	0	3	39
A_PB1	1063	3	A	0	0	3	38.6666666666667
A_PB1	1064	3	G	0	0	3	36.6666666666667
A_PB1	1065	3	T	0	0	2	29
A_PB1	1066	3	C	0	0	3	36.3333333333333
A_PB1	1067	3	C	0	0	3	31.3333333333333
A_PB1	1068	3	T	0	0	3	37
A_PB1	1069	3	G	0	0	3	32
A_PB1	1070	3	G	0	0	3	32
A_PB1	1071	3	A	0	0	2	27.5
A_PB1	1072	3	A	0	0	3	38.3333333333333
A_PB1	1073	3	T	0	0	3	32.6666666666667
A_PB1	1074	3	G	0	0	3	37
A_PB1	1075	3	A	0	0	3	31.6666666666667
A_PB1	1076	3	T	0	0	3	31.6666666666667
A_PB1	1077	3	G	0	0	3	36.6666666666667
A_PB1	1078	3	A	0	0	3	31.6666666666667
A_PB1	1079	3	T	0	0	3	31.3333333333333
A_PB1	1080	3	G	0	0	3	37
A_PB1	1081	4	G	0	0	4	31.25
A_PB1	1082	4	G	0	0	4	31.75
A_PB1	1083	4	C	0	0	4	32.5
A_PB1	1084	4	A	0	0	4	34.5
A_PB1	1085	4	T	0	0	4	31.75
A_PB1	1086	4	G	0	0	4	28.5
A_PB1	1087	4	T	0	0	4	32.25
A_PB1	1088	4	T	0	0	4	29
A_PB1	1089	4	C	0	0	4	33
A_PB1	1090	5	A	0	0	5	37.6
A_PB1	1091	5	A	0	0	5	34.8
A_PB1	1092	5	C	0	0	3	36.6666666666667
A_PB1	1093	5	A	0	0	5	30.4
A_PB1	1094	5	T	0	0	5	30.6
A_PB1	1095	5	G	0	0	5	34.4
A_PB1	1096	5	C	0	0	5	34.4
A_PB1	1097	5	T	0	0	5	34
A_PB1	1098	5	A	0	0	3	37.6666666666667
A_PB1	1099	5	A	0	0	5	37.4
A_PB1	1100	6	G	0	0	6	30.3333333333333
A_PB1	1101	6	T	0	0	4	32
A_PB1	1102	6	A	0	0	6	30.5
A_PB1	1103	6	C	0	0	6	33.3333333333333
A_PB1	1104	6	A	0	0	4	36.25
A_PB1	1105	6	G	0	0	6	31
A_PB1	1106	6	T	0	0	6	37.6666666666667
A_PB1	1107	5	C	0	0	2	37.5
A_PB1	1108	5	T	0	0	5	36.6
A_PB1	1109	5	T	0	0	5	33.6
A_PB1	1110	5	G	0	0	4	31.5
A_PB1	1111	5	G	0	0	5	37.8
A_PB1	1112	5	G	0	0	5	33.2
A_PB1	1113	5	A	0	0	5	38
A_PB1	1114	5	G	0	0	5	37.6
A_PB1	1115	5	T	0	0	5	36.8
A_PB1	1116	5	C	0	0	4	36.75
A_PB1	1117	5	T	0	0	5	37
A_PB1	1118	5	C	0	0	5	32.8
A_PB1	1119	5	A	0	0	3	36.6666666666667
A_PB1	1120	5	A	0	0	5	33.2
A_PB1	1121	5	T	0	0	5	37.2
A_PB1	1122	4	A	0	0	3	38.6666666666667
A_PB1	1123	4	C	0	0	4	35.75
A_PB1	1124	4	T	0	0	3	38.3333333333333
A_PB1	1125	4	G	0	0	4	37.5
A_PB1	1126	4	A	0	0	4	37
A_PB1	1127	4	A	0	0	4	33
A_PB1	1128	4	T	0	0	4	36
A_PB1	1129	4	C	0	0	4	32.75
A_PB1	1130	4	T	0	0	4	37.75
A_PB1	1131	4	T	0	0	4	33.5
A_PB1	1132	4	G	0	0	4	33.5
A_PB1	1133	4	G	0	0	4	32.75
A_PB1	1134	4	A	0	0	3	30.3333333333333
A_PB1	1135	4	C	0	0	4	33.25
A_PB1	1136	4	A	0	0	4	37.5
A_PB1	1137	4	A	0	0	3	36.3333333333333
A_PB1	1138	4	A	0	0	4	37
A_PB1	1139	4	A	0	0	4	36
A_PB1	1140	4	G	0	0	4	38.25
A_PB1	1141	4	A	0	0	4	32.25
A_PB1	1142	4	A	0	0	3	35.3333333333333
A_PB1	1143	4	A	0	0	3	36.3333333333333
A_PB1	1144	4	T	0	0	4	33.25
A_PB1	1145	4	A	0	0	4	38.75
A_PB1	1146	4	C	0	0	4	37.25
A_PB1	1147	4	A	0	0	4	37.25
A_PB1	1148	4	C	0	0	4	38.25
A_PB1	1149	4	C	0	0	4	32.75
A_PB1	1150	4	A	0	0	4	36.5
A_PB1	1151	4	A	0	0	4	38.25
A_PB1	1152	4	G	0	0	3	38
A_PB1	1153	4	A	0	0	4	36
A_PB1	1154	4	C	0	0	4	38.75
A_PB1	1155	4	A	0	0	3	38.6666666666667
A_PB1	1156	4	A	0	0	3	36.3333333333333
A_PB1	1157	4	T	0	0	3	38.3333333333333
A_PB1	1158	4	A	0	0	4	32.75
A_PB1	1159	4	T	0	0	4	37.25
A_PB1	1160	4	A	0	0	3	37.6666666666667
A_PB1	1161	4	C	0	0	4	31.5
A_PB1	1162	4	T	0	0	4	36.25
A_PB1	1163	4	G	0	0	4	35.25
A_PB1	1164	4	G	0	0	4	37
A_PB1	1165	4	T	0	0	4	36.5
A_PB1	1166	4	G	0	0	4	30.75
A_PB1	1167	4	G	0	0	4	30.5
A_PB1	1168	4	G	0	0	4	37
A_PB1	1169	4	A	0	0	4	37.25
A_PB1	1170	4	T	0	0	4	38.25
A_PB1	1171	4	G	0	0	4	32
A_PB1	1172	4	G	0	0	4	29.5
A_PB1	1173	4	A	0	0	3	29
A_PB1	1174	4	C	0	0	4	31
A_PB1	1175	4	T	0	0	4	36.75
A_PB1	1176	4	C	0	0	4	29.5
A_PB1	1177	3	C	0	0	3	30
A_PB1	1178	3	A	0	0	3	36.6666666666667
A_PB1	1179	3	A	0	0	3	35.3333333333333
A_PB1	1180	3	T	0	0	3	38.3333333333333
A_PB1	1181	3	C	0	0	3	37.3333333333333
A_PB1	1182	3	A	0	0	3	37.3333333333333
A_PB1	1183	3	T	0	0	3	30
A_PB1	1184	3	C	0	0	3	31
A_PB1	1185	3	C	0	0	2	38
A_PB1	1186	3	G	0	0	3	30.6666666666667
A_PB1	1187	3	A	0	0	3	30.6666666666667
A_PB1	1188	3	C	0	0	2	26
A_PB1	1189	3	G	0	0	3	30.6666666666667
A_PB1	1190	3	A	0	0	3	37.6666666666667
A_PB1	1191	3	T	0	0	3	30.6666666666667
A_PB1	1192	3	T	0	0	3	37.3333333333333
A_PB1	1193	3	T	0	0	3	30
A_PB1	1194	3	T	0	0	3	36.6666666666667
A_PB1	1195	3	G	0	0	3	36
A_PB1	1196	3	C	0	0	3	30.3333333333333
A_PB1	1197	3	T	0	0	3	35.6666666666667
A_PB1	1198	3	C	0	0	3	29
A_PB1	1199	3	T	0	0	3	38
A_PB1	1200	3	C	0	0	3	37.6666666666667
A_PB1	1201	3	A	0	0	3	36.3333333333333
A_PB1	1202	3	T	0	0	3	38.6666666666667
A_PB1	1203	3	A	0	0	3	37.6666666666667
A_PB1	1204	3	G	0	0	3	38
A_PB1	1205	3	T	0	0	3	37.3333333333333
A_PB1	1206	3	G	0	0	3	37.3333333333333
A_PB1	1207	3	A	0	0	3	31.3333333333333
A_PB1	1208	3	A	0	0	3	31.6666666666667
A_PB1	1209	3	T	0	0	3	31.3333333333333
A_PB1	1210	3	G	0	0	3	31.6666666666667
A_PB1	1211	3	C	0	0	3	36.6666666666667
A_PB1	1212	3	A	0	0	3	37.6666666666667
A_PB1	1213	3	C	0	0	3	29.6666666666667
A_PB1	1214	3	C	0	0	3	33.6666666666667
A_PB1	1215	3	A	0	0	3	38.3333333333333
A_PB1	1216	3	A	0	0	3	30.3333333333333
A_PB1	1217	3	A	0	0	3	30.6666666666667
A_PB1	1218	3	C	0	0	3	38.6666666666667
A_PB1	1219	3	C	0	0	3	38
A_PB1	1220	3	A	0	0	3	30.3333333333333
A_PB1	1221	3	T	0	0	3	31
A_PB1	1222	3	G	0	0	3	31
A_PB1	1223	3	A	0	0	3	30
A_PB1	1224	3	G	0	0	3	34.6666666666667
A_PB1	1225	3	G	0	0	3	36.3333333333333
A_PB1	1226	3	G	0	0	3	34.6666666666667
A_PB1	1227	3	A	0	0	3	23
A_PB1	1228	3	A	0	0	3	35
A_PB1	1229	3	T	0	0	3	33.6666666666667
A_PB1	1230	3	A	0	0	3	37.3333333333333
A_PB1	1231	2	C	0	0	2	37
A_PB1	1232	3	A	0	0	3	36
A_PB1	1233	3	A	0	0	3	37.3333333333333
A_PB1	1234	3	G	0	0	3	37
A_PB1	1235	3	C	0	0	3	35
A_PB1	1236	3	A	0	0	3	26.3333333333333
A_PB1	1237	3	G	0	0	3	28.6666666666667
A_PB1	1238	3	G	0	0	3	28.6666666666667
A_PB1	1239	3	A	0	0	3	27.6666666666667
A_PB1	1240	3	G	0	0	3	28
A_PB1	1241	2	T	0	0	2	27
A_PB1	1242	3	G	0	0	3	31.6666666666667
A_PB1	1243	3	G	0	0	3	27
A_PB1	1244	3	A	0	0	3	27
A_PB1	1245	3	C	0	0	2	26.5
A_PB1	1246	3	A	0	0	3	32
A_PB1	1247	4	G	0	0	4	29
A_PB1	1248	4	A	0	0	4	29.5
A_PB1	1249	4	T	0	0	4	30.75
A_PB1	1250	4	T	0	0	4	35.25
A_PB1	1251	4	C	0	0	4	31.5
A_PB1	1252	4	T	0	0	4	36.5
A_PB1	1253	4	A	0	0	4	35.75
A_PB1	1254	4	T	0	0	2	37.5
A_PB1	1255	4	A	0	0	4	30.75
A_PB1	1256	4	G	0	0	4	35.5
A_PB1	1257	4	G	0	0	4	35.25
A_PB1	1258	4	A	0	0	4	31.25
A_PB1	1259	4	C	0	0	4	35
A_PB1	1260	4	C	0	0	2	37.5
A_PB1	1261	4	T	0	0	4	36.5
A_PB1	1262	4	G	0	0	4	36.5
A_PB1	1263	4	C	0	0	4	27.75
A_PB1	1264	4	A	0	0	4	32.75
A_PB1	1265	4	A	0	0	4	27.5
A_PB1	1266	4	G	0	0	2	35
A_PB1	1267	4	T	0	0	2	35
A_PB1	1268	4	T	0	0	4	37.75
A_PB1	1269	4	G	0	0	2	39
A_PB1	1270	4	G	0	0	4	32.75
A_PB1	1271	4	T	0	0	4	37
A_PB1	1272	4	G	0	0	2	37.5
A_PB1	1273	4	G	0	0	4	38.25
A_PB1	1274	4	G	0	0	4	37.5
A_PB1	1275	4	A	0	0	2	39
A_PB1	1276	4	A	0	0	4	35.5
A_PB1	1277	4	T	0	0	4	37.5
A_PB1	1278	4	C	0	0	4	37
A_PB1	1279	4	A	0	0	4	38.5
A_PB1	1280	5	A	0	0	5	38.2
A_PB1	1281	5	C	0	0	5	37
A_PB1	1282	5	A	0	0	5	34
A_PB1	1283	5	T	0	0	5	38.2
A_PB1	1284	5	G	0	0	5	37.6
A_PB1	1285	5	A	0	0	5	33.2
A_PB1	1286	5	G	0	0	5	36.2
A_PB1	1287	5	C	0	0	5	33.4
A_PB1	1288	5	A	0	0	5	34.2
A_PB1	1289	5	A	0	0	5	33.6
A_PB1	1290	5	A	0	0	5	33
A_PB1	1291	5	A	0	0	5	34
A_PB1	1292	5	A	0	0	5	38
A_PB1	1293	5	G	0	0	5	31.6
A_PB1	1294	5	A	0	0	5	33.6
A_PB1	1295	5	A	0	0	5	36.8
A_PB1	1296	5	G	0	0	5	37.8
A_PB1	1297	5	T	0	0	5	37.2
A_PB1	1298	6	C	0	0	6	37.1666666666667
A_PB1	1299	6	C	0	0	4	31.25
A_PB1	1300	6	T	0	0	6	37.5
A_PB1	1301	7	A	0	0	7	36.8571428571429
A_PB1	1302	7	T	0	0	5	36.4
A_PB1	1303	7	A	0	0	7	34.8571428571429
A_PB1	1304	7	T	0	0	7	34.7142857142857
A_PB1	1305	7	A	0	0	7	36.8571428571429
A_PB1	1306	7	A	0	0	7	32.8571428571429
A_PB1	1307	7	A	0	0	7	35.2857142857143
A_PB1	1308	7	T	0	0	5	37.2
A_PB1	1309	7	A	0	0	5	37.4
A_PB1	1310	7	A	0	0	5	38
A_PB1	1311	7	G	0	0	7	34.4285714285714
A_PB1	1312	7	A	0	0	7	34
A_PB1	1313	7	C	0	0	7	34.7142857142857
A_PB1	1314	7	A	0	0	7	34
A_PB1	1315	7	G	0	0	7	37
A_PB1	1316	7	G	0	0	7	34.5714285714286
A_PB1	1317	7	G	0	0	5	37.6
A_PB1	1318	7	A	0	0	7	38.1428571428571
A_PB1	1319	7	C	0	0	7	38.5714285714286
A_PB1	1320	7	A	0	0	7	37.1428571428571
A_PB1	1321	7	T	0	0	7	36
A_PB1	1322	7	T	0	0	7	35.1428571428571
A_PB1	1323	7	T	0	0	7	38
A_PB1	1324	7	G	0	0	7	34.8571428571429
A_PB1	1325	7	A	0	0	7	32.5714285714286
A_PB1	1326	7	A	0	0	5	37.2
A_PB1	1327	7	T	0	0	7	37.4285714285714
A_PB1	1328	7	T	0	0	7	38
A_PB1	1329	7	C	0	0	7	34.1428571428571
A_PB1	1330	7	A	0	0	6	36.5
A_PB1	1331	7	C	0	0	7	37.2857142857143
A_PB1	1332	7	A	0	0	7	38.2857142857143
A_PB1	1333	7	A	0	0	7	37.8571428571429
A_PB1	1334	7	G	0	0	7	35
A_PB1	1335	7	C	0	0	7	33.8571428571429
A_PB1	1336	7	T	0	0	7	35.7142857142857
A_PB1	1337	7	T	0	0	7	35.4285714285714
A_PB1	1338	7	T	0	0	5	38.4
A_PB1	1339	7	T	0	0	7	37.8571428571429
A_PB1	1340	7	T	0	0	7	38.1428571428571
A_PB1	1341	7	T	0	0	5	37.6
A_PB1	1342	7	T	0	0	7	34.8571428571429
A_PB1	1343	7	A	0	0	7	37.7142857142857
A_PB1	1344	7	T	0	0	7	35.7142857142857
A_PB1	1345	7	C	0	0	7	36.7142857142857
A_PB1	1346	7	G	0	0	7	38
A_PB1	1347	7	T	0	0	5	37.4
A_PB1	1348	7	T	0	0	7	34.8571428571429
A_PB1	1349	7	A	0	0	7	37.2857142857143
A_PB1	1350	7	T	0	0	7	35.1428571428571
A_PB1	1351	7	G	0	0	7	35.1428571428571
A_PB1	1352	7	G	0	0	7	37
A_PB1	1353	7	A	0	0	7	34.8571428571429
A_PB1	1354	7	T	0	0	6	38.3333333333333
A_PB1	1355	7	T	0	0	7	37.2857142857143
A_PB1	1356	7	T	0	0	7	35.4285714285714
A_PB1	1357	7	G	0	0	7	35.1428571428571
A_PB1	1358	7	T	0	0	7	37
A_PB1	1359	7	G	0	0	7	36.5714285714286
A_PB1	1360	7	G	0	0	7	33.8571428571429
A_PB1	1361	7	C	0	0	7	34.7142857142857
A_PB1	1362	7	C	0	0	5	38.2
A_PB1	1363	7	A	0	0	7	38.2857142857143
A_PB1	1364	7	A	0	0	7	35.5714285714286
A_PB1	1365	7	T	0	0	5	38.8
A_PB1	1366	7	T	0	0	7	35.8571428571429
A_PB1	1367	7	T	0	0	7	38.5714285714286
A_PB1	1368	8	T	0	0	6	38.6666666666667
A_PB1	1369	8	A	0	0	8	36.25
A_PB1	1370	8	G	0	0	8	38.25
A_PB1	1371	8	C	0	0	6	38
A_PB1	1372	8	A	0	0	8	36.375
A_PB1	1373	8	T	0	0	8	36.375
A_PB1	1374	8	G	0	0	8	36.125
A_PB1	1375	8	G	0	0	8	36
A_PB1	1376	8	A	0	0	7	38.5714285714286
A_PB1	1377	8	G	0	0	8	34.875
A_PB1	1378	8	C	0	0	7	37.5714285714286
A_PB1	1379	8	T	0	0	8	38.125
A_PB1	1380	8	A	0	0	6	38.3333333333333
A_PB1	1381	8	C	0	0	8	37
A_PB1	1382	8	C	0	0	8	35.75
A_PB1	1383	8	C	0	0	8	32.375
A_PB1	1384	8	A	0	0	8	37.25
A_PB1	1385	9	G	0	0	9	34.1111111111111
A_PB1	1386	9	C	0	0	9	35.5555555555556
A_PB1	1387	9	T	0	0	8	37.625
A_PB1	1388	9	T	0	0	9	34.6666666666667
A_PB1	1389	9	T	0	0	9	37
A_PB1	1390	9	G	0	0	9	36.8888888888889
A_PB1	1391	9	G	0	0	9	36
A_PB1	1392	9	A	0	0	9	37.3333333333333
A_PB1	1393	9	G	0	0	9	37.3333333333333
A_PB1	1394	8	T	0	0	8	36.875
A_PB1	1395	8	G	0	0	8	37.5
A_PB1	1396	8	T	0	0	8	37.625
A_PB1	1397	7	C	0	0	7	36.1428571428571
A_PB1	1398	7	T	0	0	7	38.5714285714286
A_PB1	1399	7	G	0	0	7	38.2857142857143
A_PB1	1400	7	G	0	0	7	34.8571428571429
A_PB1	1401	7	G	0	0	4	38.5
A_PB1	1402	7	A	0	0	6	37.8333333333333
A_PB1	1403	7	T	0	0	7	38.5714285714286
A_PB1	1404	7	A	0	0	5	30.4
A_PB1	1405	7	A	0	0	7	37
A_PB1	1406	7	A	0	0	7	37.5714285714286
A_PB1	1407	7	T	0	0	7	37.8571428571429
A_PB1	1408	7	G	0	0	7	37.7142857142857
A_PB1	1409	7	A	0	0	7	37.2857142857143
A_PB1	1410	7	A	0	0	7	37.8571428571429
A_PB1	1411	7	T	0	0	7	35.1428571428571
A_PB1	1412	7	C	0	0	7	37.7142857142857
A_PB1	1413	7	A	0	0	7	35.7142857142857
A_PB1	1414	7	G	0	0	7	38.7142857142857
A_PB1	1415	7	C	0	0	7	38.4285714285714
A_PB1	1416	7	T	0	0	7	37.5714285714286
A_PB1	1417	7	G	0	0	7	38.2857142857143
A_PB1	1418	7	A	0	0	7	38.5714285714286
A_PB1	1419	7	C	0	0	7	37.7142857142857
A_PB1	1420	7	A	0	0	7	35.7142857142857
A_PB1	1421	7	T	0	0	7	38.2857142857143
A_PB1	1422	8	G	0	0	8	36.75
A_PB1	1423	8	A	0	0	8	35.25
A_PB1	1424	8	G	0	0	8	34.625
A_PB1	1425	8	T	0	0	6	32.6666666666667
A_PB1	1426	8	A	0	0	8	32.625
A_PB1	1427	8	T	0	0	8	35.375
A_PB1	1428	8	T	0	0	8	36.75
A_PB1	1429	8	G	0	0	8	34.625
A_PB1	1430	9	G	0	0	9	35
A_PB1	1431	8	A	0	0	8	37.125
A_PB1	1432	8	G	0	0	8	37.125
A_PB1	1433	8	T	0	0	8	34.125
A_PB1	1434	8	A	0	0	5	33.6
A_PB1	1435	8	A	0	0	8	37.125
A_PB1	1436	8	C	0	0	8	35.75
A_PB1	1437	8	A	0	0	8	35.5
A_PB1	1438	9	G	0	0	9	35.4444444444444
A_PB1	1439	9	T	0	0	9	35.3333333333333
A_PB1	1440	12	G	0	0	12	35.6666666666667
A_PB1	1441	12	A	0	0	12	35
A_PB1	1442	12	T	0	0	12	36.9166666666667
A_PB1	1443	12	A	0	0	12	37
A_PB1	1444	12	A	0	0	12	36.75
A_PB1	1445	11	A	0	0	11	37.8181818181818
A_PB1	1446	11	G	0	0	11	37.8181818181818
A_PB1	1447	11	A	0	0	11	37.9090909090909
A_PB1	1448	11	A	0	0	11	38.1818181818182
A_PB1	1449	10	C	0	0	10	38.2
A_PB1	1450	10	A	0	0	10	38.1
A_PB1	1451	11	A	0	0	11	37.5454545454545
A_PB1	1452	10	C	0	0	10	38
A_PB1	1453	10	A	0	0	10	38.2
A_PB1	1454	10	T	0	0	10	36
A_PB1	1455	10	G	0	0	10	38
A_PB1	1456	10	A	0	0	10	37.8
A_PB1	1457	10	T	0	0	10	37.9
A_PB1	1458	10	A	0	0	10	38.3
A_PB1	1459	10	A	0	0	10	37.9
A_PB1	1460	10	A	0	0	10	38.1
A_PB1	1461	10	C	0	0	9	38.1111111111111
A_PB1	1462	10	A	0	0	10	38.6
A_PB1	1463	10	A	0	0	10	38.3
A_PB1	1464	10	T	0	0	10	38
A_PB1	1465	10	G	0	0	10	38.2
A_PB1	1466	11	A	0	0	11	38
A_PB1	1467	12	C	0	0	12	35.8333333333333
A_PB1	1468	12	C	0	0	12	36.1666666666667
A_PB1	1469	12	T	0	0	12	36.1666666666667
A_PB1	1470	12	T	0	0	12	38.1666666666667
A_PB1	1471	12	G	0	0	12	37.9166666666667
A_PB1	1472	12	G	0	0	12	35.6666666666667
A_PB1	1473	13	A	0	0	13	37
A_PB1	1474	13	C	0	0	13	35.9230769230769
A_PB1	1475	13	C	0	0	13	36
A_PB1	1476	12	A	0	0	7	37.1428571428571
A_PB1	1477	12	G	0	0	12	35.6666666666667
A_PB1	1478	12	C	0	0	12	38.1666666666667
A_PB1	1479	12	A	0	0	12	38.25
A_PB1	1480	12	A	0	0	12	36.5833333333333
A_PB1	1481	12	C	0	0	12	38.5833333333333
A_PB1	1482	12	A	0	0	7	38.1428571428571
A_PB1	1483	12	G	0	0	12	37.5
A_PB1	1484	12	C	0	0	12	37.5
A_PB1	1485	12	T	0	0	7	37.5714285714286
A_PB1	1486	12	C	0	0	11	35.2727272727273
A_PB1	1487	12	A	0	0	12	38.4166666666667
A_PB1	1488	12	A	0	0	7	38.4285714285714
A_PB1	1489	12	A	0	0	12	38.5
A_PB1	1490	12	T	0	0	12	37.9166666666667
A_PB1	1491	12	G	0	0	12	36.5833333333333
A_PB1	1492	12	G	0	0	12	36.1666666666667
A_PB1	1493	12	C	0	0	12	36.0833333333333
A_PB1	1494	12	C	0	0	7	38.7142857142857
A_PB1	1495	12	C	0	0	12	36.5
A_PB1	1496	12	T	0	0	12	37.6666666666667
A_PB1	1497	12	T	0	0	12	36.8333333333333
A_PB1	1498	12	C	0	0	12	36.75
A_PB1	1499	12	A	0	0	11	36.7272727272727
A_PB1	1500	12	A	0	0	12	38.25
A_PB1	1501	12	T	0	0	12	38.1666666666667
A_PB1	1502	12	T	0	0	12	38.6666666666667
A_PB1	1503	12	A	0	0	7	38.8571428571429
A_PB1	1504	12	T	0	0	12	37.6666666666667
A_PB1	1505	12	T	0	0	12	36.6666666666667
A_PB1	1506	12	C	0	0	12	36.5
A_PB1	1507	12	A	0	0	12	36.75
A_PB1	1508	12	T	0	0	12	38
A_PB1	1509	12	C	0	0	12	36.6666666666667
A_PB1	1510	12	A	0	0	12	38.0833333333333
A_PB1	1511	12	A	0	0	12	36.3333333333333
A_PB1	1512	11	G	0	0	7	38.8571428571429
A_PB1	1513	11	G	0	0	11	36.4545454545455
A_PB1	1514	11	A	0	0	11	38.2727272727273
A_PB1	1515	11	C	0	0	8	37.875
A_PB1	1516	11	T	0	0	11	37.7272727272727
A_PB1	1517	11	A	0	0	11	38.8181818181818
A_PB1	1518	12	C	0	0	9	38.1111111111111
A_PB1	1519	12	A	0	0	12	38.25
A_PB1	1520	12	G	0	0	12	37.6666666666667
A_PB1	1521	13	G	0	0	10	36.9
A_PB1	1522	13	T	0	0	13	37.2307692307692
A_PB1	1523	13	A	0	0	13	37.0769230769231
A_PB1	1524	13	C	0	0	10	37.8
A_PB1	1525	13	A	0	0	13	38.0769230769231
A_PB1	1526	13	C	0	0	13	38.1538461538462
A_PB1	1527	13	G	0	0	10	36.5
A_PB1	1528	13	T	0	0	13	34.7692307692308
A_PB1	1529	13	A	0	0	13	37.6153846153846
A_PB1	1530	13	C	0	0	13	37.9230769230769
A_PB1	1531	13	C	0	0	10	37.2
A_PB1	1532	13	G	0	0	13	37.1538461538462
A_PB1	1533	13	A	0	0	10	37.8
A_PB1	1534	13	T	0	0	13	37.6153846153846
A_PB1	1535	13	G	0	0	13	38.3076923076923
A_PB1	1536	13	C	0	0	13	38.0769230769231
A_PB1	1537	13	C	0	0	13	38.7692307692308
A_PB1	1538	13	A	0	0	13	37.7692307692308
A_PB1	1539	13	C	0	0	10	38.3
A_PB1	1540	13	A	0	0	13	38.4615384615385
A_PB1	1541	13	G	0	0	10	38.5
A_PB1	1542	13	A	0	0	9	37.6666666666667
A_PB1	1543	13	G	0	0	13	38.4615384615385
A_PB1	1544	13	G	0	0	13	38.3076923076923
A_PB1	1545	13	T	0	0	10	38.4
A_PB1	1546	15	G	0	0	15	37.2
A_PB1	1547	15	A	0	0	15	36.3333333333333
A_PB1	1548	15	C	0	0	15	38.4
A_PB1	1549	15	A	0	0	15	38.7333333333333
A_PB1	1550	15	C	0	0	15	38.7333333333333
A_PB1	1551	15	A	0	0	15	37.8666666666667
A_PB1	1552	15	C	0	0	15	37.7333333333333
A_PB1	1553	15	A	0	0	15	37.9333333333333
A_PB1	1554	15	A	0	0	10	38.1
A_PB1	1555	15	A	0	0	15	38.0666666666667
A_PB1	1556	15	T	0	0	15	38.2666666666667
A_PB1	1557	15	T	0	0	15	37.1333333333333
A_PB1	1558	15	C	0	0	15	38.1333333333333
A_PB1	1559	15	A	0	0	15	38.0666666666667
A_PB1	1560	15	A	0	0	10	36.2
A_PB1	1561	15	A	0	0	15	38.4666666666667
A_PB1	1562	15	C	0	0	15	35.8666666666667
A_PB1	1563	15	G	0	0	10	37.4
A_PB1	1564	15	A	0	0	15	37.6666666666667
A_PB1	1565	15	G	0	0	15	38.1333333333333
A_PB1	1566	15	G	0	0	10	37.5
A_PB1	1567	15	A	0	0	15	36.7333333333333
A_PB1	1568	15	G	0	0	15	36.2666666666667
A_PB1	1569	15	A	0	0	15	35.3333333333333
A_PB1	1570	15	T	0	0	15	37.8666666666667
A_PB1	1571	15	C	0	0	15	37.2666666666667
A_PB1	1572	14	G	0	0	10	36.3
A_PB1	1573	14	T	0	0	14	38.1428571428571
A_PB1	1574	14	T	0	0	14	37.7857142857143
A_PB1	1575	14	C	0	0	10	36
A_PB1	1576	14	G	0	0	14	38.1428571428571
A_PB1	1577	14	A	0	0	14	35.7857142857143
A_PB1	1578	14	G	0	0	14	37.5714285714286
A_PB1	1579	14	C	0	0	10	38.1
A_PB1	1580	14	T	0	0	14	38
A_PB1	1581	14	G	0	0	10	38.5
A_PB1	1582	14	A	0	0	14	35.2857142857143
A_PB1	1583	14	A	0	0	14	38.1428571428571
A_PB1	1584	14	G	0	0	14	38.1428571428571
A_PB1	1585	14	A	0	0	14	38.7142857142857
A_PB1	1586	14	A	0	0	14	38
A_PB1	1587	14	G	0	0	14	38.2142857142857
A_PB1	1588	12	C	0	0	12	38.25
A_PB1	1589	12	T	0	0	12	38.25
A_PB1	1590	10	G	0	0	8	38.75
A_PB1	1591	10	T	0	0	10	38.4
A_PB1	1592	10	G	0	0	10	35.4
A_PB1	1593	10	G	0	0	10	38.6
A_PB1	1594	10	G	0	0	10	37.5
A_PB1	1595	10	A	0	0	10	38
A_PB1	1596	10	G	0	0	8	38
A_PB1	1597	10	C	0	0	10	37.6
A_PB1	1598	10	A	0	0	10	38.2
A_PB1	1599	10	G	0	0	8	37.75
A_PB1	1600	10	A	0	0	10	37.8
A_PB1	1601	9	C	0	0	9	37.8888888888889
A_PB1	1602	9	C	0	0	7	36.8571428571429
A_PB1	1603	8	C	0	0	8	38.5
A_PB1	1604	8	G	0	0	6	38.5
A_PB1	1605	8	T	0	0	6	37.3333333333333
A_PB1	1606	11	T	0	0	11	38.2727272727273
A_PB1	1607	11	C	0	0	11	36.2727272727273
A_PB1	1608	11	A	0	0	11	36.3636363636364
A_PB1	1609	11	A	0	0	11	36.2727272727273
A_PB1	1610	11	A	0	0	11	38.4545454545455
A_PB1	1611	12	G	0	0	12	38.3333333333333
A_PB1	1612	13	G	0	0	13	36
A_PB1	1613	13	C	0	0	8	37.75
A_PB1	1614	13	A	0	0	13	37.7692307692308
A_PB1	1615	13	G	0	0	13	37.1538461538462
A_PB1	1616	13	G	0	0	13	35.7692307692308
A_PB1	1617	12	A	0	0	7	37.1428571428571
A_PB1	1618	12	C	0	0	12	38.1666666666667
A_PB1	1619	12	T	0	0	12	37.8333333333333
A_PB1	1620	12	G	0	0	12	36.6666666666667
A_PB1	1621	12	T	0	0	12	36.3333333333333
A_PB1	1622	12	T	0	0	12	38.0833333333333
A_PB1	1623	12	G	0	0	7	38.5714285714286
A_PB1	1624	13	G	0	0	13	36.8461538461538
A_PB1	1625	13	T	0	0	13	35.6923076923077
A_PB1	1626	13	G	0	0	8	36.75
A_PB1	1627	14	T	0	0	14	36.7142857142857
A_PB1	1628	14	C	0	0	14	35
A_PB1	1629	14	A	0	0	14	36.5714285714286
A_PB1	1630	14	G	0	0	14	36.5
A_PB1	1631	15	A	0	0	15	37.1333333333333
A_PB1	1632	15	T	0	0	15	35.3333333333333
A_PB1	1633	15	G	0	0	15	36.2666666666667
A_PB1	1634	15	G	0	0	15	33.6666666666667
A_PB1	1635	15	A	0	0	15	36.0666666666667
A_PB1	1636	15	G	0	0	15	36.6666666666667
A_PB1	1637	15	G	0	0	15	37.0666666666667
A_PB1	1638	15	A	0	0	15	35.4
A_PB1	1639	15	C	0	0	15	37.6666666666667
A_PB1	1640	15	C	0	0	15	36.8
A_PB1	1641	15	A	0	0	15	36.2
A_PB1	1642	20	A	0	0	20	36.55
A_PB1	1643	20	A	0	0	20	35.75
A_PB1	1644	21	C	0	0	21	37.3333333333333
A_PB1	1645	22	C	0	0	16	36.25
A_PB1	1646	21	T	0	0	20	37.35
A_PB1	1647	21	A	0	0	21	36.0476190476191
A_PB1	1648	21	T	0	0	21	34.9523809523809
A_PB1	1649	21	A	0	0	21	36.1904761904762
A_PB1	1650	22	C	0	0	22	36.3181818181818
A_PB1	1651	22	A	0	0	22	37.0454545454545
A_PB1	1652	22	A	0	0	22	35.5
A_PB1	1653	21	C	0	0	21	37.9047619047619
A_PB1	1654	21	A	0	0	21	35.4761904761905
A_PB1	1655	21	T	0	0	21	37.2857142857143
A_PB1	1656	21	T	0	0	12	36.5
A_PB1	1657	21	C	0	0	19	38.1578947368421
A_PB1	1658	21	G	0	0	21	38.4761904761905
A_PB1	1659	21	A	0	0	11	38.3636363636364
A_PB1	1660	21	A	0	0	21	37.2857142857143
A_PB1	1661	21	A	0	0	21	36.8095238095238
A_PB1	1662	22	T	0	0	22	38.2727272727273
A_PB1	1663	22	C	0	0	22	37.1363636363636
A_PB1	1664	22	T	0	0	22	38.5
A_PB1	1665	22	C	0	0	22	38.5454545454545
A_PB1	1666	22	C	0	0	22	38.6363636363636
A_PB1	1667	22	A	0	0	22	37
A_PB1	1668	22	T	0	0	14	38.7857142857143
A_PB1	1669	21	A	0	0	21	37.9047619047619
A_PB1	1670	23	T	0	0	23	37.1304347826087
A_PB1	1671	23	T	0	0	23	37.8695652173913
A_PB1	1672	22	C	0	0	22	35.4545454545455
A_PB1	1673	22	C	0	0	22	36.1363636363636
A_PB1	1674	22	A	0	0	16	38.25
A_PB1	1675	22	G	0	0	21	38.4285714285714
A_PB1	1676	22	A	0	0	22	37.5454545454545
A_PB1	1677	22	G	0	0	16	37.0625
A_PB1	1678	23	G	0	0	22	37.0454545454545
A_PB1	1679	23	T	0	0	21	36.2857142857143
A_PB1	1680	23	C	0	0	23	35.3478260869565
A_PB1	1681	23	T	0	0	23	37.1739130434783
A_PB1	1682	23	G	0	0	23	37.8695652173913
A_PB1	1683	23	C	0	0	23	35.695652173913
A_PB1	1684	23	C	0	0	17	37.5882352941176
A_PB1	1685	23	T	0	0	23	36.5217391304348
A_PB1	1686	24	G	0	0	18	37
A_PB1	1687	24	A	0	0	24	36.4166666666667
A_PB1	1688	24	A	0	0	24	37.875
A_PB1	1689	24	G	0	0	16	36.9375
A_PB1	1690	24	T	0	0	24	35.6666666666667
A_PB1	1691	24	G	0	0	24	35.5833333333333
A_PB1	1692	24	G	0	0	24	35.75
A_PB1	1693	24	G	0	0	24	34.0833333333333
A_PB1	1694	24	A	0	0	24	35.7916666666667
A_PB1	1695	24	G	0	0	24	35.5
A_PB1	1696	24	C	0	0	23	36.304347826087
A_PB1	1697	24	T	0	0	24	37.5833333333333
A_PB1	1698	23	G	0	0	17	37.1764705882353
A_PB1	1699	23	A	0	0	23	36.8260869565217
A_PB1	1700	23	T	0	0	23	34.9565217391304
A_PB1	1701	23	G	0	0	22	36.9545454545455
A_PB1	1702	23	G	0	0	22	36.8636363636364
A_PB1	1703	23	A	0	0	23	37
A_PB1	1704	22	C	0	0	17	36.7058823529412
A_PB1	1705	22	G	0	0	22	36.5909090909091
A_PB1	1706	22	A	0	0	22	34.7727272727273
A_PB1	1707	22	A	0	0	17	35.2941176470588
A_PB1	1708	22	G	0	0	22	36.0909090909091
A_PB1	1709	22	A	0	0	22	35.8636363636364
A_PB1	1710	22	C	0	0	17	36.4705882352941
A_PB1	1711	22	T	0	0	22	35.7727272727273
A_PB1	1712	22	A	0	0	22	36.5909090909091
A_PB1	1713	22	C	0	0	17	34.2941176470588
A_PB1	1714	22	C	0	0	17	36
A_PB1	1715	22	A	0	0	22	36.0909090909091
A_PB1	1716	22	G	0	0	17	37.9411764705882
A_PB1	1717	22	G	0	0	22	35.8636363636364
A_PB1	1718	22	G	0	0	21	33.9047619047619
A_PB1	1719	22	C	0	0	17	35.2352941176471
A_PB1	1720	22	A	0	0	22	37.4545454545455
A_PB1	1721	22	G	0	0	22	37.4545454545455
A_PB1	1722	22	A	0	0	17	37.0588235294118
A_PB1	1723	22	T	0	0	17	35.3529411764706
A_PB1	1724	22	T	0	0	22	36.5
A_PB1	1725	22	G	0	0	17	37.2941176470588
A_PB1	1726	25	T	0	0	25	35.92
A_PB1	1727	25	G	0	0	25	35.48
A_PB1	1728	25	T	0	0	23	35.304347826087
A_PB1	1729	25	A	0	0	25	36.4
A_PB1	1730	25	A	0	0	25	35.56
A_PB1	1731	25	T	0	0	21	34.6666666666667
A_PB1	1732	25	C	0	0	25	35.8
A_PB1	1733	25	C	0	0	25	35.76
A_PB1	1734	25	T	0	0	17	37.9411764705882
A_PB1	1735	25	C	0	0	24	36.0416666666667
A_PB1	1736	25	T	0	0	25	36.6
A_PB1	1737	25	G	0	0	25	35.48
A_PB1	1738	25	A	0	0	25	37.92
A_PB1	1739	25	A	0	0	25	34.08
A_PB1	1740	25	T	0	0	25	36.4
A_PB1	1741	25	C	0	0	25	37.56
A_PB1	1742	25	C	0	0	25	37.16
A_PB1	1743	25	A	0	0	17	37.4117647058824
A_PB1	1744	25	T	0	0	25	35.68
A_PB1	1745	25	T	0	0	25	36.88
A_PB1	1746	25	T	0	0	25	36.48
A_PB1	1747	25	G	0	0	25	36.92
A_PB1	1748	25	T	0	0	25	36.84
A_PB1	1749	25	C	0	0	25	36.76
A_PB1	1750	25	A	0	0	25	36.44
A_PB1	1751	24	G	0	0	24	36.875
A_PB1	1752	24	T	0	0	17	36.1176470588235
A_PB1	1753	25	C	0	0	25	36.48
A_PB1	1754	25	A	0	0	25	36.2
A_PB1	1755	25	T	0	0	25	37.56
A_PB1	1756	25	A	0	0	25	37
A_PB1	1757	25	A	0	0	25	35.36
A_PB1	1758	25	A	0	0	25	37.08
A_PB1	1759	26	G	0	0	26	35.1923076923077
A_PB1	1760	25	A	0	0	25	35.2
A_PB1	1761	24	A	0	0	18	37.2222222222222
A_PB1	1762	24	A	0	0	24	37.2083333333333
A_PB1	1763	24	T	0	0	24	36.125
A_PB1	1764	24	T	0	0	24	37.125
A_PB1	1765	24	G	0	0	24	35.75
A_PB1	1766	24	A	0	0	24	36.625
A_PB1	1767	23	G	0	0	17	37.4705882352941
A_PB1	1768	23	T	0	0	23	35.8260869565217
A_PB1	1769	23	C	0	0	22	37.2272727272727
A_PB1	1770	23	C	0	0	17	36.2941176470588
A_PB1	1771	23	G	0	0	23	35.8695652173913
A_PB1	1772	23	T	0	0	23	37.3478260869565
A_PB1	1773	23	A	0	0	23	36.7391304347826
A_PB1	1774	23	A	0	0	23	36.2173913043478
A_PB1	1775	23	A	0	0	23	37.2608695652174
A_PB1	1776	23	C	0	0	23	36.2608695652174
A_PB1	1777	23	A	0	0	23	38.2173913043478
A_PB1	1778	23	A	0	0	23	37.7391304347826
A_PB1	1779	23	T	0	0	23	35.3478260869565
A_PB1	1780	23	G	0	0	23	37.304347826087
A_PB1	1781	23	C	0	0	23	37.6086956521739
A_PB1	1782	23	T	0	0	23	38.1304347826087
A_PB1	1783	23	G	0	0	23	37.3478260869565
A_PB1	1784	23	T	0	0	23	38.2173913043478
A_PB1	1785	23	G	0	0	23	38.2173913043478
A_PB1	1786	23	G	0	0	17	38
A_PB1	1787	24	T	0	0	24	36.0416666666667
A_PB1	1788	24	A	0	0	24	37.7916666666667
A_PB1	1789	24	A	0	0	24	37.2916666666667
A_PB1	1790	24	T	0	0	24	37.5416666666667
A_PB1	1791	24	G	0	0	24	37.125
A_PB1	1792	22	C	0	0	22	35.8181818181818
A_PB1	1793	20	C	0	0	20	36.2
A_PB1	1794	19	A	0	0	18	38.4444444444444
A_PB1	1795	19	G	0	0	19	37.8421052631579
A_PB1	1796	19	C	0	0	19	34.7368421052632
A_PB1	1797	19	C	0	0	19	37.7368421052632
A_PB1	1798	19	C	0	0	19	38.0526315789474
A_PB1	1799	19	A	0	0	19	36.2631578947368
A_PB1	1800	16	T	0	0	12	37.3333333333333
A_PB1	1801	16	G	0	0	16	37.5
A_PB1	1802	19	G	0	0	19	35.7894736842105
A_PB1	1803	19	T	0	0	19	34.6842105263158
A_PB1	1804	19	C	0	0	19	34.8421052631579
A_PB1	1805	19	C	0	0	19	34.0526315789474
A_PB1	1806	18	A	0	0	14	36.3571428571429
A_PB1	1807	18	G	0	0	18	36.0555555555556
A_PB1	1808	18	C	0	0	18	36.5555555555556
A_PB1	1809	18	C	0	0	18	35.8333333333333
A_PB1	1810	18	A	0	0	18	37.1666666666667
A_PB1	1811	17	A	0	0	17	37.4705882352941
A_PB1	1812	17	G	0	0	13	35.6923076923077
A_PB1	1813	16	A	0	0	16	36.1875
A_PB1	1814	16	G	0	0	16	37.0625
A_PB1	1815	16	C	0	0	16	36.5625
A_PB1	1816	15	A	0	0	15	37.6
A_PB1	1817	15	T	0	0	15	36.6
A_PB1	1818	15	G	0	0	15	37.6666666666667
A_PB1	1819	15	G	0	0	15	36.8
A_PB1	1820	16	A	0	0	16	37.8125
A_PB1	1821	17	A	0	0	17	37.7647058823529
A_PB1	1822	17	T	0	0	17	36.7058823529412
A_PB1	1823	16	A	0	0	16	37.625
A_PB1	1824	16	T	0	0	16	37.6875
A_PB1	1825	16	G	0	0	16	37.9375
A_PB1	1826	16	A	0	0	16	37.4375
A_PB1	1827	16	T	0	0	16	37.8125
A_PB1	1828	14	G	0	0	14	38.0714285714286
A_PB1	1829	14	C	0	0	14	37.2142857142857
A_PB1	1830	14	C	0	0	8	35.625
A_PB1	1831	14	G	0	0	14	37.0714285714286
A_PB1	1832	14	T	0	0	14	35.6428571428571
A_PB1	1833	14	T	0	0	14	36.1428571428571
A_PB1	1834	14	G	0	0	14	37.1428571428571
A_PB1	1835	14	C	0	0	14	36.2857142857143
A_PB1	1836	14	G	0	0	10	35.7
A_PB1	1837	13	A	0	0	13	36.9230769230769
A_PB1	1838	13	C	0	0	13	37.7692307692308
A_PB1	1839	13	T	0	0	13	37.6923076923077
A_PB1	1840	13	A	0	0	13	37.4615384615385
A_PB1	1841	13	C	0	0	13	38.5384615384615
A_PB1	1842	13	A	0	0	13	38.6153846153846
A_PB1	1843	13	C	0	0	13	38.6923076923077
A_PB1	1844	13	A	0	0	13	38.1538461538462
A_PB1	1845	13	C	0	0	9	37.5555555555556
A_PB1	1846	13	T	0	0	13	38.0769230769231
A_PB1	1847	13	C	0	0	13	38.3846153846154
A_PB1	1848	13	A	0	0	9	38.3333333333333
A_PB1	1849	13	T	0	0	13	38
A_PB1	1850	13	G	0	0	13	36.5384615384615
A_PB1	1851	12	G	0	0	12	36.6666666666667
A_PB1	1852	12	A	0	0	9	36
A_PB1	1853	13	T	0	0	13	37.4615384615385
A_PB1	1854	13	C	0	0	9	37.7777777777778
A_PB1	1855	13	C	0	0	13	37.7692307692308
A_PB1	1856	13	C	0	0	13	37.8461538461538
A_PB1	1857	13	T	0	0	9	38
A_PB1	1858	13	A	0	0	13	36.6923076923077
A_PB1	1859	13	A	0	0	13	37.1538461538462
A_PB1	1860	13	A	0	0	9	38.6666666666667
A_PB1	1861	13	A	0	0	13	38.6153846153846
A_PB1	1862	13	G	0	0	13	36.6923076923077
A_PB1	1863	13	G	0	0	9	37.2222222222222
A_PB1	1864	14	A	0	0	14	37.3571428571429
A_PB1	1865	14	A	0	0	14	36.8571428571429
A_PB1	1866	14	C	0	0	14	38.2857142857143
A_PB1	1867	14	C	0	0	14	37.5714285714286
A_PB1	1868	14	G	0	0	14	37.7142857142857
A_PB1	1869	14	T	0	0	14	37.6428571428571
A_PB1	1870	14	T	0	0	14	37.4285714285714
A_PB1	1871	14	C	0	0	14	38.4285714285714
A_PB1	1872	14	C	0	0	10	38.4
A_PB1	1873	14	A	0	0	14	38.6428571428571
A_PB1	1874	15	T	0	0	15	38.4666666666667
A_PB1	1875	15	T	0	0	15	38.4666666666667
A_PB1	1876	15	C	0	0	15	37.0666666666667
A_PB1	1877	15	T	0	0	15	38.0666666666667
A_PB1	1878	15	C	0	0	15	38.4666666666667
A_PB1	1879	15	A	0	0	15	38.2
A_PB1	1880	15	A	0	0	15	38.0666666666667
A_PB1	1881	15	T	0	0	11	37.9090909090909
A_PB1	1882	14	A	0	0	14	38.2142857142857
A_PB1	1883	14	C	0	0	14	38.2857142857143
A_PB1	1884	14	C	0	0	10	38.1
A_PB1	1885	14	A	0	0	14	38.5
A_PB1	1886	14	G	0	0	14	38.5
A_PB1	1887	14	C	0	0	14	38.7142857142857
A_PB1	1888	14	C	0	0	14	38
A_PB1	1889	14	A	0	0	14	38.5714285714286
A_PB1	1890	14	A	0	0	14	38.3571428571429
A_PB1	1891	14	A	0	0	14	38.2857142857143
A_PB1	1892	14	G	0	0	14	38.1428571428571
A_PB1	1893	14	G	0	0	14	38.2142857142857
A_PB1	1894	14	G	0	0	14	37.5714285714286
A_PB1	1895	14	G	0	0	14	38.0714285714286
A_PB1	1896	14	A	0	0	13	38.3076923076923
A_PB1	1897	14	A	0	0	14	37.9285714285714
A_PB1	1898	14	T	0	0	14	37
A_PB1	1899	14	T	0	0	14	38.5714285714286
A_PB1	1900	14	C	0	0	14	38.5714285714286
A_PB1	1901	14	T	0	0	14	38.7142857142857
A_PB1	1902	14	T	0	0	14	38.1428571428571
A_PB1	1903	14	G	0	0	14	38.7142857142857
A_PB1	1904	14	A	0	0	14	37.7857142857143
A_PB1	1905	14	G	0	0	14	37.8571428571429
A_PB1	1906	13	G	0	0	13	38.1538461538462
A_PB1	1907	13	A	0	0	13	38.1538461538462
A_PB1	1908	13	T	0	0	13	38.3076923076923
A_PB1	1909	13	G	0	0	13	38.3076923076923
A_PB1	1910	14	A	0	0	14	37.5714285714286
A_PB1	1911	13	G	0	0	10	38.3
A_PB1	1912	13	C	0	0	13	38.2307692307692
A_PB1	1913	13	A	0	0	13	38.0769230769231
A_PB1	1914	13	G	0	0	13	37.7692307692308
A_PB1	1915	15	A	0	0	15	38.2
A_PB1	1916	15	T	0	0	15	36.4
A_PB1	1917	15	G	0	0	15	36.0666666666667
A_PB1	1918	15	T	0	0	15	35.5333333333333
A_PB1	1919	15	A	0	0	15	37.5333333333333
A_PB1	1920	15	C	0	0	12	34.9166666666667
A_PB1	1921	15	C	0	0	15	34
A_PB1	1922	15	A	0	0	15	37.3333333333333
A_PB1	1923	15	G	0	0	15	38.1333333333333
A_PB1	1924	15	A	0	0	15	37
A_PB1	1925	15	A	0	0	15	37.0666666666667
A_PB1	1926	14	A	0	0	11	37.8181818181818
A_PB1	1927	14	T	0	0	14	37.2142857142857
A_PB1	1928	14	G	0	0	14	37.7142857142857
A_PB1	1929	14	C	0	0	14	37.8571428571429
A_PB1	1930	16	T	0	0	16	34.5625
A_PB1	1931	16	G	0	0	16	36
A_PB1	1932	16	C	0	0	16	35.375
A_PB1	1933	16	A	0	0	16	35.5625
A_PB1	1934	15	G	0	0	13	36.7692307692308
A_PB1	1935	15	C	0	0	13	37.6153846153846
A_PB1	1936	15	C	0	0	15	34.3333333333333
A_PB1	1937	15	T	0	0	15	36.3333333333333
A_PB1	1938	15	A	0	0	13	35.3076923076923
A_PB1	1939	15	T	0	0	15	37.0666666666667
A_PB1	1940	15	T	0	0	15	38.1333333333333
A_PB1	1941	15	C	0	0	13	35.8461538461538
A_PB1	1942	16	G	0	0	16	37.125
A_PB1	1943	16	A	0	0	16	37.125
A_PB1	1944	16	G	0	0	16	38.6875
A_PB1	1945	16	A	0	0	16	38.5625
A_PB1	1946	15	A	0	0	15	36.6666666666667
A_PB1	1947	15	A	0	0	15	35.9333333333333
A_PB1	1948	15	T	0	0	15	35.5333333333333
A_PB1	1949	15	T	0	0	15	36.9333333333333
A_PB1	1950	15	C	0	0	13	35.8461538461538
A_PB1	1951	16	T	0	0	16	33.5
A_PB1	1952	16	T	0	0	16	35.1875
A_PB1	1953	16	C	0	0	16	33.5625
A_PB1	1954	16	C	0	0	16	33.25
A_PB1	1955	16	C	0	0	16	34.5625
A_PB1	1956	16	C	0	0	14	37
A_PB1	1957	16	A	0	0	16	35.1875
A_PB1	1958	16	G	0	0	16	36.0625
A_PB1	1959	16	T	0	0	14	31.7857142857143
A_PB1	1960	16	A	0	0	16	36
A_PB1	1961	16	G	0	0	16	36.625
A_PB1	1962	16	T	0	0	16	35.3125
A_PB1	1963	17	T	0	0	17	37.4705882352941
A_PB1	1964	17	C	0	0	17	35.0588235294118
A_PB1	1965	17	A	0	0	17	34.8235294117647
A_PB1	1966	18	T	0	0	18	34.2222222222222
A_PB1	1967	18	A	0	0	18	34.9444444444444
A_PB1	1968	18	C	0	0	15	34.9333333333333
A_PB1	1969	18	A	0	0	18	34.9444444444444
A_PB1	1970	18	G	0	0	18	37.4444444444444
A_PB1	1971	19	G	0	0	18	35.9444444444444
A_PB1	1972	18	A	0	0	18	36.4444444444444
A_PB1	1973	18	G	0	0	18	34.6666666666667
A_PB1	1974	18	A	0	0	17	36.0588235294118
A_PB1	1975	18	C	0	0	18	32.6111111111111
A_PB1	1976	18	C	0	0	18	34.3888888888889
A_PB1	1977	16	A	0	0	16	37.5625
A_PB1	1978	16	G	0	0	16	35.125
A_PB1	1979	16	T	0	0	15	34.2666666666667
A_PB1	1980	16	T	0	0	14	37.0714285714286
A_PB1	1981	16	G	0	0	16	35.4375
A_PB1	1982	16	G	0	0	16	35.8125
A_PB1	1983	16	A	0	0	16	37.4375
A_PB1	1984	16	A	0	0	16	37.625
A_PB1	1985	16	T	0	0	16	35.8125
A_PB1	1986	16	T	0	0	16	37.9375
A_PB1	1987	17	T	0	0	17	37.6470588235294
A_PB1	1988	17	C	0	0	17	38.1764705882353
A_PB1	1989	17	C	0	0	15	38.0666666666667
A_PB1	1990	17	A	0	0	17	37.0588235294118
A_PB1	1991	17	G	0	0	17	36.5882352941176
A_PB1	1992	17	C	0	0	17	35.5882352941176
A_PB1	1993	17	A	0	0	17	36.7058823529412
A_PB1	1994	17	T	0	0	17	36.5294117647059
A_PB1	1995	18	G	0	0	18	36.7222222222222
A_PB1	1996	18	G	0	0	18	32.9444444444444
A_PB1	1997	18	T	0	0	18	32.8888888888889
A_PB1	1998	18	G	0	0	18	36.0555555555556
A_PB1	1999	18	G	0	0	18	35.6666666666667
A_PB1	2000	18	A	0	0	18	37.7222222222222
A_PB1	2001	18	G	0	0	18	37.7777777777778
A_PB1	2002	18	G	0	0	18	33.1666666666667
A_PB1	2003	18	C	0	0	18	35.3888888888889
A_PB1	2004	18	C	0	0	18	32.6666666666667
A_PB1	2005	16	A	0	0	16	36.5
A_PB1	2006	16	T	0	0	16	36.1875
A_PB1	2007	17	G	0	0	17	35.7058823529412
A_PB1	2008	17	G	0	0	17	35.8235294117647
A_PB1	2009	17	T	0	0	17	34.6470588235294
A_PB1	2010	16	G	0	0	16	33
A_PB1	2011	16	T	0	0	16	35.0625
A_PB1	2012	16	C	0	0	16	34.5
A_PB1	2013	16	T	0	0	16	35.3125
A_PB1	2014	15	A	0	0	15	35.6666666666667
A_PB1	2015	15	G	0	0	15	33.5333333333333
A_PB1	2016	15	G	0	0	15	33
A_PB1	2017	15	G	0	0	15	31.7333333333333
A_PB1	2018	15	C	0	0	15	34.5333333333333
A_PB1	2019	16	C	0	0	16	33.625
A_PB1	2020	16	C	0	0	16	34
A_PB1	2021	16	G	0	0	16	36.0625
A_PB1	2022	16	A	0	0	14	35.7857142857143
A_PB1	2023	16	A	0	0	16	36.0625
A_PB1	2024	17	T	0	0	16	36.375
A_PB1	2025	16	C	0	0	14	34.7142857142857
A_PB1	2026	16	G	0	0	16	35.25
A_PB1	2027	16	A	0	0	16	34.3125
A_PB1	2028	16	T	0	0	16	37.625
A_PB1	2029	16	G	0	0	16	36.625
A_PB1	2030	16	C	0	0	16	35.4375
A_PB1	2031	16	A	0	0	14	35.7857142857143
A_PB1	2032	16	C	0	0	14	34.6428571428571
A_PB1	2033	16	G	0	0	16	36
A_PB1	2034	16	T	0	0	14	35.7857142857143
A_PB1	2035	16	A	0	0	14	36
A_PB1	2036	16	T	0	0	16	33.4375
A_PB1	2037	16	T	0	0	14	35.5714285714286
A_PB1	2038	17	G	0	0	17	35.6470588235294
A_PB1	2039	17	A	0	0	17	37
A_PB1	2040	17	T	0	0	17	36.8823529411765
A_PB1	2041	17	T	0	0	17	36.7647058823529
A_PB1	2042	17	T	0	0	17	36.5294117647059
A_PB1	2043	17	C	0	0	17	34.7647058823529
A_PB1	2044	17	G	0	0	17	35.7058823529412
A_PB1	2045	17	A	0	0	17	35.5882352941176
A_PB1	2046	17	A	0	0	14	34.5714285714286
A_PB1	2047	17	T	0	0	17	33.0588235294118
A_PB1	2048	17	C	0	0	17	34.8823529411765
A_PB1	2049	17	T	0	0	17	34.8823529411765
A_PB1	2050	17	G	0	0	17	37
A_PB1	2051	17	G	0	0	17	37.3529411764706
A_PB1	2052	17	A	0	0	17	37.7058823529412
A_PB1	2053	17	A	0	0	14	36.3571428571429
A_PB1	2054	17	G	0	0	17	35.8235294117647
A_PB1	2055	16	G	0	0	16	35
A_PB1	2056	16	A	0	0	16	35.1875
A_PB1	2057	16	T	0	0	16	36
A_PB1	2058	16	T	0	0	13	36.1538461538462
A_PB1	2059	16	A	0	0	16	35.75
A_PB1	2060	16	A	0	0	16	35.0625
A_PB1	2061	16	G	0	0	16	35.9375
A_PB1	2062	16	A	0	0	16	33.75
A_PB1	2063	16	A	0	0	16	35.75
A_PB1	2064	15	G	0	0	12	32
A_PB1	2065	15	G	0	0	15	32.1333333333333
A_PB1	2066	15	A	0	0	15	36.2666666666667
A_PB1	2067	15	A	0	0	15	34.1333333333333
A_PB1	2068	15	G	0	0	15	35.1333333333333
A_PB1	2069	15	A	0	0	15	35.6
A_PB1	2070	15	G	0	0	15	37.1333333333333
A_PB1	2071	15	T	0	0	15	35.5333333333333
A_PB1	2072	14	T	0	0	14	37.7857142857143
A_PB1	2073	14	T	0	0	14	35.9285714285714
A_PB1	2074	14	G	0	0	11	34.5454545454545
A_PB1	2075	14	C	0	0	14	37.6428571428571
A_PB1	2076	14	T	0	0	14	38.3571428571429
A_PB1	2077	14	G	0	0	14	36.4285714285714
A_PB1	2078	14	A	0	0	14	38.0714285714286
A_PB1	2079	14	G	0	0	14	38.3571428571429
A_PB1	2080	14	A	0	0	14	38
A_PB1	2081	14	T	0	0	14	38.5
A_PB1	2082	14	C	0	0	14	36.5714285714286
A_PB1	2083	14	A	0	0	14	37.1428571428571
A_PB1	2084	14	T	0	0	14	36.5714285714286
A_PB1	2085	14	G	0	0	14	36.8571428571429
A_PB1	2086	14	A	0	0	14	38.0714285714286
A_PB1	2087	14	A	0	0	14	36.7857142857143
A_PB1	2088	14	G	0	0	14	36.1428571428571
A_PB1	2089	14	A	0	0	14	37.5714285714286
A_PB1	2090	14	T	0	0	14	33.7857142857143
A_PB1	2091	14	C	0	0	14	36.4285714285714
A_PB1	2092	14	T	0	0	14	37.2857142857143
A_PB1	2093	14	G	0	0	14	35.9285714285714
A_PB1	2094	14	T	0	0	14	36.9285714285714
A_PB1	2095	14	T	0	0	14	36.7142857142857
A_PB1	2096	14	C	0	0	14	35.2142857142857
A_PB1	2097	14	C	0	0	14	35.5
A_PB1	2098	14	A	0	0	13	34.4615384615385
A_PB1	2099	14	C	0	0	14	35.2142857142857
A_PB1	2100	14	C	0	0	14	37.6428571428571
A_PB1	2101	14	A	0	0	14	38
A_PB1	2102	13	T	0	0	13	38.0769230769231
A_PB1	2103	12	T	0	0	12	37.3333333333333
A_PB1	2104	12	G	0	0	12	38.25
A_PB1	2105	12	A	0	0	12	36.5
A_PB1	2106	12	A	0	0	12	37.25
A_PB1	2107	12	G	0	0	12	37.5833333333333
A_PB1	2108	12	A	0	0	11	35.9090909090909
A_PB1	2109	12	G	0	0	9	36.8888888888889
A_PB1	2110	12	C	0	0	12	35.8333333333333
A_PB1	2111	12	T	0	0	12	33.9166666666667
A_PB1	2112	12	C	0	0	12	37
A_PB1	2113	12	A	0	0	12	35
A_PB1	2114	12	G	0	0	12	35.8333333333333
A_PB1	2115	12	A	0	0	12	35.5
A_PB1	2116	12	C	0	0	12	35.4166666666667
A_PB1	2117	12	G	0	0	12	35
A_PB1	2118	12	G	0	0	12	34.6666666666667
A_PB1	2119	12	C	0	0	12	34.1666666666667
A_PB1	2120	12	A	0	0	12	36.4166666666667
A_PB1	2121	11	A	0	0	11	36.1818181818182
A_PB1	2122	11	A	0	0	11	35.8181818181818
A_PB1	2123	11	A	0	0	11	37.0909090909091
A_PB1	2124	8	G	0	0	8	32.625
A_PB1	2125	8	T	0	0	8	32.875
A_PB1	2126	7	A	0	0	7	30.7142857142857
A_PB1	2127	7	G	0	0	7	31.1428571428571
A_PB1	2128	7	T	0	0	7	30
