Reference_Name	Position	Coverage Depth	Consensus	Deletions	Ambiguous	Consensus_Count	Consensus_Average_Quality
A_PB2	1	1	G	0	0	1	32
A_PB2	2	1	A	0	0	1	32
A_PB2	3	1	A	0	0	1	33
A_PB2	4	1	T	0	0	1	33
A_PB2	5	1	A	0	0	1	30
A_PB2	6	1	A	0	0	1	35
A_PB2	7	1	A	0	0	1	37
A_PB2	8	1	A	0	0	1	37
A_PB2	9	1	G	0	0	1	37
A_PB2	10	1	A	0	0	1	33
A_PB2	11	1	A	0	0	1	37
A_PB2	12	1	T	0	0	1	37
A_PB2	13	1	T	0	0	1	38
A_PB2	14	1	A	0	0	1	37
A_PB2	15	1	A	0	0	1	37
A_PB2	16	2	G	0	0	2	35
A_PB2	17	2	A	0	0	2	28
A_PB2	18	2	G	0	0	2	33.5
A_PB2	19	2	A	0	0	2	32.5
A_PB2	20	2	T	0	0	2	35
A_PB2	21	2	C	0	0	2	37.5
A_PB2	22	2	T	0	0	2	37
A_PB2	23	3	A	0	0	3	35
A_PB2	24	3	A	0	0	3	35.6666666666667
A_PB2	25	3	T	0	0	3	36
A_PB2	26	3	G	0	0	3	36.3333333333333
A_PB2	27	3	T	0	0	3	36.3333333333333
A_PB2	28	3	C	0	0	3	38
A_PB2	29	3	G	0	0	3	36.6666666666667
A_PB2	30	3	C	0	0	3	36.3333333333333
A_PB2	31	3	A	0	0	3	36.3333333333333
A_PB2	32	4	G	0	0	4	35.5
A_PB2	33	4	T	0	0	4	34.25
A_PB2	34	4	C	0	0	4	35.75
A_PB2	35	4	T	0	0	3	36.6666666666667
A_PB2	36	4	C	0	0	4	36.75
A_PB2	37	4	G	0	0	4	36.75
A_PB2	38	4	C	0	0	4	36.75
A_PB2	39	4	A	0	0	4	36.75
A_PB2	40	4	C	0	0	4	36
A_PB2	41	4	T	0	0	4	37
A_PB2	42	4	C	0	0	4	37.75
A_PB2	43	4	G	0	0	4	36
A_PB2	44	4	C	0	0	4	31.75
A_PB2	45	4	G	0	0	4	36
A_PB2	46	4	A	0	0	4	36.5
A_PB2	47	4	G	0	0	4	37
A_PB2	48	4	A	0	0	4	36
A_PB2	49	5	T	0	0	5	33.2
A_PB2	50	5	A	0	0	5	36.8
A_PB2	51	5	C	0	0	5	37
A_PB2	52	5	T	0	0	5	37.4
A_PB2	53	5	A	0	0	5	36.8
A_PB2	54	5	A	0	0	5	38.6
A_PB2	55	5	C	0	0	5	38
A_PB2	56	5	A	0	0	5	38.4
A_PB2	57	5	A	0	0	4	37.75
A_PB2	58	5	A	0	0	5	36.8
A_PB2	59	5	A	0	0	5	38.4
A_PB2	60	6	A	0	0	6	37
A_PB2	61	6	C	0	0	6	33.6666666666667
A_PB2	62	6	C	0	0	6	35.1666666666667
A_PB2	63	7	A	0	0	7	33
A_PB2	64	7	C	0	0	7	33.2857142857143
A_PB2	65	7	T	0	0	7	33.7142857142857
A_PB2	66	8	G	0	0	8	35.875
A_PB2	67	8	T	0	0	8	33
A_PB2	68	8	G	0	0	8	34
A_PB2	69	8	G	0	0	8	34.125
A_PB2	70	8	A	0	0	8	32.625
A_PB2	71	8	C	0	0	8	32
A_PB2	72	8	C	0	0	8	36.625
A_PB2	73	8	A	0	0	8	35
A_PB2	74	8	T	0	0	8	37.25
A_PB2	75	8	A	0	0	8	38.25
A_PB2	76	8	T	0	0	8	35.375
A_PB2	77	8	G	0	0	8	37.25
A_PB2	78	8	G	0	0	8	33.875
A_PB2	79	8	C	0	0	8	30.375
A_PB2	80	8	C	0	0	8	34.375
A_PB2	81	8	A	0	0	8	34.875
A_PB2	82	8	T	0	0	8	32.375
A_PB2	83	8	A	0	0	8	34.625
A_PB2	84	8	A	0	0	8	37.25
A_PB2	85	8	T	0	0	8	38
A_PB2	86	8	T	0	0	6	34.8333333333333
A_PB2	87	8	A	0	0	8	38.375
A_PB2	88	8	A	0	0	8	38.625
A_PB2	89	8	A	0	0	8	37.625
A_PB2	90	8	A	0	0	8	38
A_PB2	91	8	A	0	0	8	37.625
A_PB2	92	8	A	0	0	6	37.3333333333333
A_PB2	93	8	T	0	0	8	37.875
A_PB2	94	8	A	0	0	8	37.625
A_PB2	95	8	T	0	0	6	35
A_PB2	96	8	A	0	0	8	37.5
A_PB2	97	8	C	0	0	8	38
A_PB2	98	8	A	0	0	8	37.375
A_PB2	99	8	T	0	0	8	38
A_PB2	100	8	C	0	0	8	38.375
A_PB2	101	8	G	0	0	6	34.8333333333333
A_PB2	102	8	G	0	0	8	36.75
A_PB2	103	8	G	0	0	8	33.125
A_PB2	104	8	A	0	0	8	30.25
A_PB2	105	8	A	0	0	8	36.25
A_PB2	106	8	G	0	0	8	36.125
A_PB2	107	8	A	0	0	8	35.5
A_PB2	108	8	C	0	0	8	38.5
A_PB2	109	8	A	0	0	8	35.125
A_PB2	110	8	A	0	0	7	33.5714285714286
A_PB2	111	8	G	0	0	8	37.75
A_PB2	112	8	A	0	0	8	35.125
A_PB2	113	8	G	0	0	8	37.375
A_PB2	114	8	A	0	0	8	32.375
A_PB2	115	8	A	0	0	7	34.5714285714286
A_PB2	116	8	G	0	0	8	34.25
A_PB2	117	8	A	0	0	8	36.875
A_PB2	118	8	A	0	0	8	35.5
A_PB2	119	8	C	0	0	8	37.75
A_PB2	120	8	C	0	0	8	38
A_PB2	121	8	C	0	0	8	34.875
A_PB2	122	8	T	0	0	6	37.6666666666667
A_PB2	123	8	G	0	0	6	33.8333333333333
A_PB2	124	8	C	0	0	8	34.625
A_PB2	125	8	C	0	0	6	37.8333333333333
A_PB2	126	8	C	0	0	8	36.625
A_PB2	127	8	T	0	0	8	35.125
A_PB2	128	8	C	0	0	8	37.125
A_PB2	129	8	A	0	0	8	37
A_PB2	130	8	G	0	0	8	36.5
A_PB2	131	8	A	0	0	8	32.5
A_PB2	132	8	A	0	0	8	35.375
A_PB2	133	8	T	0	0	8	35.375
A_PB2	134	8	G	0	0	8	37.625
A_PB2	135	7	A	0	0	7	37.5714285714286
A_PB2	136	7	A	0	0	7	38.1428571428571
A_PB2	137	6	A	0	0	4	36.75
A_PB2	138	6	T	0	0	6	28.5
A_PB2	139	6	G	0	0	6	31
A_PB2	140	6	G	0	0	6	33.1666666666667
A_PB2	141	6	A	0	0	6	36.1666666666667
A_PB2	142	6	T	0	0	6	35
A_PB2	143	7	G	0	0	7	38.2857142857143
A_PB2	144	7	A	0	0	6	34.8333333333333
A_PB2	145	7	T	0	0	7	36.8571428571429
A_PB2	146	7	G	0	0	7	35.1428571428571
A_PB2	147	7	G	0	0	7	33
A_PB2	148	7	C	0	0	7	36.5714285714286
A_PB2	149	7	A	0	0	4	38.5
A_PB2	150	7	A	0	0	6	38.1666666666667
A_PB2	151	7	T	0	0	6	37.1666666666667
A_PB2	152	7	G	0	0	7	37.8571428571429
A_PB2	153	7	A	0	0	7	37.8571428571429
A_PB2	154	7	A	0	0	5	38.4
A_PB2	155	7	A	0	0	7	34.2857142857143
A_PB2	156	7	T	0	0	7	34.2857142857143
A_PB2	157	7	A	0	0	7	35.5714285714286
A_PB2	158	7	T	0	0	5	34.4
A_PB2	159	7	C	0	0	7	37.2857142857143
A_PB2	160	7	C	0	0	7	35.2857142857143
A_PB2	161	7	A	0	0	7	35.5714285714286
A_PB2	162	7	A	0	0	7	31.1428571428571
A_PB2	163	7	T	0	0	7	32.5714285714286
A_PB2	164	7	C	0	0	5	37.4
A_PB2	165	7	A	0	0	7	34.5714285714286
A_PB2	166	6	C	0	0	6	31
A_PB2	167	6	A	0	0	6	36.6666666666667
A_PB2	168	6	G	0	0	6	33.6666666666667
A_PB2	169	6	C	0	0	6	34
A_PB2	170	6	A	0	0	6	37.8333333333333
A_PB2	171	6	G	0	0	6	30.8333333333333
A_PB2	172	6	A	0	0	6	34.1666666666667
A_PB2	173	5	C	0	0	5	33.8
A_PB2	174	5	A	0	0	5	38
A_PB2	175	5	A	0	0	5	29
A_PB2	176	5	G	0	0	5	36.4
A_PB2	177	6	A	0	0	6	33.3333333333333
A_PB2	178	6	G	0	0	6	32.3333333333333
A_PB2	179	6	A	0	0	6	33
A_PB2	180	6	A	0	0	5	32.8
A_PB2	181	7	T	0	0	7	30.8571428571429
A_PB2	182	6	A	0	0	6	30.6666666666667
A_PB2	183	6	A	0	0	6	33.6666666666667
A_PB2	184	6	T	0	0	6	36.8333333333333
A_PB2	185	6	G	0	0	6	36
A_PB2	186	6	G	0	0	6	37.6666666666667
A_PB2	187	6	A	0	0	6	34.3333333333333
A_PB2	188	6	C	0	0	4	36.5
A_PB2	189	6	A	0	0	5	30
A_PB2	190	6	T	0	0	6	27.6666666666667
A_PB2	191	6	G	0	0	6	30
A_PB2	192	6	A	0	0	5	34
A_PB2	193	7	T	0	0	7	33.2857142857143
A_PB2	194	7	T	0	0	7	26.8571428571429
A_PB2	195	7	C	0	0	7	28.4285714285714
A_PB2	196	7	C	0	0	7	34.4285714285714
A_PB2	197	6	G	0	0	5	32.8
A_PB2	198	6	G	0	0	6	26.6666666666667
A_PB2	199	6	A	0	0	6	31.3333333333333
A_PB2	200	6	G	0	0	5	31.4
A_PB2	201	7	A	0	0	7	33.5714285714286
A_PB2	202	7	G	0	0	7	28
A_PB2	203	7	G	0	0	7	27.4285714285714
A_PB2	204	7	A	0	0	7	33.8571428571429
A_PB2	205	7	A	0	0	7	31.5714285714286
A_PB2	206	7	T	0	0	7	33.5714285714286
A_PB2	207	7	G	0	0	6	32.5
A_PB2	208	7	A	0	0	7	33.2857142857143
A_PB2	209	7	A	0	0	7	28.8571428571429
A_PB2	210	7	C	0	0	7	33.8571428571429
A_PB2	211	7	A	0	0	7	34.8571428571429
A_PB2	212	7	A	0	0	5	32.4
A_PB2	213	7	G	0	0	7	36
A_PB2	214	7	G	0	0	7	30
A_PB2	215	7	A	0	0	5	30.4
A_PB2	216	6	C	0	0	6	35
A_PB2	217	6	A	0	0	6	36.6666666666667
A_PB2	218	6	A	0	0	4	30.25
A_PB2	219	6	A	0	0	6	28.3333333333333
A_PB2	220	6	C	0	0	6	37.6666666666667
A_PB2	221	6	C	0	0	4	31.25
A_PB2	222	5	C	0	0	5	38
A_PB2	223	5	T	0	0	5	37
A_PB2	224	5	C	0	0	3	38.6666666666667
A_PB2	225	5	T	0	0	5	37.8
A_PB2	226	5	G	0	0	5	38.4
A_PB2	227	5	G	0	0	5	36.8
A_PB2	228	5	A	0	0	5	37.4
A_PB2	229	5	G	0	0	5	33.8
A_PB2	230	5	C	0	0	5	33.4
A_PB2	231	5	A	0	0	5	37.8
A_PB2	232	5	A	0	0	5	37.2
A_PB2	233	5	A	0	0	3	28
A_PB2	234	5	A	0	0	5	37.4
A_PB2	235	5	C	0	0	5	37.4
A_PB2	236	5	A	0	0	5	37.8
A_PB2	237	5	A	0	0	5	34.2
A_PB2	238	5	A	0	0	5	35.2
A_PB2	239	4	C	0	0	3	36.6666666666667
A_PB2	240	4	G	0	0	4	37
A_PB2	241	4	A	0	0	4	32.25
A_PB2	242	4	T	0	0	4	36
A_PB2	243	4	G	0	0	4	37.25
A_PB2	244	4	C	0	0	4	35.75
A_PB2	245	4	C	0	0	3	31.6666666666667
A_PB2	246	4	G	0	0	4	36.5
A_PB2	247	4	G	0	0	4	37.5
A_PB2	248	4	A	0	0	4	38.25
A_PB2	249	4	T	0	0	4	37
A_PB2	250	4	C	0	0	4	33
A_PB2	251	4	A	0	0	4	36.5
A_PB2	252	4	G	0	0	4	32.75
A_PB2	253	4	A	0	0	4	37.5
A_PB2	254	4	C	0	0	4	32
A_PB2	255	4	C	0	0	3	28
A_PB2	256	4	G	0	0	4	37
A_PB2	257	4	A	0	0	3	35.6666666666667
A_PB2	258	4	G	0	0	4	32
A_PB2	259	4	T	0	0	4	30.75
A_PB2	260	4	G	0	0	4	32.25
A_PB2	261	4	A	0	0	4	37
A_PB2	262	4	T	0	0	4	38
A_PB2	263	4	G	0	0	4	36.75
A_PB2	264	4	G	0	0	4	32.75
A_PB2	265	4	T	0	0	4	29
A_PB2	266	4	A	0	0	4	36
A_PB2	267	4	T	0	0	4	33.5
A_PB2	268	4	C	0	0	4	34
A_PB2	269	4	A	0	0	3	31.3333333333333
A_PB2	270	4	C	0	0	4	37.75
A_PB2	271	4	C	0	0	4	37.75
A_PB2	272	4	T	0	0	3	32
A_PB2	273	4	C	0	0	3	36.6666666666667
A_PB2	274	4	T	0	0	4	37
A_PB2	275	4	G	0	0	3	24.3333333333333
A_PB2	276	4	G	0	0	4	32.5
A_PB2	277	4	C	0	0	4	36.25
A_PB2	278	4	T	0	0	4	35.25
A_PB2	279	5	G	0	0	5	33.4
A_PB2	280	5	T	0	0	5	33.8
A_PB2	281	5	A	0	0	5	37
A_PB2	282	5	A	0	0	5	36.8
A_PB2	283	5	C	0	0	5	34.4
A_PB2	284	5	A	0	0	4	37
A_PB2	285	5	T	0	0	5	34.2
A_PB2	286	5	G	0	0	5	37.6
A_PB2	287	5	G	0	0	5	35.4
A_PB2	288	5	T	0	0	5	28.8
A_PB2	289	5	G	0	0	5	36.2
A_PB2	290	5	G	0	0	5	36.6
A_PB2	291	5	A	0	0	5	35.8
A_PB2	292	5	A	0	0	5	33
A_PB2	293	5	T	0	0	4	36.5
A_PB2	294	5	A	0	0	5	33.4
A_PB2	295	5	G	0	0	5	36.8
A_PB2	296	5	G	0	0	5	34.4
A_PB2	297	5	A	0	0	5	36.8
A_PB2	298	5	A	0	0	5	37.8
A_PB2	299	5	T	0	0	3	36.6666666666667
A_PB2	300	5	G	0	0	5	28.2
A_PB2	301	5	G	0	0	5	33.6
A_PB2	302	5	C	0	0	4	37.5
A_PB2	303	5	C	0	0	5	36.6
A_PB2	304	5	C	0	0	5	33.6
A_PB2	305	5	A	0	0	4	35.25
A_PB2	306	5	A	0	0	5	37.8
A_PB2	307	5	C	0	0	5	36.4
A_PB2	308	5	A	0	0	4	37.75
A_PB2	309	5	A	0	0	5	36.6
A_PB2	310	5	C	0	0	5	32.4
A_PB2	311	5	A	0	0	5	37
A_PB2	312	5	A	0	0	5	36.4
A_PB2	313	5	G	0	0	5	33.4
A_PB2	314	5	T	0	0	5	33.6
A_PB2	315	5	A	0	0	5	30.2
A_PB2	316	5	C	0	0	5	32.2
A_PB2	317	5	A	0	0	5	33.2
A_PB2	318	5	G	0	0	5	33.4
A_PB2	319	5	T	0	0	5	37
A_PB2	320	5	T	0	0	4	37.75
A_PB2	321	5	C	0	0	5	33.8
A_PB2	322	5	A	0	0	5	37
A_PB2	323	5	C	0	0	5	35.4
A_PB2	324	5	T	0	0	5	35
A_PB2	325	5	A	0	0	5	32.2
A_PB2	326	5	C	0	0	4	37
A_PB2	327	4	C	0	0	4	31.75
A_PB2	328	5	C	0	0	5	31.4
A_PB2	329	5	T	0	0	4	30.5
A_PB2	330	5	A	0	0	5	35.4
A_PB2	331	5	A	0	0	4	36.75
A_PB2	332	5	G	0	0	5	36.2
A_PB2	333	5	G	0	0	5	36.6
A_PB2	334	4	T	0	0	4	37.25
A_PB2	335	5	A	0	0	4	36
A_PB2	336	5	T	0	0	5	32.8
A_PB2	337	5	A	0	0	5	36.4
A_PB2	338	5	T	0	0	4	30.75
A_PB2	339	5	A	0	0	5	35.2
A_PB2	340	5	A	0	0	5	32.8
A_PB2	341	5	A	0	0	5	36.6
A_PB2	342	5	A	0	0	5	36
A_PB2	343	5	C	0	0	5	32.6
A_PB2	344	4	T	0	0	3	36
A_PB2	345	4	T	0	0	4	32.5
A_PB2	346	4	A	0	0	4	38.25
A_PB2	347	4	T	0	0	3	37.6666666666667
A_PB2	348	4	T	0	0	4	37.75
A_PB2	349	4	T	0	0	4	37.25
A_PB2	350	4	T	0	0	3	38.3333333333333
A_PB2	351	4	G	0	0	4	36.75
A_PB2	352	4	A	0	0	4	31.5
A_PB2	353	4	A	0	0	2	37.5
A_PB2	354	4	A	0	0	4	38.25
A_PB2	355	4	A	0	0	4	38.25
A_PB2	356	4	G	0	0	3	38.3333333333333
A_PB2	357	4	G	0	0	2	38.5
A_PB2	358	4	T	0	0	4	38.25
A_PB2	359	4	C	0	0	3	36.3333333333333
A_PB2	360	4	G	0	0	4	37.5
A_PB2	361	4	A	0	0	4	36.25
A_PB2	362	4	A	0	0	4	38.5
A_PB2	363	4	A	0	0	4	37.5
A_PB2	364	4	G	0	0	4	35.75
A_PB2	365	4	G	0	0	4	31.25
A_PB2	366	4	C	0	0	3	36.6666666666667
A_PB2	367	4	T	0	0	4	37
A_PB2	368	4	G	0	0	4	36
A_PB2	369	4	A	0	0	4	36
A_PB2	370	4	A	0	0	4	36.75
A_PB2	371	4	A	0	0	4	38.5
A_PB2	372	4	C	0	0	4	32.75
A_PB2	373	4	A	0	0	4	36
A_PB2	374	4	C	0	0	3	29
A_PB2	375	4	G	0	0	4	38
A_PB2	376	4	G	0	0	4	36.5
A_PB2	377	4	C	0	0	3	33
A_PB2	378	4	A	0	0	4	37.5
A_PB2	379	4	C	0	0	4	37.5
A_PB2	380	4	A	0	0	3	38.6666666666667
A_PB2	381	4	T	0	0	4	38
A_PB2	382	4	T	0	0	4	38.5
A_PB2	383	4	C	0	0	4	37.25
A_PB2	384	4	G	0	0	4	38.5
A_PB2	385	4	G	0	0	4	32.5
A_PB2	386	4	C	0	0	4	31.5
A_PB2	387	4	C	0	0	4	36
A_PB2	388	4	C	0	0	4	37.75
A_PB2	389	4	T	0	0	4	38.25
A_PB2	390	4	G	0	0	4	38.5
A_PB2	391	4	T	0	0	4	38.5
A_PB2	392	4	T	0	0	3	39
A_PB2	393	4	C	0	0	4	38
A_PB2	394	4	A	0	0	4	38.25
A_PB2	395	4	C	0	0	4	38
A_PB2	396	4	T	0	0	4	37.25
A_PB2	397	4	T	0	0	4	37.25
A_PB2	398	4	C	0	0	4	32.25
A_PB2	399	4	A	0	0	4	38.5
A_PB2	400	4	G	0	0	4	37.5
A_PB2	401	4	A	0	0	4	37
A_PB2	402	4	A	0	0	4	38.75
A_PB2	403	4	A	0	0	4	39
A_PB2	404	4	T	0	0	3	38.3333333333333
A_PB2	405	4	C	0	0	4	33.25
A_PB2	406	4	A	0	0	4	38.75
A_PB2	407	4	A	0	0	4	37.75
A_PB2	408	4	G	0	0	4	38.75
A_PB2	409	4	T	0	0	4	38
A_PB2	410	4	T	0	0	4	38.75
A_PB2	411	4	A	0	0	4	38.25
A_PB2	412	4	A	0	0	4	37
A_PB2	413	4	A	0	0	4	38.75
A_PB2	414	4	A	0	0	4	38.75
A_PB2	415	4	T	0	0	4	39
A_PB2	416	4	A	0	0	4	38
A_PB2	417	4	A	0	0	4	37
A_PB2	418	4	G	0	0	4	38.5
A_PB2	419	4	G	0	0	3	31.3333333333333
A_PB2	420	4	A	0	0	4	36
A_PB2	421	4	G	0	0	4	38.5
A_PB2	422	4	G	0	0	4	37
A_PB2	423	4	A	0	0	4	37.5
A_PB2	424	4	G	0	0	4	36.25
A_PB2	425	4	A	0	0	4	38
A_PB2	426	4	G	0	0	4	36.25
A_PB2	427	4	T	0	0	4	38.75
A_PB2	428	4	T	0	0	4	37.25
A_PB2	429	4	G	0	0	4	32.75
A_PB2	430	3	A	0	0	3	38.3333333333333
A_PB2	431	3	T	0	0	3	39
A_PB2	432	3	A	0	0	3	39
A_PB2	433	3	C	0	0	3	39
A_PB2	434	3	A	0	0	2	38
A_PB2	435	3	A	0	0	3	38
A_PB2	436	3	A	0	0	3	36.3333333333333
A_PB2	437	3	C	0	0	3	37.6666666666667
A_PB2	438	3	C	0	0	3	35.6666666666667
A_PB2	439	3	C	0	0	3	38
A_PB2	440	3	T	0	0	3	39
A_PB2	441	3	G	0	0	3	38.3333333333333
A_PB2	442	3	G	0	0	3	38.6666666666667
A_PB2	443	3	C	0	0	3	39
A_PB2	444	3	C	0	0	3	39
A_PB2	445	3	A	0	0	3	38.6666666666667
A_PB2	446	3	T	0	0	3	39
A_PB2	447	3	G	0	0	3	39
A_PB2	448	3	C	0	0	3	39
A_PB2	449	3	A	0	0	3	38.6666666666667
A_PB2	450	3	G	0	0	3	38
A_PB2	451	3	A	0	0	3	38.6666666666667
A_PB2	452	3	T	0	0	3	39
A_PB2	453	3	C	0	0	3	39
A_PB2	454	3	T	0	0	3	38.6666666666667
A_PB2	455	3	C	0	0	3	39
A_PB2	456	3	A	0	0	3	38.6666666666667
A_PB2	457	3	G	0	0	3	39
A_PB2	458	3	T	0	0	3	36
A_PB2	459	3	G	0	0	3	38.3333333333333
A_PB2	460	3	C	0	0	3	38.3333333333333
A_PB2	461	3	C	0	0	3	38.3333333333333
A_PB2	462	3	A	0	0	3	38.3333333333333
A_PB2	463	3	A	0	0	3	39
A_PB2	464	3	G	0	0	3	38
A_PB2	465	3	G	0	0	3	38
A_PB2	466	3	A	0	0	3	38.3333333333333
A_PB2	467	3	G	0	0	3	38.6666666666667
A_PB2	468	3	G	0	0	3	36.3333333333333
A_PB2	469	3	C	0	0	3	35.6666666666667
A_PB2	470	3	A	0	0	3	37
A_PB2	471	3	C	0	0	3	37.3333333333333
A_PB2	472	3	A	0	0	3	39
A_PB2	473	3	G	0	0	3	39
A_PB2	474	3	G	0	0	3	38
A_PB2	475	3	A	0	0	3	38.3333333333333
A_PB2	476	3	T	0	0	3	36.6666666666667
A_PB2	477	3	G	0	0	3	36.6666666666667
A_PB2	478	3	T	0	0	3	36.6666666666667
A_PB2	479	3	G	0	0	3	36.6666666666667
A_PB2	480	3	A	0	0	3	37
A_PB2	481	3	T	0	0	3	35.3333333333333
A_PB2	482	2	T	0	0	2	36
A_PB2	483	2	A	0	0	2	38.5
A_PB2	484	2	T	0	0	2	39
A_PB2	485	2	G	0	0	2	39
A_PB2	486	1	G	0	0	1	39
A_PB2	487	1	A	0	0	1	39
A_PB2	488	1	A	0	0	1	39
A_PB2	489	1	G	0	0	1	39
A_PB2	490	1	T	0	0	1	38
A_PB2	491	1	T	0	0	1	39
A_PB2	492	1	G	0	0	1	39
A_PB2	493	1	T	0	0	1	39
A_PB2	494	1	T	0	0	1	39
A_PB2	495	1	T	0	0	1	39
A_PB2	496	1	T	0	0	1	39
A_PB2	497	1	C	0	0	1	38
A_PB2	498	1	C	0	0	1	39
A_PB2	499	1	C	0	0	1	39
A_PB2	500	1	A	0	0	1	39
A_PB2	501	1	A	0	0	1	39
A_PB2	502	1	A	0	0	1	38
A_PB2	503	1	T	0	0	1	39
A_PB2	504	1	G	0	0	1	39
A_PB2	505	1	A	0	0	1	36
A_PB2	506	1	A	0	0	1	38
A_PB2	507	1	G	0	0	1	38
A_PB2	508	1	T	0	0	1	37
A_PB2	509	1	G	0	0	1	37
A_PB2	510	1	G	0	0	1	37
A_PB2	511	1	G	0	0	1	37
A_PB2	512	1	G	0	0	1	38
A_PB2	513	1	G	0	0	1	38
A_PB2	514	1	C	0	0	1	38
A_PB2	515	1	A	0	0	1	38
A_PB2	516	1	A	0	0	1	33
A_PB2	517	1	G	0	0	1	37
A_PB2	518	1	A	0	0	1	37
A_PB2	519	1	A	0	0	1	37
A_PB2	520	1	T	0	0	1	33
A_PB2	521	1	A	0	0	1	33
A_PB2	522	1	C	0	0	1	33
A_PB2	523	1	T	0	0	1	33
A_PB2	524	1	G	0	0	1	32
A_PB2	525	1	G	0	0	1	39
A_PB2	526	1	A	0	0	1	37
A_PB2	527	1	G	0	0	1	39
A_PB2	528	1	C	0	0	1	37
A_PB2	529	1	T	0	0	1	15
A_PB2	530	1	C	0	0	1	38
A_PB2	531	1	C	0	0	1	38
A_PB2	532	1	A	0	0	1	33
A_PB2	533	1	G	0	0	1	39
A_PB2	534	1	G	0	0	1	33
A_PB2	535	1	A	0	0	1	37
A_PB2	536	1	T	0	0	1	16
A_PB2	537	2	T	0	0	2	33.5
A_PB2	538	2	G	0	0	2	36
A_PB2	539	2	T	0	0	2	34.5
A_PB2	540	2	A	0	0	2	34
A_PB2	541	2	A	0	0	2	37.5
A_PB2	542	2	G	0	0	1	35
A_PB2	543	2	A	0	0	2	38
A_PB2	544	2	T	0	0	2	37
A_PB2	545	2	T	0	0	2	38
A_PB2	546	2	G	0	0	2	35.5
A_PB2	547	2	C	0	0	2	37.5
A_PB2	548	2	T	0	0	2	38
A_PB2	549	2	C	0	0	2	38
A_PB2	550	2	C	0	0	2	38.5
A_PB2	551	2	T	0	0	1	38
A_PB2	552	2	T	0	0	2	38
A_PB2	553	2	T	0	0	2	35.5
A_PB2	554	2	G	0	0	2	38
A_PB2	555	2	A	0	0	2	38
A_PB2	556	2	T	0	0	2	38
A_PB2	557	2	G	0	0	2	38
A_PB2	558	2	G	0	0	2	39
A_PB2	559	2	T	0	0	2	37.5
A_PB2	560	2	G	0	0	2	38
A_PB2	561	2	G	0	0	2	38
A_PB2	562	2	C	0	0	2	37.5
A_PB2	563	2	A	0	0	2	38.5
A_PB2	564	2	T	0	0	2	34.5
A_PB2	565	2	A	0	0	2	38.5
A_PB2	566	2	C	0	0	2	39
A_PB2	567	2	A	0	0	2	38
A_PB2	568	2	T	0	0	2	38.5
A_PB2	569	2	G	0	0	2	38
A_PB2	570	2	T	0	0	1	33
A_PB2	571	2	T	0	0	2	38
A_PB2	572	2	A	0	0	1	38
A_PB2	573	2	G	0	0	2	38.5
A_PB2	574	2	A	0	0	2	34.5
A_PB2	575	2	G	0	0	1	32
A_PB2	576	2	A	0	0	2	35
A_PB2	577	2	G	0	0	2	27
A_PB2	578	2	A	0	0	2	35.5
A_PB2	579	2	G	0	0	2	37
A_PB2	580	2	A	0	0	2	23
A_PB2	581	2	A	0	0	2	26.5
A_PB2	582	2	C	0	0	2	33.5
A_PB2	583	2	T	0	0	2	17
A_PB2	584	2	G	0	0	2	27
A_PB2	585	2	G	0	0	2	25.5
A_PB2	586	2	T	0	0	2	26
A_PB2	587	2	C	0	0	2	36.5
A_PB2	588	2	C	0	0	2	37
A_PB2	589	2	G	0	0	2	36.5
A_PB2	590	2	C	0	0	1	38
A_PB2	591	2	A	0	0	2	37
A_PB2	592	3	A	0	0	3	35
A_PB2	593	3	A	0	0	3	35.6666666666667
A_PB2	594	3	A	0	0	3	36
A_PB2	595	3	C	0	0	3	35.6666666666667
A_PB2	596	3	A	0	0	2	35
A_PB2	597	3	A	0	0	3	36.6666666666667
A_PB2	598	3	G	0	0	3	36.6666666666667
A_PB2	599	3	G	0	0	2	34.5
A_PB2	600	3	T	0	0	3	36
A_PB2	601	3	T	0	0	3	35.3333333333333
A_PB2	602	3	T	0	0	2	35.5
A_PB2	603	3	C	0	0	2	37
A_PB2	604	3	T	0	0	3	38
A_PB2	605	3	C	0	0	2	38.5
A_PB2	606	3	C	0	0	3	35.3333333333333
A_PB2	607	3	C	0	0	3	37.3333333333333
A_PB2	608	3	A	0	0	3	38
A_PB2	609	3	G	0	0	3	31.3333333333333
A_PB2	610	3	T	0	0	3	34
A_PB2	611	3	A	0	0	3	29
A_PB2	612	3	G	0	0	3	35
A_PB2	613	3	C	0	0	3	24
A_PB2	614	3	C	0	0	2	35.5
A_PB2	615	3	G	0	0	3	36.3333333333333
A_PB2	616	3	G	0	0	3	37.6666666666667
A_PB2	617	3	C	0	0	2	26
A_PB2	618	3	G	0	0	3	30.3333333333333
A_PB2	619	3	G	0	0	3	34.6666666666667
A_PB2	620	3	A	0	0	2	35
A_PB2	621	3	A	0	0	3	28
A_PB2	622	3	C	0	0	3	37.3333333333333
A_PB2	623	3	A	0	0	3	38
A_PB2	624	3	G	0	0	2	37.5
A_PB2	625	3	G	0	0	3	30
A_PB2	626	3	C	0	0	3	29
A_PB2	627	3	A	0	0	3	31.6666666666667
A_PB2	628	3	G	0	0	3	31
A_PB2	629	3	T	0	0	3	35.6666666666667
A_PB2	630	3	G	0	0	3	31
A_PB2	631	3	T	0	0	3	36.3333333333333
A_PB2	632	3	T	0	0	2	37
A_PB2	633	3	T	0	0	3	35.3333333333333
A_PB2	634	3	A	0	0	3	24
A_PB2	635	3	T	0	0	3	31.6666666666667
A_PB2	636	3	A	0	0	3	29
A_PB2	637	3	T	0	0	3	24
A_PB2	638	3	C	0	0	2	37
A_PB2	639	3	G	0	0	3	33.6666666666667
A_PB2	640	3	A	0	0	3	29
A_PB2	641	3	A	0	0	3	36.3333333333333
A_PB2	642	3	G	0	0	3	37.6666666666667
A_PB2	643	3	T	0	0	3	28.3333333333333
A_PB2	644	3	G	0	0	2	26
A_PB2	645	3	T	0	0	2	33.5
A_PB2	646	3	T	0	0	3	25
A_PB2	647	3	G	0	0	3	37
A_PB2	648	3	C	0	0	3	31.6666666666667
A_PB2	649	3	A	0	0	3	31.6666666666667
A_PB2	650	3	C	0	0	2	27.5
A_PB2	651	3	T	0	0	3	28.6666666666667
A_PB2	652	3	T	0	0	3	35.3333333333333
A_PB2	653	3	A	0	0	2	27
A_PB2	654	3	A	0	0	3	36.3333333333333
A_PB2	655	3	C	0	0	3	37
A_PB2	656	3	C	0	0	2	37.5
A_PB2	657	3	C	0	0	3	38
A_PB2	658	3	A	0	0	3	29.6666666666667
A_PB2	659	3	A	0	0	3	36.3333333333333
A_PB2	660	3	G	0	0	3	30.6666666666667
A_PB2	661	3	G	0	0	3	31
A_PB2	662	3	G	0	0	3	28
A_PB2	663	3	A	0	0	3	27.3333333333333
A_PB2	664	3	C	0	0	3	30.3333333333333
A_PB2	665	3	G	0	0	2	27
A_PB2	666	3	T	0	0	3	30.3333333333333
A_PB2	667	3	G	0	0	3	31
A_PB2	668	3	C	0	0	3	30.6666666666667
A_PB2	669	3	T	0	0	3	36.3333333333333
A_PB2	670	3	G	0	0	3	36.6666666666667
A_PB2	671	3	G	0	0	3	36.3333333333333
A_PB2	672	3	G	0	0	3	28
A_PB2	673	3	A	0	0	3	36
A_PB2	674	3	G	0	0	2	35.5
A_PB2	675	3	C	0	0	3	28
A_PB2	676	3	A	0	0	3	36
A_PB2	677	3	G	0	0	2	35.5
A_PB2	678	3	A	0	0	3	34.3333333333333
A_PB2	679	3	T	0	0	3	35.6666666666667
A_PB2	680	3	G	0	0	3	35
A_PB2	681	3	T	0	0	3	35
A_PB2	682	3	A	0	0	3	37
A_PB2	683	3	C	0	0	3	38
A_PB2	684	3	A	0	0	3	35.3333333333333
A_PB2	685	3	C	0	0	3	35.6666666666667
A_PB2	686	2	T	0	0	2	27.5
A_PB2	687	3	C	0	0	3	23
A_PB2	688	3	C	0	0	3	28.6666666666667
A_PB2	689	3	A	0	0	2	26.5
A_PB2	690	3	G	0	0	3	36.6666666666667
A_PB2	691	3	G	0	0	3	33.3333333333333
A_PB2	692	3	A	0	0	3	23
A_PB2	693	3	G	0	0	3	22.6666666666667
A_PB2	694	3	G	0	0	3	22.6666666666667
A_PB2	695	3	A	0	0	3	22.3333333333333
A_PB2	696	3	G	0	0	3	28.3333333333333
A_PB2	697	3	A	0	0	3	30.3333333333333
A_PB2	698	3	G	0	0	2	26.5
A_PB2	699	3	G	0	0	3	37.6666666666667
A_PB2	700	4	T	0	0	4	32.75
A_PB2	701	4	G	0	0	4	38.5
A_PB2	702	4	A	0	0	4	32.75
A_PB2	703	4	G	0	0	4	32.75
A_PB2	704	4	A	0	0	4	37.75
A_PB2	705	4	A	0	0	4	38.25
A_PB2	706	4	A	0	0	4	36.25
A_PB2	707	4	T	0	0	4	32.25
A_PB2	708	4	G	0	0	4	37.75
A_PB2	709	4	A	0	0	4	21.5
A_PB2	710	4	C	0	0	3	37.6666666666667
A_PB2	711	4	G	0	0	4	38
A_PB2	712	4	A	0	0	4	35.5
A_PB2	713	4	T	0	0	4	33
A_PB2	714	4	G	0	0	4	30.75
A_PB2	715	4	T	0	0	4	32.5
A_PB2	716	4	T	0	0	4	32.5
A_PB2	717	4	G	0	0	4	32.25
A_PB2	718	4	A	0	0	4	32.25
A_PB2	719	4	T	0	0	3	30.6666666666667
A_PB2	720	4	C	0	0	4	37.25
A_PB2	721	4	A	0	0	4	32.25
A_PB2	722	5	A	0	0	4	37
A_PB2	723	6	A	0	0	6	34.5
A_PB2	724	6	G	0	0	6	33.6666666666667
A_PB2	725	6	T	0	0	6	34.8333333333333
A_PB2	726	6	T	0	0	6	34.8333333333333
A_PB2	727	6	T	0	0	6	35.1666666666667
A_PB2	728	6	G	0	0	4	32.5
A_PB2	729	6	A	0	0	6	34.6666666666667
A_PB2	730	6	T	0	0	6	38.3333333333333
A_PB2	731	6	T	0	0	4	37.75
A_PB2	732	6	A	0	0	6	34.5
A_PB2	733	6	T	0	0	6	37.3333333333333
A_PB2	734	6	C	0	0	6	33.5
A_PB2	735	6	G	0	0	6	33.3333333333333
A_PB2	736	6	C	0	0	6	36
A_PB2	737	6	T	0	0	6	37.8333333333333
A_PB2	738	6	G	0	0	6	34.5
A_PB2	739	6	C	0	0	6	34.5
A_PB2	740	7	T	0	0	7	32.1428571428571
A_PB2	741	7	A	0	0	7	33.8571428571429
A_PB2	742	7	G	0	0	7	32.1428571428571
A_PB2	743	7	A	0	0	7	34.7142857142857
A_PB2	744	7	A	0	0	7	34.1428571428571
A_PB2	745	7	A	0	0	7	34
A_PB2	746	7	C	0	0	7	37.4285714285714
A_PB2	747	7	A	0	0	7	34.1428571428571
A_PB2	748	7	T	0	0	7	34
A_PB2	749	7	A	0	0	7	34.1428571428571
A_PB2	750	7	G	0	0	7	34.8571428571429
A_PB2	751	7	T	0	0	6	34.5
A_PB2	752	7	A	0	0	7	35
A_PB2	753	7	A	0	0	7	32.2857142857143
A_PB2	754	7	G	0	0	7	37.4285714285714
A_PB2	755	7	A	0	0	7	32.5714285714286
A_PB2	756	7	A	0	0	7	35.1428571428571
A_PB2	757	7	G	0	0	7	31.5714285714286
A_PB2	758	7	A	0	0	6	33.6666666666667
A_PB2	759	7	G	0	0	7	37.5714285714286
A_PB2	760	7	C	0	0	7	34.5714285714286
A_PB2	761	7	A	0	0	7	33.8571428571429
A_PB2	762	8	G	0	0	8	33.75
A_PB2	763	7	C	0	0	7	36.4285714285714
A_PB2	764	7	A	0	0	7	36.5714285714286
A_PB2	765	7	G	0	0	7	36.5714285714286
A_PB2	766	7	T	0	0	6	37.5
A_PB2	767	7	G	0	0	7	34.8571428571429
A_PB2	768	7	T	0	0	7	37.5714285714286
A_PB2	769	8	C	0	0	8	34
A_PB2	770	8	A	0	0	8	36.75
A_PB2	771	8	G	0	0	8	35.625
A_PB2	772	8	C	0	0	8	36.375
A_PB2	773	8	A	0	0	8	34.625
A_PB2	774	8	G	0	0	8	34.375
A_PB2	775	9	A	0	0	9	33.3333333333333
A_PB2	776	9	T	0	0	5	36
A_PB2	777	9	C	0	0	9	36.4444444444444
A_PB2	778	9	C	0	0	9	37.4444444444444
A_PB2	779	9	A	0	0	9	38.2222222222222
A_PB2	780	9	T	0	0	9	35.8888888888889
A_PB2	781	9	T	0	0	9	38
A_PB2	782	9	A	0	0	9	37.7777777777778
A_PB2	783	9	G	0	0	9	35.2222222222222
A_PB2	784	9	C	0	0	9	33.4444444444444
A_PB2	785	9	A	0	0	9	34.8888888888889
A_PB2	786	9	T	0	0	9	35.2222222222222
A_PB2	787	9	C	0	0	9	34.8888888888889
A_PB2	788	9	T	0	0	9	34.6666666666667
A_PB2	789	9	C	0	0	9	33.5555555555556
A_PB2	790	9	T	0	0	9	35.2222222222222
A_PB2	791	10	C	0	0	10	36.3
A_PB2	792	10	T	0	0	10	35.2
A_PB2	793	10	T	0	0	10	35.2
A_PB2	794	10	G	0	0	10	35.3
A_PB2	795	10	G	0	0	10	35
A_PB2	796	10	A	0	0	10	36.1
A_PB2	797	10	A	0	0	10	37.3
A_PB2	798	10	A	0	0	10	37.2
A_PB2	799	10	T	0	0	10	35.4
A_PB2	800	10	G	0	0	10	35
A_PB2	801	10	T	0	0	10	35.1
A_PB2	802	10	G	0	0	10	35.7
A_PB2	803	10	C	0	0	10	37.1
A_PB2	804	10	C	0	0	10	37.5
A_PB2	805	10	A	0	0	10	37.6
A_PB2	806	10	C	0	0	10	36.1
A_PB2	807	10	A	0	0	10	35.8
A_PB2	808	10	G	0	0	10	37.3
A_PB2	809	10	C	0	0	10	36
A_PB2	810	10	A	0	0	10	37.1
A_PB2	811	10	C	0	0	10	37.9
A_PB2	812	10	A	0	0	10	34.4
A_PB2	813	10	C	0	0	10	35.1
A_PB2	814	10	A	0	0	10	35.6
A_PB2	815	10	G	0	0	10	35
A_PB2	816	10	A	0	0	10	36.7
A_PB2	817	9	T	0	0	9	35.1111111111111
A_PB2	818	9	T	0	0	9	34.7777777777778
A_PB2	819	9	G	0	0	9	36.7777777777778
A_PB2	820	9	G	0	0	9	36.4444444444444
A_PB2	821	9	A	0	0	9	35.4444444444444
A_PB2	822	9	G	0	0	9	35.4444444444444
A_PB2	823	9	G	0	0	9	34.3333333333333
A_PB2	824	9	A	0	0	9	36.5555555555556
A_PB2	825	9	G	0	0	9	35.2222222222222
A_PB2	826	9	C	0	0	6	35.6666666666667
A_PB2	827	9	A	0	0	9	37
A_PB2	828	9	A	0	0	9	34.5555555555556
A_PB2	829	9	G	0	0	9	32.8888888888889
A_PB2	830	9	G	0	0	9	33.7777777777778
A_PB2	831	9	A	0	0	9	35.6666666666667
A_PB2	832	9	T	0	0	9	33.1111111111111
A_PB2	833	9	G	0	0	9	37.7777777777778
A_PB2	834	9	G	0	0	9	33.7777777777778
A_PB2	835	9	T	0	0	9	36.3333333333333
A_PB2	836	9	G	0	0	8	37.625
A_PB2	837	9	G	0	0	9	35.2222222222222
A_PB2	838	9	A	0	0	9	34.1111111111111
A_PB2	839	8	C	0	0	8	37.125
A_PB2	840	8	A	0	0	8	37.125
A_PB2	841	9	T	0	0	9	30
A_PB2	842	9	A	0	0	6	35.6666666666667
A_PB2	843	10	C	0	0	10	34.5
A_PB2	844	10	T	0	0	10	34.2
A_PB2	845	10	T	0	0	10	34.8
A_PB2	846	11	A	0	0	11	37.2727272727273
A_PB2	847	11	G	0	0	11	33.9090909090909
A_PB2	848	11	A	0	0	11	36.2727272727273
A_PB2	849	11	C	0	0	11	36
A_PB2	850	10	A	0	0	10	37
A_PB2	851	10	G	0	0	10	37
A_PB2	852	10	A	0	0	10	37.7
A_PB2	853	10	A	0	0	10	35.3
A_PB2	854	10	T	0	0	6	34.5
A_PB2	855	10	C	0	0	10	36.4
A_PB2	856	10	C	0	0	10	32.8
A_PB2	857	10	A	0	0	10	34.8
A_PB2	858	10	A	0	0	10	34.9
A_PB2	859	10	C	0	0	10	38
A_PB2	860	8	T	0	0	8	34.5
A_PB2	861	8	G	0	0	8	35.125
A_PB2	862	8	A	0	0	8	36.375
A_PB2	863	8	G	0	0	8	36.5
A_PB2	864	8	G	0	0	8	32.875
A_PB2	865	8	A	0	0	8	32.375
A_PB2	866	8	A	0	0	8	35
A_PB2	867	9	C	0	0	9	30.8888888888889
A_PB2	868	9	A	0	0	9	35
A_PB2	869	9	A	0	0	9	29.7777777777778
A_PB2	870	9	G	0	0	9	32
A_PB2	871	9	C	0	0	9	31.1111111111111
A_PB2	872	9	C	0	0	9	34.2222222222222
A_PB2	873	9	G	0	0	9	32.8888888888889
A_PB2	874	9	T	0	0	8	30.75
A_PB2	875	9	A	0	0	5	33
A_PB2	876	9	G	0	0	9	31.4444444444444
A_PB2	877	9	A	0	0	9	32.1111111111111
A_PB2	878	9	C	0	0	9	34.8888888888889
A_PB2	879	9	A	0	0	9	34.5555555555556
A_PB2	880	9	T	0	0	9	30.4444444444444
A_PB2	881	9	A	0	0	9	31.4444444444444
A_PB2	882	9	T	0	0	9	34.5555555555556
A_PB2	883	9	G	0	0	9	32.5555555555556
A_PB2	884	9	T	0	0	5	35.8
A_PB2	885	9	A	0	0	9	32.3333333333333
A_PB2	886	9	A	0	0	9	29.7777777777778
A_PB2	887	8	A	0	0	8	28.875
A_PB2	888	8	G	0	0	8	33.75
A_PB2	889	8	C	0	0	8	30
A_PB2	890	8	A	0	0	4	35.5
A_PB2	891	7	G	0	0	7	31.8571428571429
A_PB2	892	7	C	0	0	7	31.4285714285714
A_PB2	893	7	A	0	0	7	32.5714285714286
A_PB2	894	7	A	0	0	6	29.3333333333333
A_PB2	895	7	T	0	0	7	33.8571428571429
A_PB2	896	7	A	0	0	7	29.2857142857143
A_PB2	897	7	G	0	0	7	33
A_PB2	898	7	G	0	0	7	33.7142857142857
A_PB2	899	7	G	0	0	7	30.4285714285714
A_PB2	900	7	T	0	0	7	32.5714285714286
A_PB2	901	7	T	0	0	7	33.5714285714286
A_PB2	902	7	G	0	0	7	32.7142857142857
A_PB2	903	7	A	0	0	7	31.1428571428571
A_PB2	904	7	G	0	0	7	28.4285714285714
A_PB2	905	7	G	0	0	6	30.3333333333333
A_PB2	906	7	A	0	0	7	32
A_PB2	907	7	T	0	0	7	34.1428571428571
A_PB2	908	7	T	0	0	7	34.2857142857143
A_PB2	909	7	A	0	0	7	29.5714285714286
A_PB2	910	7	G	0	0	7	28.8571428571429
A_PB2	911	6	T	0	0	3	38.3333333333333
A_PB2	912	6	T	0	0	6	33.5
A_PB2	913	6	C	0	0	6	31.1666666666667
A_PB2	914	7	A	0	0	7	31
A_PB2	915	7	T	0	0	7	31.4285714285714
A_PB2	916	7	C	0	0	7	33.2857142857143
A_PB2	917	7	T	0	0	7	31.1428571428571
A_PB2	918	7	T	0	0	7	33.7142857142857
A_PB2	919	7	T	0	0	7	34.4285714285714
A_PB2	920	7	C	0	0	7	37.2857142857143
A_PB2	921	7	A	0	0	7	31.7142857142857
A_PB2	922	7	G	0	0	7	28.2857142857143
A_PB2	923	7	T	0	0	7	34.5714285714286
A_PB2	924	7	T	0	0	7	33.8571428571429
A_PB2	925	7	T	0	0	7	31.7142857142857
A_PB2	926	7	T	0	0	7	31.1428571428571
A_PB2	927	7	G	0	0	7	36.5714285714286
A_PB2	928	7	G	0	0	7	30.5714285714286
A_PB2	929	7	T	0	0	7	34
A_PB2	930	7	G	0	0	7	33.7142857142857
A_PB2	931	7	G	0	0	7	31
A_PB2	932	7	G	0	0	4	35
A_PB2	933	7	T	0	0	7	27.4285714285714
A_PB2	934	7	T	0	0	6	32.6666666666667
A_PB2	935	7	C	0	0	7	28.8571428571429
A_PB2	936	7	A	0	0	7	34.2857142857143
A_PB2	937	7	C	0	0	7	31.2857142857143
A_PB2	938	7	T	0	0	7	33.7142857142857
A_PB2	939	7	T	0	0	7	29
A_PB2	940	7	T	0	0	7	34.4285714285714
A_PB2	941	7	C	0	0	7	31.7142857142857
A_PB2	942	8	A	0	0	8	35.25
A_PB2	943	8	A	0	0	7	37.2857142857143
A_PB2	944	8	A	0	0	8	36.375
A_PB2	945	8	A	0	0	7	34.4285714285714
A_PB2	946	8	G	0	0	7	30.8571428571429
A_PB2	947	7	A	0	0	5	27.8
A_PB2	948	7	A	0	0	7	32.4285714285714
A_PB2	949	7	C	0	0	7	27.7142857142857
A_PB2	950	7	A	0	0	7	36.7142857142857
A_PB2	951	7	A	0	0	7	33.8571428571429
A_PB2	952	7	G	0	0	7	30.4285714285714
A_PB2	953	7	T	0	0	5	33.8
A_PB2	954	7	G	0	0	7	33
A_PB2	955	7	G	0	0	7	31.5714285714286
A_PB2	956	7	A	0	0	6	35.5
A_PB2	957	7	T	0	0	7	30
A_PB2	958	7	C	0	0	7	31.5714285714286
A_PB2	959	7	A	0	0	6	32.5
A_PB2	960	7	T	0	0	7	30.2857142857143
A_PB2	961	7	C	0	0	7	35.1428571428571
A_PB2	962	7	A	0	0	7	27.7142857142857
A_PB2	963	7	G	0	0	5	32.4
A_PB2	964	7	T	0	0	7	30.7142857142857
A_PB2	965	7	C	0	0	5	36
A_PB2	966	7	A	0	0	7	33.1428571428571
A_PB2	967	7	A	0	0	7	30.4285714285714
A_PB2	968	7	G	0	0	6	35.1666666666667
A_PB2	969	8	A	0	0	8	33.5
A_PB2	970	8	A	0	0	7	37
A_PB2	971	8	A	0	0	7	36.4285714285714
A_PB2	972	8	G	0	0	8	32.875
A_PB2	973	7	A	0	0	7	30.8571428571429
A_PB2	974	7	A	0	0	6	31.8333333333333
A_PB2	975	7	G	0	0	7	30.7142857142857
A_PB2	976	7	A	0	0	7	35.2857142857143
A_PB2	977	6	A	0	0	6	25.8333333333333
A_PB2	978	6	G	0	0	6	30.3333333333333
A_PB2	979	6	A	0	0	6	26.1666666666667
A_PB2	980	6	A	0	0	5	35.8
A_PB2	981	6	A	0	0	4	38.25
A_PB2	982	7	T	0	0	7	27
A_PB2	983	7	G	0	0	7	29.8571428571429
A_PB2	984	7	C	0	0	7	30.4285714285714
A_PB2	985	7	T	0	0	6	30.3333333333333
A_PB2	986	7	A	0	0	6	32.6666666666667
A_PB2	987	7	A	0	0	7	30.1428571428571
A_PB2	988	7	C	0	0	7	34.5714285714286
A_PB2	989	6	G	0	0	4	31.75
A_PB2	990	6	G	0	0	6	32.8333333333333
A_PB2	991	6	G	0	0	6	30
A_PB2	992	6	C	0	0	6	32.3333333333333
A_PB2	993	6	A	0	0	6	32.6666666666667
A_PB2	994	6	A	0	0	6	29.5
A_PB2	995	6	C	0	0	6	35.3333333333333
A_PB2	996	6	C	0	0	6	30.5
A_PB2	997	6	T	0	0	6	33.5
A_PB2	998	6	C	0	0	6	29.8333333333333
A_PB2	999	6	C	0	0	6	29.3333333333333
A_PB2	1000	6	A	0	0	6	26.8333333333333
A_PB2	1001	6	A	0	0	6	29.1666666666667
A_PB2	1002	6	A	0	0	6	30.1666666666667
A_PB2	1003	6	C	0	0	6	25.3333333333333
A_PB2	1004	6	A	0	0	6	29.3333333333333
A_PB2	1005	6	C	0	0	6	26.3333333333333
A_PB2	1006	5	T	0	0	5	35.4
A_PB2	1007	5	G	0	0	5	33.2
A_PB2	1008	5	A	0	0	5	36.4
A_PB2	1009	5	A	0	0	5	31.8
A_PB2	1010	5	A	0	0	5	24.6
A_PB2	1011	5	A	0	0	5	30.2
A_PB2	1012	6	T	0	0	6	30.5
A_PB2	1013	6	A	0	0	5	27.6
A_PB2	1014	6	A	0	0	6	30.8333333333333
A_PB2	1015	7	G	0	0	7	31.8571428571429
A_PB2	1016	7	A	0	0	7	32.4285714285714
A_PB2	1017	8	G	0	0	8	30.25
A_PB2	1018	7	T	0	0	7	34.1428571428571
A_PB2	1019	6	A	0	0	6	32.3333333333333
A_PB2	1020	6	C	0	0	6	36.1666666666667
A_PB2	1021	6	A	0	0	6	37.3333333333333
A_PB2	1022	6	T	0	0	6	37.6666666666667
A_PB2	1023	6	G	0	0	6	34.1666666666667
A_PB2	1024	6	A	0	0	6	30.5
A_PB2	1025	6	A	0	0	6	33
A_PB2	1026	6	G	0	0	6	33.3333333333333
A_PB2	1027	6	G	0	0	6	29.5
A_PB2	1028	6	A	0	0	3	30.3333333333333
A_PB2	1029	6	T	0	0	6	33
A_PB2	1030	6	A	0	0	6	36.8333333333333
A_PB2	1031	6	C	0	0	3	38
A_PB2	1032	6	G	0	0	6	29.6666666666667
A_PB2	1033	6	A	0	0	6	33.6666666666667
A_PB2	1034	6	A	0	0	3	31
A_PB2	1035	6	G	0	0	6	33.6666666666667
A_PB2	1036	6	A	0	0	6	36.6666666666667
A_PB2	1037	6	A	0	0	4	31.25
A_PB2	1038	6	T	0	0	6	36.5
A_PB2	1039	6	T	0	0	6	38.1666666666667
A_PB2	1040	6	C	0	0	6	33.3333333333333
A_PB2	1041	6	A	0	0	6	33.3333333333333
A_PB2	1042	6	C	0	0	6	34
A_PB2	1043	6	A	0	0	6	38
A_PB2	1044	6	A	0	0	6	37.8333333333333
A_PB2	1045	6	T	0	0	6	34.3333333333333
A_PB2	1046	6	G	0	0	6	37.1666666666667
A_PB2	1047	6	G	0	0	6	32.8333333333333
A_PB2	1048	6	T	0	0	6	30.5
A_PB2	1049	6	T	0	0	6	33.3333333333333
A_PB2	1050	6	G	0	0	6	30
A_PB2	1051	6	G	0	0	6	32.6666666666667
A_PB2	1052	6	G	0	0	6	31.3333333333333
A_PB2	1053	6	C	0	0	3	38.3333333333333
A_PB2	1054	6	G	0	0	6	37.1666666666667
A_PB2	1055	6	A	0	0	5	36.8
A_PB2	1056	6	A	0	0	6	33.1666666666667
A_PB2	1057	6	G	0	0	6	33.5
A_PB2	1058	5	G	0	0	3	35.3333333333333
A_PB2	1059	5	G	0	0	5	37.6
A_PB2	1060	5	C	0	0	5	37.2
A_PB2	1061	5	T	0	0	3	39
A_PB2	1062	5	A	0	0	5	37.2
A_PB2	1063	5	C	0	0	5	37
A_PB2	1064	5	A	0	0	5	33
A_PB2	1065	5	G	0	0	5	38
A_PB2	1066	5	C	0	0	5	32
A_PB2	1067	5	C	0	0	4	31.5
A_PB2	1068	5	A	0	0	5	37.2
A_PB2	1069	5	T	0	0	5	34.4
A_PB2	1070	5	T	0	0	4	37
A_PB2	1071	5	T	0	0	3	31.3333333333333
A_PB2	1072	5	T	0	0	5	33.2
A_PB2	1073	5	G	0	0	3	31
A_PB2	1074	5	A	0	0	5	31.6
A_PB2	1075	5	G	0	0	5	32.4
A_PB2	1076	5	A	0	0	4	37.75
A_PB2	1077	5	A	0	0	5	34
A_PB2	1078	5	A	0	0	5	29.4
A_PB2	1079	5	A	0	0	4	36.75
A_PB2	1080	5	G	0	0	5	33.6
A_PB2	1081	5	C	0	0	5	35.6
A_PB2	1082	5	A	0	0	5	36.6
A_PB2	1083	6	A	0	0	5	37
A_PB2	1084	6	C	0	0	6	30.6666666666667
A_PB2	1085	6	C	0	0	6	35
A_PB2	1086	6	A	0	0	6	29
A_PB2	1087	6	G	0	0	6	30.8333333333333
A_PB2	1088	6	A	0	0	3	36
A_PB2	1089	6	A	0	0	6	36.1666666666667
A_PB2	1090	6	G	0	0	6	33.5
A_PB2	1091	6	A	0	0	4	25.25
A_PB2	1092	6	T	0	0	3	34
A_PB2	1093	6	T	0	0	6	33.6666666666667
A_PB2	1094	6	G	0	0	6	33.3333333333333
A_PB2	1095	6	A	0	0	6	33.3333333333333
A_PB2	1096	6	T	0	0	6	31
A_PB2	1097	6	C	0	0	6	35.5
A_PB2	1098	6	C	0	0	5	31.8
A_PB2	1099	6	A	0	0	5	35.6
A_PB2	1100	5	A	0	0	3	30.6666666666667
A_PB2	1101	5	T	0	0	4	30.25
A_PB2	1102	5	T	0	0	5	33
A_PB2	1103	5	A	0	0	3	31.6666666666667
A_PB2	1104	5	A	0	0	5	34
A_PB2	1105	5	T	0	0	5	37
A_PB2	1106	5	T	0	0	3	36.3333333333333
A_PB2	1107	5	G	0	0	5	29
A_PB2	1108	5	T	0	0	5	34.8
A_PB2	1109	5	G	0	0	3	31.6666666666667
A_PB2	1110	5	A	0	0	5	33.8
A_PB2	1111	5	G	0	0	5	36.8
A_PB2	1112	5	T	0	0	3	36.6666666666667
A_PB2	1113	5	G	0	0	5	32
A_PB2	1114	5	G	0	0	5	31
A_PB2	1115	5	G	0	0	5	32
A_PB2	1116	5	A	0	0	5	28.6
A_PB2	1117	5	G	0	0	5	35.2
A_PB2	1118	5	A	0	0	5	31.8
A_PB2	1119	5	G	0	0	5	31.2
A_PB2	1120	5	A	0	0	5	37.6
A_PB2	1121	5	C	0	0	5	33.4
A_PB2	1122	5	G	0	0	5	36.6
A_PB2	1123	5	A	0	0	5	28.2
A_PB2	1124	5	A	0	0	3	30
A_PB2	1125	5	C	0	0	5	27.8
A_PB2	1126	5	A	0	0	5	31.2
A_PB2	1127	5	G	0	0	5	37
A_PB2	1128	5	T	0	0	5	30.2
A_PB2	1129	5	C	0	0	5	28
A_PB2	1130	5	A	0	0	5	38
A_PB2	1131	5	A	0	0	5	34
A_PB2	1132	4	T	0	0	4	32.75
A_PB2	1133	4	C	0	0	3	35
A_PB2	1134	4	G	0	0	3	38
A_PB2	1135	4	C	0	0	4	31.25
A_PB2	1136	4	T	0	0	4	37.25
A_PB2	1137	4	G	0	0	4	32
A_PB2	1138	4	A	0	0	4	34.75
A_PB2	1139	4	A	0	0	4	38.5
A_PB2	1140	4	G	0	0	3	38.3333333333333
A_PB2	1141	4	C	0	0	3	37
A_PB2	1142	4	A	0	0	4	33.25
A_PB2	1143	4	A	0	0	4	33
A_PB2	1144	4	T	0	0	4	37.5
A_PB2	1145	4	C	0	0	3	31.3333333333333
A_PB2	1146	4	A	0	0	4	37
A_PB2	1147	4	T	0	0	4	36.5
A_PB2	1148	4	A	0	0	3	31.6666666666667
A_PB2	1149	4	G	0	0	4	33.25
A_PB2	1150	4	T	0	0	4	35.5
A_PB2	1151	4	G	0	0	4	33.25
A_PB2	1152	4	G	0	0	4	32.75
A_PB2	1153	4	C	0	0	4	35.75
A_PB2	1154	4	A	0	0	3	37.6666666666667
A_PB2	1155	4	A	0	0	4	38.5
A_PB2	1156	4	T	0	0	4	36.75
A_PB2	1157	4	G	0	0	4	37
A_PB2	1158	4	G	0	0	4	33
A_PB2	1159	4	T	0	0	3	38.6666666666667
A_PB2	1160	4	T	0	0	3	34.3333333333333
A_PB2	1161	4	T	0	0	4	37.5
A_PB2	1162	4	T	0	0	4	37.75
A_PB2	1163	3	C	0	0	3	31.6666666666667
A_PB2	1164	3	T	0	0	3	31
A_PB2	1165	2	C	0	0	2	39
A_PB2	1166	2	A	0	0	2	39
A_PB2	1167	1	C	0	0	1	39
A_PB2	1168	1	A	0	0	1	37
A_PB2	1169	1	A	0	0	1	38
A_PB2	1170	1	G	0	0	1	39
A_PB2	1171	1	A	0	0	1	39
A_PB2	1172	1	A	0	0	1	39
A_PB2	1173	1	G	0	0	1	34
A_PB2	1174	1	A	0	0	1	39
A_PB2	1175	1	T	0	0	1	39
A_PB2	1176	2	T	0	0	2	38.5
A_PB2	1177	2	G	0	0	2	37.5
A_PB2	1178	2	C	0	0	2	27.5
A_PB2	1179	2	A	0	0	2	38.5
A_PB2	1180	2	T	0	0	2	28
A_PB2	1181	2	G	0	0	2	38.5
A_PB2	1182	3	A	0	0	3	36.3333333333333
A_PB2	1183	3	T	0	0	3	24
A_PB2	1184	3	C	0	0	2	33.5
A_PB2	1185	3	A	0	0	3	29
A_PB2	1186	3	A	0	0	3	29
A_PB2	1187	3	G	0	0	2	38
A_PB2	1188	3	G	0	0	3	33.3333333333333
A_PB2	1189	3	C	0	0	3	24
A_PB2	1190	3	A	0	0	3	35.6666666666667
A_PB2	1191	3	G	0	0	2	26.5
A_PB2	1192	3	T	0	0	3	33.6666666666667
A_PB2	1193	3	T	0	0	2	38
A_PB2	1194	3	A	0	0	2	38
A_PB2	1195	3	G	0	0	3	30.3333333333333
A_PB2	1196	3	A	0	0	2	38
A_PB2	1197	3	G	0	0	3	38
A_PB2	1198	3	G	0	0	3	36.6666666666667
A_PB2	1199	3	T	0	0	3	37.3333333333333
A_PB2	1200	3	G	0	0	3	35.6666666666667
A_PB2	1201	3	A	0	0	3	34.3333333333333
A_PB2	1202	3	T	0	0	3	30.6666666666667
A_PB2	1203	4	C	0	0	4	37.5
A_PB2	1204	4	T	0	0	3	36.3333333333333
A_PB2	1205	4	G	0	0	4	38
A_PB2	1206	4	A	0	0	4	32.75
A_PB2	1207	4	A	0	0	4	37.75
A_PB2	1208	4	C	0	0	3	38.6666666666667
A_PB2	1209	4	T	0	0	4	38
A_PB2	1210	4	T	0	0	4	38.75
A_PB2	1211	4	T	0	0	4	38.25
A_PB2	1212	4	G	0	0	4	37.75
A_PB2	1213	4	T	0	0	4	37.75
A_PB2	1214	4	C	0	0	3	38.3333333333333
A_PB2	1215	4	A	0	0	4	37.75
A_PB2	1216	4	A	0	0	4	33
A_PB2	1217	4	T	0	0	3	38
A_PB2	1218	4	A	0	0	4	37
A_PB2	1219	4	G	0	0	4	38
A_PB2	1220	4	G	0	0	3	38.6666666666667
A_PB2	1221	4	G	0	0	4	32
A_PB2	1222	4	C	0	0	4	36
A_PB2	1223	4	A	0	0	3	37.6666666666667
A_PB2	1224	4	A	0	0	4	35.5
A_PB2	1225	4	A	0	0	4	31.75
A_PB2	1226	4	C	0	0	3	37.6666666666667
A_PB2	1227	4	C	0	0	4	31.5
A_PB2	1228	4	A	0	0	4	30.5
A_PB2	1229	4	G	0	0	2	26.5
A_PB2	1230	4	C	0	0	4	30.75
A_PB2	1231	4	G	0	0	4	31.25
A_PB2	1232	4	A	0	0	3	35.3333333333333
A_PB2	1233	4	C	0	0	3	36.3333333333333
A_PB2	1234	3	T	0	0	3	37.6666666666667
A_PB2	1235	3	G	0	0	2	38
A_PB2	1236	3	A	0	0	3	37.3333333333333
A_PB2	1237	3	A	0	0	3	38.3333333333333
A_PB2	1238	3	C	0	0	2	37
A_PB2	1239	3	C	0	0	3	37
A_PB2	1240	3	C	0	0	3	38
A_PB2	1241	3	C	0	0	2	38.5
A_PB2	1242	4	A	0	0	4	33.25
A_PB2	1243	4	T	0	0	4	33.25
A_PB2	1244	4	G	0	0	4	37.5
A_PB2	1245	5	C	0	0	4	31.75
A_PB2	1246	5	A	0	0	5	32.8
A_PB2	1247	5	T	0	0	4	36.75
A_PB2	1248	5	C	0	0	5	33
A_PB2	1249	5	A	0	0	5	37.2
A_PB2	1250	5	A	0	0	5	36.4
A_PB2	1251	5	C	0	0	5	38.2
A_PB2	1252	5	T	0	0	5	38.6
A_PB2	1253	5	C	0	0	3	37.6666666666667
A_PB2	1254	5	T	0	0	3	37
A_PB2	1255	5	T	0	0	5	38.4
A_PB2	1256	5	G	0	0	4	38.25
A_PB2	1257	5	A	0	0	5	38.2
A_PB2	1258	5	G	0	0	5	38.4
A_PB2	1259	5	G	0	0	5	37.6
A_PB2	1260	5	C	0	0	4	32.75
A_PB2	1261	5	A	0	0	5	36.4
A_PB2	1262	5	T	0	0	5	38.4
A_PB2	1263	5	T	0	0	5	38.4
A_PB2	1264	5	T	0	0	5	38.2
A_PB2	1265	5	C	0	0	3	37.3333333333333
A_PB2	1266	5	C	0	0	5	37.4
A_PB2	1267	5	A	0	0	5	37.6
A_PB2	1268	5	A	0	0	5	34.6
A_PB2	1269	5	A	0	0	5	33
A_PB2	1270	5	A	0	0	5	32.8
A_PB2	1271	5	A	0	0	3	38.3333333333333
A_PB2	1272	5	G	0	0	5	36.2
A_PB2	1273	5	A	0	0	5	32.2
A_PB2	1274	5	T	0	0	5	33
A_PB2	1275	5	G	0	0	5	37.4
A_PB2	1276	5	C	0	0	5	37
A_PB2	1277	5	A	0	0	3	31.3333333333333
A_PB2	1278	5	A	0	0	5	33.4
A_PB2	1279	5	A	0	0	5	38.4
A_PB2	1280	5	A	0	0	5	38.8
A_PB2	1281	5	G	0	0	5	38.6
A_PB2	1282	5	T	0	0	5	33.6
A_PB2	1283	5	G	0	0	5	38
A_PB2	1284	5	C	0	0	3	38.6666666666667
A_PB2	1285	5	T	0	0	5	37.6
A_PB2	1286	5	T	0	0	3	39
A_PB2	1287	5	T	0	0	5	34.2
A_PB2	1288	5	T	0	0	5	38.4
A_PB2	1289	5	C	0	0	3	39
A_PB2	1290	6	C	0	0	6	37.6666666666667
A_PB2	1291	6	A	0	0	6	38.8333333333333
A_PB2	1292	6	A	0	0	4	38.5
A_PB2	1293	6	A	0	0	6	34.8333333333333
A_PB2	1294	6	A	0	0	6	38.3333333333333
A_PB2	1295	6	C	0	0	6	38.5
A_PB2	1296	6	T	0	0	6	37.6666666666667
A_PB2	1297	6	G	0	0	6	38.3333333333333
A_PB2	1298	6	G	0	0	6	38.8333333333333
A_PB2	1299	6	G	0	0	6	38
A_PB2	1300	6	G	0	0	6	38.1666666666667
A_PB2	1301	6	G	0	0	5	38
A_PB2	1302	6	G	0	0	4	38.25
A_PB2	1303	6	T	0	0	6	38.3333333333333
A_PB2	1304	6	T	0	0	6	38.3333333333333
A_PB2	1305	6	G	0	0	6	37.5
A_PB2	1306	6	A	0	0	6	37.6666666666667
A_PB2	1307	6	A	0	0	6	35
A_PB2	1308	6	C	0	0	4	38.75
A_PB2	1309	6	C	0	0	6	34.3333333333333
A_PB2	1310	6	C	0	0	3	37.3333333333333
A_PB2	1311	6	A	0	0	6	35.1666666666667
A_PB2	1312	6	T	0	0	6	38.3333333333333
A_PB2	1313	6	C	0	0	3	37.6666666666667
A_PB2	1314	6	G	0	0	6	38.3333333333333
A_PB2	1315	6	A	0	0	6	37.3333333333333
A_PB2	1316	6	C	0	0	6	38.3333333333333
A_PB2	1317	6	A	0	0	6	37.6666666666667
A_PB2	1318	6	A	0	0	6	38.3333333333333
A_PB2	1319	6	T	0	0	6	38.6666666666667
A_PB2	1320	6	G	0	0	6	38.3333333333333
A_PB2	1321	6	T	0	0	6	37
A_PB2	1322	6	A	0	0	3	36.6666666666667
A_PB2	1323	6	A	0	0	6	37
A_PB2	1324	6	T	0	0	6	37.3333333333333
A_PB2	1325	6	G	0	0	6	37.5
A_PB2	1326	6	G	0	0	6	37
A_PB2	1327	6	G	0	0	6	37.5
A_PB2	1328	6	A	0	0	4	33
A_PB2	1329	6	A	0	0	6	37
A_PB2	1330	6	T	0	0	6	37.1666666666667
A_PB2	1331	6	G	0	0	6	37.8333333333333
A_PB2	1332	6	A	0	0	6	38.3333333333333
A_PB2	1333	6	T	0	0	6	37.1666666666667
A_PB2	1334	6	C	0	0	4	37.5
A_PB2	1335	6	G	0	0	6	37.8333333333333
A_PB2	1336	6	G	0	0	6	36.1666666666667
A_PB2	1337	6	A	0	0	4	34
A_PB2	1338	6	A	0	0	6	37
A_PB2	1339	6	T	0	0	6	38
A_PB2	1340	6	A	0	0	6	37.5
A_PB2	1341	6	C	0	0	4	38.75
A_PB2	1342	6	T	0	0	6	37.6666666666667
A_PB2	1343	6	G	0	0	4	37.25
A_PB2	1344	6	C	0	0	6	37.3333333333333
A_PB2	1345	4	C	0	0	4	38.5
A_PB2	1346	4	T	0	0	3	39
A_PB2	1347	4	G	0	0	4	38.25
A_PB2	1348	4	A	0	0	4	38
A_PB2	1349	4	C	0	0	4	37.75
A_PB2	1350	4	A	0	0	4	38.5
A_PB2	1351	4	T	0	0	4	34.75
A_PB2	1352	4	G	0	0	4	35.5
A_PB2	1353	4	A	0	0	4	38.5
A_PB2	1354	4	C	0	0	4	37.75
A_PB2	1355	4	C	0	0	4	38.75
A_PB2	1356	4	C	0	0	4	38.25
A_PB2	1357	4	C	0	0	4	36.25
A_PB2	1358	4	A	0	0	2	35
A_PB2	1359	4	A	0	0	4	38
A_PB2	1360	4	G	0	0	4	37
A_PB2	1361	4	C	0	0	3	38
A_PB2	1362	4	A	0	0	4	38
A_PB2	1363	4	C	0	0	4	37.25
A_PB2	1364	4	G	0	0	2	37
A_PB2	1365	5	G	0	0	5	36.4
A_PB2	1366	6	A	0	0	6	35.3333333333333
A_PB2	1367	6	G	0	0	6	36
A_PB2	1368	6	A	0	0	6	36.3333333333333
A_PB2	1369	6	T	0	0	6	36.8333333333333
A_PB2	1370	6	G	0	0	6	37.1666666666667
A_PB2	1371	6	T	0	0	6	37.1666666666667
A_PB2	1372	6	C	0	0	6	38.1666666666667
A_PB2	1373	6	G	0	0	4	34.5
A_PB2	1374	6	C	0	0	6	35.3333333333333
A_PB2	1375	6	T	0	0	5	36.4
A_PB2	1376	6	G	0	0	6	35.1666666666667
A_PB2	1377	6	A	0	0	6	35
A_PB2	1378	6	G	0	0	6	36.6666666666667
A_PB2	1379	6	A	0	0	5	35.8
A_PB2	1380	6	G	0	0	6	36.1666666666667
A_PB2	1381	6	G	0	0	6	35.3333333333333
A_PB2	1382	5	G	0	0	3	35
A_PB2	1383	5	A	0	0	3	35.3333333333333
A_PB2	1384	5	T	0	0	5	36.4
A_PB2	1385	5	A	0	0	3	37.6666666666667
A_PB2	1386	5	A	0	0	5	37.8
A_PB2	1387	5	G	0	0	5	37.6
A_PB2	1388	5	A	0	0	5	38.6
A_PB2	1389	5	G	0	0	5	37.8
A_PB2	1390	5	T	0	0	5	29.6
A_PB2	1391	5	C	0	0	5	38
A_PB2	1392	5	A	0	0	5	38
A_PB2	1393	5	G	0	0	5	37.4
A_PB2	1394	5	C	0	0	5	35.2
A_PB2	1395	5	A	0	0	5	37
A_PB2	1396	4	A	0	0	4	33.5
A_PB2	1397	4	A	0	0	4	38.5
A_PB2	1398	4	A	0	0	4	33.5
A_PB2	1399	4	T	0	0	2	37
A_PB2	1400	4	G	0	0	2	28.5
A_PB2	1401	4	G	0	0	4	31.75
A_PB2	1402	4	G	0	0	4	32.25
A_PB2	1403	4	A	0	0	4	32.25
A_PB2	1404	4	G	0	0	4	36
A_PB2	1405	5	T	0	0	5	32
A_PB2	1406	5	A	0	0	3	29.3333333333333
A_PB2	1407	5	G	0	0	5	37
A_PB2	1408	5	A	0	0	5	36.6
A_PB2	1409	5	T	0	0	5	36.4
A_PB2	1410	5	G	0	0	5	36.6
A_PB2	1411	5	A	0	0	5	38.4
A_PB2	1412	5	A	0	0	3	38.3333333333333
A_PB2	1413	5	T	0	0	5	38.4
A_PB2	1414	5	A	0	0	5	37.6
A_PB2	1415	5	C	0	0	3	37.3333333333333
A_PB2	1416	5	T	0	0	5	37.6
A_PB2	1417	5	C	0	0	4	34.25
A_PB2	1418	5	C	0	0	5	38
A_PB2	1419	5	A	0	0	5	38.2
A_PB2	1420	5	G	0	0	5	38.4
A_PB2	1421	5	C	0	0	3	38.6666666666667
A_PB2	1422	5	A	0	0	5	37
A_PB2	1423	5	C	0	0	5	33.6
A_PB2	1424	5	G	0	0	3	35.3333333333333
A_PB2	1425	5	G	0	0	5	37.2
A_PB2	1426	5	A	0	0	5	34
A_PB2	1427	5	G	0	0	5	33.4
A_PB2	1428	5	A	0	0	5	32.8
A_PB2	1429	5	G	0	0	5	29.4
A_PB2	1430	5	A	0	0	3	30.3333333333333
A_PB2	1431	5	G	0	0	5	33.2
A_PB2	1432	5	T	0	0	5	31.2
A_PB2	1433	5	G	0	0	4	36
A_PB2	1434	5	G	0	0	5	34
A_PB2	1435	5	T	0	0	5	33
A_PB2	1436	4	A	0	0	3	32
A_PB2	1437	4	G	0	0	4	33.25
A_PB2	1438	4	T	0	0	4	33
A_PB2	1439	4	A	0	0	2	38.5
A_PB2	1440	4	A	0	0	4	29
A_PB2	1441	4	G	0	0	4	32.25
A_PB2	1442	4	T	0	0	3	37
A_PB2	1443	4	A	0	0	4	32.75
A_PB2	1444	4	T	0	0	4	36.5
A_PB2	1445	4	T	0	0	4	34
A_PB2	1446	4	G	0	0	4	33.25
A_PB2	1447	4	A	0	0	4	29.25
A_PB2	1448	4	C	0	0	3	32.6666666666667
A_PB2	1449	4	C	0	0	4	32
A_PB2	1450	4	G	0	0	4	33.75
A_PB2	1451	4	A	0	0	3	37.6666666666667
A_PB2	1452	4	T	0	0	4	31
A_PB2	1453	4	T	0	0	4	32
A_PB2	1454	4	T	0	0	3	30.6666666666667
A_PB2	1455	4	T	0	0	4	33.5
A_PB2	1456	4	T	0	0	4	32.25
A_PB2	1457	4	A	0	0	3	38.6666666666667
A_PB2	1458	4	A	0	0	4	32.75
A_PB2	1459	4	G	0	0	4	29
A_PB2	1460	4	G	0	0	3	32
A_PB2	1461	4	G	0	0	4	35.5
A_PB2	1462	4	T	0	0	4	30.25
A_PB2	1463	4	T	0	0	4	35
A_PB2	1464	4	A	0	0	3	38
A_PB2	1465	4	G	0	0	4	27
A_PB2	1466	4	A	0	0	4	38.25
A_PB2	1467	4	G	0	0	4	28
A_PB2	1468	4	A	0	0	4	37.25
A_PB2	1469	5	T	0	0	5	28.6
A_PB2	1470	5	C	0	0	5	33
A_PB2	1471	5	A	0	0	5	33.2
A_PB2	1472	5	A	0	0	4	37.5
A_PB2	1473	5	A	0	0	5	30.6
A_PB2	1474	5	G	0	0	5	33.4
A_PB2	1475	5	A	0	0	4	33.25
A_PB2	1476	5	G	0	0	5	33.2
A_PB2	1477	5	G	0	0	5	29.2
A_PB2	1478	5	G	0	0	4	36.5
A_PB2	1479	5	A	0	0	5	33.2
A_PB2	1480	5	A	0	0	5	29.4
A_PB2	1481	5	C	0	0	5	29.6
A_PB2	1482	5	G	0	0	3	35.6666666666667
A_PB2	1483	5	T	0	0	4	32.75
A_PB2	1484	5	A	0	0	4	37
A_PB2	1485	5	C	0	0	3	28.3333333333333
A_PB2	1486	5	T	0	0	5	29.4
A_PB2	1487	5	A	0	0	4	37.25
A_PB2	1488	6	T	0	0	5	35.8
A_PB2	1489	6	T	0	0	6	37
A_PB2	1490	6	G	0	0	6	30.8333333333333
A_PB2	1491	6	T	0	0	6	32.6666666666667
A_PB2	1492	7	C	0	0	7	36
A_PB2	1493	7	T	0	0	7	33.5714285714286
A_PB2	1494	7	C	0	0	7	28.2857142857143
A_PB2	1495	7	C	0	0	7	33.1428571428571
A_PB2	1496	7	C	0	0	5	36.4
A_PB2	1497	7	G	0	0	7	30.1428571428571
A_PB2	1498	7	A	0	0	7	33.1428571428571
A_PB2	1499	7	A	0	0	6	34.6666666666667
A_PB2	1500	7	G	0	0	7	32.4285714285714
A_PB2	1501	7	A	0	0	7	33.8571428571429
A_PB2	1502	7	A	0	0	6	29.8333333333333
A_PB2	1503	7	G	0	0	7	31.4285714285714
A_PB2	1504	8	T	0	0	8	33.125
A_PB2	1505	8	C	0	0	7	33.4285714285714
A_PB2	1506	8	A	0	0	8	34.75
A_PB2	1507	8	G	0	0	8	32.25
A_PB2	1508	8	T	0	0	7	33.4285714285714
A_PB2	1509	8	G	0	0	8	33.125
A_PB2	1510	8	A	0	0	8	35.625
A_PB2	1511	7	G	0	0	4	32.75
A_PB2	1512	7	A	0	0	7	30.8571428571429
A_PB2	1513	7	C	0	0	7	30.7142857142857
A_PB2	1514	7	G	0	0	5	32.8
A_PB2	1515	7	C	0	0	7	33.5714285714286
A_PB2	1516	7	A	0	0	7	31
A_PB2	1517	6	A	0	0	5	33.6
A_PB2	1518	7	G	0	0	7	33.1428571428571
A_PB2	1519	9	G	0	0	9	33.2222222222222
A_PB2	1520	9	A	0	0	9	34.2222222222222
A_PB2	1521	9	A	0	0	9	32
A_PB2	1522	9	C	0	0	7	32.7142857142857
A_PB2	1523	9	T	0	0	7	31.1428571428571
A_PB2	1524	9	G	0	0	9	32.8888888888889
A_PB2	1525	9	A	0	0	9	34.3333333333333
A_PB2	1526	10	G	0	0	10	31.3
A_PB2	1527	10	A	0	0	10	33.4
A_PB2	1528	10	A	0	0	10	36.8
A_PB2	1529	10	A	0	0	10	31.6
A_PB2	1530	10	T	0	0	8	34
A_PB2	1531	10	T	0	0	9	36.3333333333333
A_PB2	1532	10	G	0	0	9	36.7777777777778
A_PB2	1533	10	A	0	0	9	35.1111111111111
A_PB2	1534	10	C	0	0	10	34
A_PB2	1535	10	A	0	0	9	33.6666666666667
A_PB2	1536	10	A	0	0	10	35
A_PB2	1537	10	T	0	0	10	31.6
A_PB2	1538	10	A	0	0	10	35
A_PB2	1539	10	A	0	0	9	37.8888888888889
A_PB2	1540	11	C	0	0	11	35
A_PB2	1541	11	T	0	0	9	37.1111111111111
A_PB2	1542	11	T	0	0	11	35.4545454545455
A_PB2	1543	11	A	0	0	11	34.7272727272727
A_PB2	1544	11	T	0	0	11	34.1818181818182
A_PB2	1545	11	T	0	0	11	33.3636363636364
A_PB2	1546	11	C	0	0	11	33.8181818181818
A_PB2	1547	10	G	0	0	5	33
A_PB2	1548	10	T	0	0	10	34.6
A_PB2	1549	10	C	0	0	10	33.7
A_PB2	1550	10	A	0	0	9	32.7777777777778
A_PB2	1551	10	T	0	0	10	33.9
A_PB2	1552	10	C	0	0	10	35.6
A_PB2	1553	10	A	0	0	9	37
A_PB2	1554	10	A	0	0	8	38
A_PB2	1555	10	T	0	0	10	34.6
A_PB2	1556	10	G	0	0	10	35
A_PB2	1557	10	A	0	0	10	31.5
A_PB2	1558	10	T	0	0	10	35
A_PB2	1559	10	G	0	0	10	37.5
A_PB2	1560	10	T	0	0	10	37.3
A_PB2	1561	10	G	0	0	10	35.3
A_PB2	1562	10	G	0	0	9	35.5555555555556
A_PB2	1563	10	G	0	0	10	33.2
A_PB2	1564	10	A	0	0	10	33.8
A_PB2	1565	10	G	0	0	7	33.8571428571429
A_PB2	1566	10	A	0	0	10	32
A_PB2	1567	10	T	0	0	10	33.8
A_PB2	1568	10	C	0	0	10	33.2
A_PB2	1569	10	A	0	0	10	36.3
A_PB2	1570	10	A	0	0	10	34.3
A_PB2	1571	10	T	0	0	9	36.4444444444444
A_PB2	1572	10	G	0	0	10	31.3
A_PB2	1573	10	G	0	0	10	29.8
A_PB2	1574	10	T	0	0	7	32.7142857142857
A_PB2	1575	10	C	0	0	10	34.6
A_PB2	1576	10	C	0	0	10	35
A_PB2	1577	10	T	0	0	9	37.3333333333333
A_PB2	1578	10	G	0	0	10	37.1
A_PB2	1579	10	A	0	0	10	37.8
A_PB2	1580	10	G	0	0	7	32.1428571428571
A_PB2	1581	10	T	0	0	10	36.2
A_PB2	1582	10	C	0	0	10	35.2
A_PB2	1583	10	A	0	0	10	33.8
A_PB2	1584	10	G	0	0	10	33.5
A_PB2	1585	11	T	0	0	10	33.9
A_PB2	1586	11	G	0	0	11	35.2727272727273
A_PB2	1587	11	C	0	0	11	37
A_PB2	1588	11	T	0	0	11	38.4545454545455
A_PB2	1589	11	A	0	0	10	35.7
A_PB2	1590	11	G	0	0	11	37.9090909090909
A_PB2	1591	11	T	0	0	11	36.6363636363636
A_PB2	1592	11	C	0	0	9	37.6666666666667
A_PB2	1593	11	A	0	0	11	35.9090909090909
A_PB2	1594	13	A	0	0	12	37.5
A_PB2	1595	13	C	0	0	13	36.6923076923077
A_PB2	1596	13	A	0	0	12	37
A_PB2	1597	13	C	0	0	13	35.3076923076923
A_PB2	1598	13	T	0	0	10	34.3
A_PB2	1599	13	T	0	0	13	37.3846153846154
A_PB2	1600	13	A	0	0	13	34.6923076923077
A_PB2	1601	13	T	0	0	13	34.6923076923077
A_PB2	1602	13	C	0	0	13	36.6923076923077
A_PB2	1603	13	A	0	0	13	34.9230769230769
A_PB2	1604	13	A	0	0	13	33.5384615384615
A_PB2	1605	13	T	0	0	13	37.1538461538462
A_PB2	1606	13	G	0	0	13	35
A_PB2	1607	14	G	0	0	14	34.8571428571429
A_PB2	1608	14	A	0	0	14	34.5714285714286
A_PB2	1609	14	T	0	0	14	37.2142857142857
A_PB2	1610	14	A	0	0	10	36.1
A_PB2	1611	14	A	0	0	14	34.9285714285714
A_PB2	1612	14	T	0	0	14	34.6428571428571
A_PB2	1613	14	C	0	0	12	37.75
A_PB2	1614	14	A	0	0	14	37.2857142857143
A_PB2	1615	14	G	0	0	14	36.1428571428571
A_PB2	1616	14	G	0	0	11	35.4545454545455
A_PB2	1617	14	A	0	0	14	33.5714285714286
A_PB2	1618	14	A	0	0	14	34.2142857142857
A_PB2	1619	14	C	0	0	11	34.8181818181818
A_PB2	1620	13	T	0	0	13	37.6153846153846
A_PB2	1621	13	G	0	0	13	36
A_PB2	1622	13	G	0	0	13	34.7692307692308
A_PB2	1623	13	G	0	0	13	35.3076923076923
A_PB2	1624	13	A	0	0	13	34.0769230769231
A_PB2	1625	13	A	0	0	12	37.6666666666667
A_PB2	1626	12	A	0	0	12	36.5833333333333
A_PB2	1627	12	C	0	0	8	37.5
A_PB2	1628	12	T	0	0	12	36.4166666666667
A_PB2	1629	12	G	0	0	12	36.8333333333333
A_PB2	1630	12	T	0	0	12	37.0833333333333
A_PB2	1631	12	G	0	0	12	37.75
A_PB2	1632	12	A	0	0	12	38.4166666666667
A_PB2	1633	12	A	0	0	12	35.1666666666667
A_PB2	1634	11	A	0	0	9	38
A_PB2	1635	11	A	0	0	11	33.5454545454545
A_PB2	1636	11	T	0	0	11	34.7272727272727
A_PB2	1637	11	T	0	0	11	37.7272727272727
A_PB2	1638	11	C	0	0	11	38.1818181818182
A_PB2	1639	11	A	0	0	11	38
A_PB2	1640	11	A	0	0	11	36.6363636363636
A_PB2	1641	11	T	0	0	11	36.6363636363636
A_PB2	1642	11	G	0	0	11	36.3636363636364
A_PB2	1643	10	G	0	0	10	33
A_PB2	1644	10	T	0	0	10	32.6
A_PB2	1645	10	C	0	0	10	33.4
A_PB2	1646	10	A	0	0	8	34.75
A_PB2	1647	10	C	0	0	10	37.9
A_PB2	1648	10	A	0	0	10	36.2
A_PB2	1649	11	A	0	0	11	35.9090909090909
A_PB2	1650	11	G	0	0	11	36.9090909090909
A_PB2	1651	12	A	0	0	12	35
A_PB2	1652	12	T	0	0	10	32.6
A_PB2	1653	11	C	0	0	11	33.9090909090909
A_PB2	1654	11	C	0	0	11	35.7272727272727
A_PB2	1655	11	T	0	0	9	35.2222222222222
A_PB2	1656	12	A	0	0	12	33.5
A_PB2	1657	12	C	0	0	12	36.1666666666667
A_PB2	1658	12	A	0	0	12	35.75
A_PB2	1659	14	A	0	0	14	37.1428571428571
A_PB2	1660	14	T	0	0	13	35.7692307692308
A_PB2	1661	14	G	0	0	14	37.2857142857143
A_PB2	1662	14	T	0	0	14	34.5714285714286
A_PB2	1663	14	T	0	0	14	35.6428571428571
A_PB2	1664	13	A	0	0	12	35.75
A_PB2	1665	13	T	0	0	13	35.9230769230769
A_PB2	1666	13	A	0	0	13	36
A_PB2	1667	13	C	0	0	13	36.6153846153846
A_PB2	1668	12	A	0	0	12	37.0833333333333
A_PB2	1669	12	A	0	0	12	35.5833333333333
A_PB2	1670	12	C	0	0	11	35.6363636363636
A_PB2	1671	11	A	0	0	11	35.7272727272727
A_PB2	1672	11	A	0	0	11	34.0909090909091
A_PB2	1673	11	A	0	0	10	35.1
A_PB2	1674	11	A	0	0	11	33.6363636363636
A_PB2	1675	11	T	0	0	11	35.8181818181818
A_PB2	1676	11	G	0	0	11	36.0909090909091
A_PB2	1677	11	G	0	0	11	33.9090909090909
A_PB2	1678	11	A	0	0	11	35.1818181818182
A_PB2	1679	11	A	0	0	11	36
A_PB2	1680	11	T	0	0	10	38.3
A_PB2	1681	11	T	0	0	11	37.4545454545455
A_PB2	1682	11	T	0	0	11	35.6363636363636
A_PB2	1683	11	G	0	0	11	35.8181818181818
A_PB2	1684	11	A	0	0	11	33.4545454545455
A_PB2	1685	11	A	0	0	8	34.375
A_PB2	1686	11	C	0	0	11	35.9090909090909
A_PB2	1687	11	C	0	0	11	36.8181818181818
A_PB2	1688	11	A	0	0	10	35.1
A_PB2	1689	11	T	0	0	11	37.0909090909091
A_PB2	1690	11	T	0	0	11	35.7272727272727
A_PB2	1691	10	C	0	0	7	34.8571428571429
A_PB2	1692	10	C	0	0	10	35.5
A_PB2	1693	10	A	0	0	10	37.6
A_PB2	1694	10	G	0	0	9	35.2222222222222
A_PB2	1695	10	T	0	0	10	34.2
A_PB2	1696	10	C	0	0	10	32.7
A_PB2	1697	10	T	0	0	9	35.4444444444444
A_PB2	1698	10	C	0	0	9	35.6666666666667
A_PB2	1699	9	T	0	0	9	38.5555555555556
A_PB2	1700	9	T	0	0	8	37.5
A_PB2	1701	9	G	0	0	9	37.2222222222222
A_PB2	1702	9	T	0	0	9	36.5555555555556
A_PB2	1703	9	C	0	0	5	38.2
A_PB2	1704	9	C	0	0	9	32.6666666666667
A_PB2	1705	9	C	0	0	9	35.5555555555556
A_PB2	1706	9	T	0	0	8	38.5
A_PB2	1707	9	A	0	0	9	38.7777777777778
A_PB2	1708	9	A	0	0	9	37.6666666666667
A_PB2	1709	9	G	0	0	6	33.3333333333333
A_PB2	1710	10	G	0	0	10	36.7
A_PB2	1711	10	C	0	0	10	37.3
A_PB2	1712	10	A	0	0	9	38.2222222222222
A_PB2	1713	10	A	0	0	9	36.1111111111111
A_PB2	1714	10	C	0	0	7	38.4285714285714
A_PB2	1715	10	C	0	0	10	38.7
A_PB2	1716	10	A	0	0	10	38.5
A_PB2	1717	10	G	0	0	10	37.7
A_PB2	1718	10	A	0	0	10	38.1
A_PB2	1719	10	A	0	0	9	37.2222222222222
A_PB2	1720	10	A	0	0	6	33.1666666666667
A_PB2	1721	10	C	0	0	10	37
A_PB2	1722	10	C	0	0	10	37
A_PB2	1723	10	G	0	0	9	37.8888888888889
A_PB2	1724	11	G	0	0	11	37.5454545454545
A_PB2	1725	12	T	0	0	12	38.0833333333333
A_PB2	1726	12	A	0	0	12	35.8333333333333
A_PB2	1727	13	C	0	0	11	36.2727272727273
A_PB2	1728	13	A	0	0	13	37.2307692307692
A_PB2	1729	13	G	0	0	13	36.7692307692308
A_PB2	1730	13	T	0	0	13	36.8461538461538
A_PB2	1731	13	G	0	0	13	35.6923076923077
A_PB2	1732	13	G	0	0	13	36.7692307692308
A_PB2	1733	13	A	0	0	11	36.0909090909091
A_PB2	1734	13	T	0	0	13	36.3846153846154
A_PB2	1735	13	T	0	0	13	36.3846153846154
A_PB2	1736	12	C	0	0	9	37.3333333333333
A_PB2	1737	12	G	0	0	12	36.75
A_PB2	1738	12	T	0	0	12	37.5
A_PB2	1739	11	G	0	0	9	36.6666666666667
A_PB2	1740	12	C	0	0	7	37.1428571428571
A_PB2	1741	12	G	0	0	12	36.3333333333333
A_PB2	1742	12	G	0	0	10	37.6
A_PB2	1743	13	A	0	0	13	38.1538461538462
A_PB2	1744	13	C	0	0	13	37.9230769230769
A_PB2	1745	13	A	0	0	13	37.4615384615385
A_PB2	1746	13	C	0	0	11	38
A_PB2	1747	13	T	0	0	13	38.3846153846154
A_PB2	1748	13	G	0	0	10	38.2
A_PB2	1749	13	T	0	0	13	37.1538461538462
A_PB2	1750	13	T	0	0	13	38.2307692307692
A_PB2	1751	13	C	0	0	13	37.0769230769231
A_PB2	1752	13	C	0	0	13	37.4615384615385
A_PB2	1753	13	A	0	0	13	37.2307692307692
A_PB2	1754	13	G	0	0	12	37.9166666666667
A_PB2	1755	13	C	0	0	13	36.5384615384615
A_PB2	1756	13	A	0	0	13	35.9230769230769
A_PB2	1757	12	A	0	0	10	34.7
A_PB2	1758	12	A	0	0	12	36.3333333333333
A_PB2	1759	12	T	0	0	12	37.5833333333333
A_PB2	1760	12	G	0	0	12	37.1666666666667
A_PB2	1761	12	C	0	0	12	37.5833333333333
A_PB2	1762	12	G	0	0	12	36.5
A_PB2	1763	12	G	0	0	8	35.375
A_PB2	1764	12	G	0	0	12	37.1666666666667
A_PB2	1765	12	A	0	0	12	37.75
A_PB2	1766	12	T	0	0	11	38
A_PB2	1767	12	G	0	0	12	38.25
A_PB2	1768	12	T	0	0	12	38.5
A_PB2	1769	12	G	0	0	12	38
A_PB2	1770	12	C	0	0	12	37.9166666666667
A_PB2	1771	12	T	0	0	12	37.8333333333333
A_PB2	1772	12	T	0	0	9	37.4444444444444
A_PB2	1773	12	G	0	0	12	38.1666666666667
A_PB2	1774	12	G	0	0	12	37.1666666666667
A_PB2	1775	12	G	0	0	12	36.9166666666667
A_PB2	1776	11	A	0	0	11	38.4545454545455
A_PB2	1777	12	C	0	0	12	37.5833333333333
A_PB2	1778	12	A	0	0	12	36.0833333333333
A_PB2	1779	12	T	0	0	12	38.1666666666667
A_PB2	1780	12	T	0	0	12	36.75
A_PB2	1781	12	T	0	0	11	38
A_PB2	1782	12	G	0	0	12	38.25
A_PB2	1783	12	A	0	0	12	37.0833333333333
A_PB2	1784	12	C	0	0	11	37.9090909090909
A_PB2	1785	12	A	0	0	12	38.0833333333333
A_PB2	1786	12	C	0	0	12	37.5833333333333
A_PB2	1787	11	T	0	0	11	37.9090909090909
A_PB2	1788	11	G	0	0	11	38.3636363636364
A_PB2	1789	11	T	0	0	11	38.4545454545455
A_PB2	1790	11	T	0	0	6	38.5
A_PB2	1791	11	C	0	0	11	38.3636363636364
A_PB2	1792	11	A	0	0	11	38.6363636363636
A_PB2	1793	11	A	0	0	10	38
A_PB2	1794	11	A	0	0	11	38
A_PB2	1795	11	T	0	0	11	38.0909090909091
A_PB2	1796	10	A	0	0	10	37.9
A_PB2	1797	10	A	0	0	10	38
A_PB2	1798	9	T	0	0	9	36.4444444444444
A_PB2	1799	9	A	0	0	9	38.7777777777778
A_PB2	1800	9	A	0	0	9	38.1111111111111
A_PB2	1801	9	A	0	0	9	38.7777777777778
A_PB2	1802	8	A	0	0	5	37
A_PB2	1803	8	C	0	0	8	38.625
A_PB2	1804	8	T	0	0	8	34.75
A_PB2	1805	8	T	0	0	6	37.8333333333333
A_PB2	1806	8	C	0	0	8	38.125
A_PB2	1807	8	T	0	0	8	34.625
A_PB2	1808	8	C	0	0	5	36.6
A_PB2	1809	8	C	0	0	8	38.375
A_PB2	1810	8	C	0	0	8	38.125
A_PB2	1811	8	C	0	0	5	36.6
A_PB2	1812	8	T	0	0	8	36
A_PB2	1813	8	T	0	0	8	35.375
A_PB2	1814	8	T	0	0	8	38.375
A_PB2	1815	8	G	0	0	8	38.75
A_PB2	1816	8	C	0	0	8	38.375
A_PB2	1817	8	A	0	0	3	39
A_PB2	1818	8	G	0	0	8	38.125
A_PB2	1819	8	C	0	0	8	38.25
A_PB2	1820	8	T	0	0	5	38.8
A_PB2	1821	8	G	0	0	8	38.5
A_PB2	1822	8	C	0	0	8	38.125
A_PB2	1823	8	T	0	0	7	32.1428571428571
A_PB2	1824	8	C	0	0	8	36.875
A_PB2	1825	9	C	0	0	9	32.8888888888889
A_PB2	1826	9	A	0	0	9	36.7777777777778
A_PB2	1827	9	C	0	0	9	33.2222222222222
A_PB2	1828	9	C	0	0	9	35.7777777777778
A_PB2	1829	9	A	0	0	5	34.2
A_PB2	1830	9	G	0	0	9	35.3333333333333
A_PB2	1831	9	A	0	0	9	37.4444444444444
A_PB2	1832	9	A	0	0	5	37.2
A_PB2	1833	9	C	0	0	9	38
A_PB2	1834	9	A	0	0	9	38.5555555555556
A_PB2	1835	9	G	0	0	9	37.7777777777778
A_PB2	1836	9	A	0	0	9	33.7777777777778
A_PB2	1837	9	G	0	0	9	38.5555555555556
A_PB2	1838	9	T	0	0	8	37.25
A_PB2	1839	9	A	0	0	9	35.6666666666667
A_PB2	1840	9	G	0	0	9	33.7777777777778
A_PB2	1841	9	G	0	0	7	35.8571428571429
A_PB2	1842	9	A	0	0	9	35.7777777777778
A_PB2	1843	9	T	0	0	9	36.1111111111111
A_PB2	1844	9	G	0	0	9	36.1111111111111
A_PB2	1845	9	C	0	0	9	36
A_PB2	1846	9	A	0	0	9	36
A_PB2	1847	8	A	0	0	6	38.5
A_PB2	1848	8	T	0	0	8	38.5
A_PB2	1849	8	T	0	0	8	37.75
A_PB2	1850	8	T	0	0	7	38.4285714285714
A_PB2	1851	8	T	0	0	8	35.875
A_PB2	1852	8	C	0	0	8	35.375
A_PB2	1853	8	C	0	0	7	38.4285714285714
A_PB2	1854	8	T	0	0	8	38.25
A_PB2	1855	8	C	0	0	8	35
A_PB2	1856	8	A	0	0	5	33.4
A_PB2	1857	8	T	0	0	5	33.8
A_PB2	1858	9	T	0	0	9	35.3333333333333
A_PB2	1859	9	G	0	0	9	36.2222222222222
A_PB2	1860	8	A	0	0	8	38.75
A_PB2	1861	8	C	0	0	8	38
A_PB2	1862	8	T	0	0	8	38.75
A_PB2	1863	8	G	0	0	8	38.625
A_PB2	1864	8	T	0	0	8	38.375
A_PB2	1865	8	G	0	0	6	39
A_PB2	1866	8	A	0	0	8	37.625
A_PB2	1867	8	A	0	0	6	37.1666666666667
A_PB2	1868	8	T	0	0	6	37.1666666666667
A_PB2	1869	9	G	0	0	9	37.1111111111111
A_PB2	1870	8	T	0	0	8	37.875
A_PB2	1871	8	G	0	0	6	37.8333333333333
A_PB2	1872	8	A	0	0	8	35.75
A_PB2	1873	8	G	0	0	8	37.625
A_PB2	1874	8	A	0	0	8	38.625
A_PB2	1875	8	G	0	0	8	38.375
A_PB2	1876	8	G	0	0	8	37.875
A_PB2	1877	7	T	0	0	3	38.3333333333333
A_PB2	1878	7	T	0	0	7	38.4285714285714
A_PB2	1879	7	C	0	0	7	37.8571428571429
A_PB2	1880	7	A	0	0	7	35
A_PB2	1881	7	G	0	0	7	37.8571428571429
A_PB2	1882	7	G	0	0	7	38.5714285714286
A_PB2	1883	7	G	0	0	4	38.5
A_PB2	1884	7	A	0	0	5	38.4
A_PB2	1885	8	T	0	0	8	37.875
A_PB2	1886	8	G	0	0	8	38.125
A_PB2	1887	8	A	0	0	8	37.875
A_PB2	1888	8	G	0	0	8	38.25
A_PB2	1889	8	A	0	0	7	37.5714285714286
A_PB2	1890	7	A	0	0	7	35.4285714285714
A_PB2	1891	7	T	0	0	7	38.2857142857143
A_PB2	1892	7	A	0	0	7	35.2857142857143
A_PB2	1893	7	C	0	0	7	37.7142857142857
A_PB2	1894	7	T	0	0	7	38.2857142857143
A_PB2	1895	7	T	0	0	3	38.6666666666667
A_PB2	1896	7	G	0	0	7	35.4285714285714
A_PB2	1897	7	T	0	0	7	38.4285714285714
A_PB2	1898	7	A	0	0	4	38.75
A_PB2	1899	7	A	0	0	7	38.5714285714286
A_PB2	1900	7	G	0	0	7	37.8571428571429
A_PB2	1901	7	A	0	0	5	37.8
A_PB2	1902	7	G	0	0	7	38
A_PB2	1903	7	G	0	0	7	38
A_PB2	1904	7	C	0	0	7	38.2857142857143
A_PB2	1905	7	A	0	0	7	37.5714285714286
A_PB2	1906	7	A	0	0	7	37.4285714285714
A_PB2	1907	7	T	0	0	5	38.2
A_PB2	1908	7	T	0	0	7	35.1428571428571
A_PB2	1909	7	C	0	0	7	37.8571428571429
A_PB2	1910	7	A	0	0	3	38.6666666666667
A_PB2	1911	7	C	0	0	7	38.5714285714286
A_PB2	1912	7	C	0	0	7	38.2857142857143
A_PB2	1913	7	T	0	0	3	38.3333333333333
A_PB2	1914	7	G	0	0	7	37.7142857142857
A_PB2	1915	7	T	0	0	7	37.1428571428571
A_PB2	1916	7	A	0	0	5	37
A_PB2	1917	7	T	0	0	7	37.4285714285714
A_PB2	1918	7	T	0	0	7	37.7142857142857
A_PB2	1919	7	C	0	0	7	37.2857142857143
A_PB2	1920	7	A	0	0	7	33.7142857142857
A_PB2	1921	7	A	0	0	7	36.5714285714286
A_PB2	1922	6	C	0	0	5	37.4
A_PB2	1923	6	T	0	0	6	38
A_PB2	1924	6	A	0	0	6	37.3333333333333
A_PB2	1925	5	T	0	0	3	38.3333333333333
A_PB2	1926	6	A	0	0	6	39
A_PB2	1927	6	A	0	0	6	37.3333333333333
A_PB2	1928	7	C	0	0	7	34.7142857142857
A_PB2	1929	7	A	0	0	7	38.1428571428571
A_PB2	1930	7	A	0	0	7	38.2857142857143
A_PB2	1931	7	G	0	0	7	38.5714285714286
A_PB2	1932	7	G	0	0	7	38.1428571428571
A_PB2	1933	7	C	0	0	7	38.1428571428571
A_PB2	1934	7	A	0	0	7	38
A_PB2	1935	7	A	0	0	7	35.8571428571429
A_PB2	1936	7	C	0	0	7	35.5714285714286
A_PB2	1937	7	C	0	0	7	34.5714285714286
A_PB2	1938	7	A	0	0	7	31.7142857142857
A_PB2	1939	7	A	0	0	7	31.5714285714286
A_PB2	1940	7	G	0	0	4	37.25
A_PB2	1941	7	A	0	0	6	37.3333333333333
A_PB2	1942	7	G	0	0	7	37.5714285714286
A_PB2	1943	7	A	0	0	4	38.5
A_PB2	1944	8	C	0	0	8	35
A_PB2	1945	8	T	0	0	8	35.5
A_PB2	1946	8	C	0	0	6	37.8333333333333
A_PB2	1947	8	A	0	0	8	36.375
A_PB2	1948	8	C	0	0	8	35.25
A_PB2	1949	8	A	0	0	6	31.1666666666667
A_PB2	1950	8	G	0	0	8	35.5
A_PB2	1951	8	T	0	0	8	37.375
A_PB2	1952	8	T	0	0	8	35.375
A_PB2	1953	7	C	0	0	7	37.1428571428571
A_PB2	1954	7	T	0	0	7	38
A_PB2	1955	7	T	0	0	7	37.5714285714286
A_PB2	1956	7	G	0	0	7	36.4285714285714
A_PB2	1957	7	G	0	0	7	36.2857142857143
A_PB2	1958	6	A	0	0	5	33.6
A_PB2	1959	6	A	0	0	6	30.5
A_PB2	1960	6	A	0	0	6	36.3333333333333
A_PB2	1961	6	G	0	0	3	38.3333333333333
A_PB2	1962	8	G	0	0	8	33.625
A_PB2	1963	8	A	0	0	8	32.5
A_PB2	1964	8	T	0	0	7	31.7142857142857
A_PB2	1965	8	G	0	0	8	34.125
A_PB2	1966	8	C	0	0	8	34.125
A_PB2	1967	8	A	0	0	8	37.5
A_PB2	1968	8	G	0	0	8	35.375
A_PB2	1969	8	G	0	0	8	34.625
A_PB2	1970	8	T	0	0	7	33
A_PB2	1971	8	G	0	0	8	31.75
A_PB2	1972	8	C	0	0	8	34.625
A_PB2	1973	8	A	0	0	5	36
A_PB2	1974	8	T	0	0	7	37.8571428571429
A_PB2	1975	8	T	0	0	8	35.375
A_PB2	1976	8	G	0	0	7	37.4285714285714
A_PB2	1977	8	A	0	0	8	35.625
A_PB2	1978	8	C	0	0	7	35
A_PB2	1979	8	A	0	0	4	33.25
A_PB2	1980	8	G	0	0	8	37.25
A_PB2	1981	8	A	0	0	8	37.875
A_PB2	1982	8	A	0	0	7	37.4285714285714
A_PB2	1983	8	G	0	0	8	34.375
A_PB2	1984	8	A	0	0	8	34.125
A_PB2	1985	8	T	0	0	4	32.25
A_PB2	1986	8	C	0	0	8	35.375
A_PB2	1987	8	C	0	0	8	32.75
A_PB2	1988	8	A	0	0	8	36.5
A_PB2	1989	8	G	0	0	8	34.125
A_PB2	1990	8	A	0	0	8	34.5
A_PB2	1991	8	T	0	0	8	30.25
A_PB2	1992	8	G	0	0	8	32
A_PB2	1993	9	A	0	0	9	32.6666666666667
A_PB2	1994	9	A	0	0	5	29.6
A_PB2	1995	9	G	0	0	9	37.4444444444444
A_PB2	1996	9	G	0	0	9	36.1111111111111
A_PB2	1997	9	C	0	0	5	34.2
A_PB2	1998	9	A	0	0	9	35.3333333333333
A_PB2	1999	9	C	0	0	9	32.4444444444444
A_PB2	2000	9	A	0	0	9	35
A_PB2	2001	9	T	0	0	5	34
A_PB2	2002	9	C	0	0	9	32.7777777777778
A_PB2	2003	8	G	1	0	4	25.75
A_PB2	2004	9	G	0	0	9	35.1111111111111
A_PB2	2005	9	G	0	0	9	34.1111111111111
A_PB2	2006	9	G	0	0	5	34.8
A_PB2	2007	9	G	0	0	9	34.1111111111111
A_PB2	2008	9	T	0	0	9	32
A_PB2	2009	10	G	0	0	10	35.5
A_PB2	2010	11	G	0	0	11	35
A_PB2	2011	11	A	0	0	11	38
A_PB2	2012	11	A	0	0	6	34.1666666666667
A_PB2	2013	11	T	0	0	11	35.7272727272727
A_PB2	2014	11	C	0	0	11	35.4545454545455
A_PB2	2015	11	T	0	0	11	37.5454545454545
A_PB2	2016	11	G	0	0	11	33.8181818181818
A_PB2	2017	11	C	0	0	11	37.2727272727273
A_PB2	2018	11	T	0	0	5	33.8
A_PB2	2019	12	G	0	0	12	36
A_PB2	2020	12	T	0	0	12	36.5
A_PB2	2021	12	A	0	0	7	35.1428571428571
A_PB2	2022	13	C	0	0	10	35.4
A_PB2	2023	13	T	0	0	13	36.7692307692308
A_PB2	2024	13	G	0	0	10	35
A_PB2	2025	13	A	0	0	13	33.6153846153846
A_PB2	2026	13	G	0	0	13	37.5384615384615
A_PB2	2027	12	A	0	0	9	38.1111111111111
A_PB2	2028	12	G	0	0	12	35.5
A_PB2	2029	12	G	0	0	12	34.8333333333333
A_PB2	2030	11	A	0	0	11	33.7272727272727
A_PB2	2031	11	T	0	0	11	36.6363636363636
A_PB2	2032	11	T	0	0	11	38.0909090909091
A_PB2	2033	11	T	0	0	8	38.125
A_PB2	2034	12	C	0	0	12	36.3333333333333
A_PB2	2035	12	T	0	0	12	36
A_PB2	2036	12	A	0	0	7	38.7142857142857
A_PB2	2037	12	A	0	0	12	35.9166666666667
A_PB2	2038	12	T	0	0	12	33.9166666666667
A_PB2	2039	12	T	0	0	12	37.25
A_PB2	2040	12	C	0	0	7	38.1428571428571
A_PB2	2041	12	T	0	0	12	37.25
A_PB2	2042	13	G	0	0	9	37.1111111111111
A_PB2	2043	13	G	0	0	13	34.3076923076923
A_PB2	2044	13	G	0	0	13	34.9230769230769
A_PB2	2045	13	C	0	0	13	37.5384615384615
A_PB2	2046	13	A	0	0	13	38.4615384615385
A_PB2	2047	13	A	0	0	13	35.6153846153846
A_PB2	2048	13	A	0	0	9	35.2222222222222
A_PB2	2049	13	G	0	0	13	36.3846153846154
A_PB2	2050	18	A	0	0	18	37.5555555555556
A_PB2	2051	20	G	0	0	15	37.5333333333333
A_PB2	2052	21	G	0	0	21	34.8095238095238
A_PB2	2053	21	A	0	0	21	36.0476190476191
A_PB2	2054	22	C	0	0	22	35.9545454545455
A_PB2	2055	22	A	0	0	22	36.5
A_PB2	2056	22	A	0	0	22	36.8181818181818
A_PB2	2057	22	A	0	0	17	37.4705882352941
A_PB2	2058	27	A	0	0	26	37.2692307692308
A_PB2	2059	32	G	0	0	32	37.4375
A_PB2	2060	36	A	0	0	26	36.8461538461538
A_PB2	2061	38	T	0	0	38	35.9736842105263
A_PB2	2062	38	A	0	0	38	37.1578947368421
A_PB2	2063	38	T	0	0	38	36.7105263157895
A_PB2	2064	38	G	0	0	38	37.5789473684211
A_PB2	2065	40	G	0	0	40	37.275
A_PB2	2066	40	A	0	0	33	37.1818181818182
A_PB2	2067	41	C	0	0	41	37.2439024390244
A_PB2	2068	41	C	0	0	41	36.780487804878
A_PB2	2069	41	A	0	0	41	36.3658536585366
A_PB2	2070	45	G	0	0	45	36.2666666666667
A_PB2	2071	45	C	0	0	45	36.1777777777778
A_PB2	2072	45	A	0	0	45	37.2444444444444
A_PB2	2073	45	T	0	0	45	37.4222222222222
A_PB2	2074	45	T	0	0	45	37.9111111111111
A_PB2	2075	45	G	0	0	39	38.0512820512821
A_PB2	2076	45	A	0	0	45	36.9111111111111
A_PB2	2077	46	G	0	0	46	37.4347826086956
A_PB2	2078	47	C	0	0	47	37.4468085106383
A_PB2	2079	46	A	0	0	46	37.0869565217391
A_PB2	2080	47	T	0	0	47	37.1063829787234
A_PB2	2081	47	C	0	0	47	38.1276595744681
A_PB2	2082	47	A	0	0	47	37.6808510638298
A_PB2	2083	47	A	0	0	47	36.8723404255319
A_PB2	2084	47	C	0	0	33	38.3636363636364
A_PB2	2085	47	G	0	0	47	36.9787234042553
A_PB2	2086	47	A	0	0	47	37.1914893617021
A_PB2	2087	47	A	0	0	39	38.2820512820513
A_PB2	2088	45	T	0	0	33	38.6666666666667
A_PB2	2089	46	T	0	0	46	37.9347826086956
A_PB2	2090	46	G	0	0	46	38.4130434782609
A_PB2	2091	46	A	0	0	46	38.4782608695652
A_PB2	2092	46	G	0	0	46	38.5434782608696
A_PB2	2093	45	C	0	0	45	37.9777777777778
A_PB2	2094	45	A	0	0	45	38.1111111111111
A_PB2	2095	47	A	0	0	47	38
A_PB2	2096	47	T	0	0	47	37.6595744680851
A_PB2	2097	47	C	0	0	47	38.1063829787234
A_PB2	2098	47	T	0	0	47	37.2978723404255
A_PB2	2099	48	T	0	0	48	36.9375
A_PB2	2100	48	G	0	0	48	37.9791666666667
A_PB2	2101	48	C	0	0	48	37.3541666666667
A_PB2	2102	47	G	1	0	44	37.6818181818182
A_PB2	2103	48	A	0	0	48	37.3958333333333
A_PB2	2104	48	A	0	0	48	36.8333333333333
A_PB2	2105	48	A	0	0	45	37.3333333333333
A_PB2	2106	48	G	0	0	48	36.4375
A_PB2	2107	48	G	0	0	48	36.8958333333333
A_PB2	2108	48	G	0	0	45	37.1555555555556
A_PB2	2109	47	G	0	0	47	38.1702127659574
A_PB2	2110	47	A	0	0	47	37.8936170212766
A_PB2	2111	48	G	0	0	48	37.6875
A_PB2	2112	50	A	0	0	50	36.48
A_PB2	2113	50	A	0	0	50	37.8
A_PB2	2114	52	G	0	0	49	37
A_PB2	2115	52	G	0	0	52	37.1538461538462
A_PB2	2116	54	C	0	0	54	36.4259259259259
A_PB2	2117	54	T	0	0	54	37.3148148148148
A_PB2	2118	54	A	0	0	54	37.5
A_PB2	2119	54	A	0	0	54	37.7037037037037
A_PB2	2120	54	T	0	0	54	37.4074074074074
A_PB2	2121	55	G	0	0	55	38.4
A_PB2	2122	54	T	0	0	54	37.4074074074074
A_PB2	2123	54	G	0	0	49	38.3265306122449
A_PB2	2124	54	C	0	0	54	37.1296296296296
A_PB2	2125	54	T	0	0	54	36.5
A_PB2	2126	54	G	0	0	38	38.6578947368421
A_PB2	2127	54	A	0	0	54	37.1851851851852
A_PB2	2128	54	T	0	0	54	36.9814814814815
A_PB2	2129	54	A	0	0	49	38.469387755102
A_PB2	2130	54	G	0	0	54	37
A_PB2	2131	54	G	0	0	54	37.6666666666667
A_PB2	2132	54	A	0	0	38	38.4473684210526
A_PB2	2133	55	C	0	0	55	37.2727272727273
A_PB2	2134	55	A	0	0	54	37.5740740740741
A_PB2	2135	55	A	0	0	55	37.2545454545455
A_PB2	2136	55	G	0	0	55	38.1636363636364
A_PB2	2137	55	G	0	0	55	36.8
A_PB2	2138	55	A	0	0	55	37.0181818181818
A_PB2	2139	55	G	0	0	55	37.7636363636364
A_PB2	2140	55	A	0	0	55	36.4
A_PB2	2141	55	C	0	0	55	36.4727272727273
A_PB2	2142	55	G	0	0	55	37.2363636363636
A_PB2	2143	55	T	0	0	55	37.0181818181818
A_PB2	2144	54	G	0	0	50	37.3
A_PB2	2145	55	G	0	0	55	36.8181818181818
A_PB2	2146	55	T	0	0	54	36.4814814814815
A_PB2	2147	55	G	0	0	55	36.4363636363636
A_PB2	2148	55	T	0	0	55	36.9454545454545
A_PB2	2149	55	T	0	0	55	37.4363636363636
A_PB2	2150	55	G	0	0	55	36.8727272727273
A_PB2	2151	55	G	0	0	55	37.3818181818182
A_PB2	2152	55	T	0	0	55	37.3636363636364
A_PB2	2153	55	A	0	0	51	37.4705882352941
A_PB2	2154	55	A	0	0	55	37.1454545454545
A_PB2	2155	55	T	0	0	55	37.1818181818182
A_PB2	2156	55	G	0	0	55	37.8545454545455
A_PB2	2157	55	A	0	0	55	37.5818181818182
A_PB2	2158	55	A	0	0	55	37.1454545454545
A_PB2	2159	55	A	0	0	55	37.7636363636364
A_PB2	2160	55	C	0	0	55	37.7818181818182
A_PB2	2161	55	G	0	0	55	36.5636363636364
A_PB2	2162	55	G	0	0	51	36.9803921568627
A_PB2	2163	55	A	0	0	55	37.9454545454545
A_PB2	2164	55	A	0	0	55	37.2
A_PB2	2165	55	A	0	0	55	37.5272727272727
A_PB2	2166	55	C	0	0	55	37.0909090909091
A_PB2	2167	55	G	0	0	55	36.6
A_PB2	2168	55	G	0	0	55	36.8909090909091
A_PB2	2169	55	G	0	0	55	37.1272727272727
A_PB2	2170	55	A	0	0	54	36.6481481481481
A_PB2	2171	55	C	0	0	55	36.0545454545455
A_PB2	2172	55	T	0	0	55	37.6909090909091
A_PB2	2173	55	C	0	0	55	37.0727272727273
A_PB2	2174	55	T	0	0	55	37.2181818181818
A_PB2	2175	55	A	0	0	55	37
A_PB2	2176	55	G	0	0	55	36.9818181818182
A_PB2	2177	55	C	0	0	55	37.3272727272727
A_PB2	2178	55	A	0	0	55	37.2181818181818
A_PB2	2179	55	T	0	0	55	36.8727272727273
A_PB2	2180	55	A	0	0	55	36.5272727272727
A_PB2	2181	55	C	0	0	55	37.4545454545455
A_PB2	2182	52	T	0	0	52	36.9230769230769
A_PB2	2183	52	T	0	0	52	37.6923076923077
A_PB2	2184	51	A	0	0	51	37.6274509803922
A_PB2	2185	51	C	0	0	51	37.4313725490196
A_PB2	2186	51	T	0	0	51	37.5686274509804
A_PB2	2187	51	G	0	0	51	37.7843137254902
A_PB2	2188	50	A	0	0	50	36.94
A_PB2	2189	50	C	0	0	50	37.04
A_PB2	2190	42	A	0	0	42	37.1428571428571
A_PB2	2191	42	G	0	0	42	36.4047619047619
A_PB2	2192	42	C	0	0	42	37.2142857142857
A_PB2	2193	42	C	0	0	42	37.7142857142857
A_PB2	2194	41	A	0	0	41	37.9268292682927
A_PB2	2195	41	G	0	0	41	37.4146341463415
A_PB2	2196	41	A	0	0	41	35.8048780487805
A_PB2	2197	41	C	0	0	41	35.9268292682927
A_PB2	2198	40	A	0	0	40	37.15
A_PB2	2199	40	G	0	0	40	36.725
A_PB2	2200	39	C	0	0	39	37.1794871794872
A_PB2	2201	39	G	0	0	39	35.8974358974359
A_PB2	2202	39	A	0	0	37	36.972972972973
A_PB2	2203	39	C	0	0	39	35.4615384615385
A_PB2	2204	39	C	0	0	39	36
A_PB2	2205	39	A	0	0	39	36.3589743589744
A_PB2	2206	39	A	0	0	39	36.974358974359
A_PB2	2207	39	A	0	0	39	36.7692307692308
A_PB2	2208	39	A	0	0	39	36.6410256410256
A_PB2	2209	39	G	0	0	38	37.6315789473684
A_PB2	2210	36	A	0	0	36	37.25
A_PB2	2211	36	A	0	0	36	35.6388888888889
A_PB2	2212	36	T	0	0	36	36.3333333333333
A_PB2	2213	36	T	0	0	36	37.4722222222222
A_PB2	2214	36	C	0	0	36	37.5
A_PB2	2215	35	G	0	0	35	37.2857142857143
A_PB2	2216	35	G	0	0	35	37.5428571428571
A_PB2	2217	35	A	0	0	35	36.5142857142857
A_PB2	2218	34	T	0	0	34	37.2058823529412
A_PB2	2219	34	G	0	0	34	35.3235294117647
A_PB2	2220	34	G	0	0	34	37.0882352941176
A_PB2	2221	34	C	0	0	33	37.0606060606061
A_PB2	2222	34	C	0	0	34	37.6470588235294
A_PB2	2223	34	A	0	0	34	36.2647058823529
A_PB2	2224	34	T	0	0	34	37.1470588235294
A_PB2	2225	34	C	0	0	34	36.7941176470588
A_PB2	2226	34	A	0	0	34	36.4411764705882
A_PB2	2227	34	A	0	0	33	36.1515151515151
A_PB2	2228	34	T	0	0	34	35.7647058823529
A_PB2	2229	33	T	0	0	33	37.2727272727273
A_PB2	2230	31	A	0	0	31	37
A_PB2	2231	31	G	0	0	31	35.8387096774194
A_PB2	2232	29	T	0	0	29	35.4137931034483
A_PB2	2233	29	G	0	0	29	34.448275862069
A_PB2	2234	28	T	0	0	28	36.8571428571429
A_PB2	2235	26	C	0	0	26	35.8076923076923
A_PB2	2236	26	G	0	0	26	34.9615384615385
A_PB2	2237	25	A	0	0	25	35.64
A_PB2	2238	25	A	0	0	25	36.76
A_PB2	2239	25	T	0	0	25	34.88
A_PB2	2240	18	T	0	0	18	37.7222222222222
A_PB2	2241	18	G	0	0	18	35.8333333333333
A_PB2	2242	17	T	0	0	17	37.8235294117647
A_PB2	2243	17	T	0	0	17	37.7058823529412
A_PB2	2244	17	T	0	0	17	34.6470588235294
A_PB2	2245	17	A	0	0	17	34.2941176470588
A_PB2	2246	17	A	0	0	17	36.3529411764706
A_PB2	2247	17	A	0	0	17	34.5294117647059
A_PB2	2248	17	A	0	0	17	36.9411764705882
A_PB2	2249	17	A	0	0	17	34.7647058823529
A_PB2	2250	12	C	0	0	12	36.25
A_PB2	2251	12	G	0	0	12	32.5833333333333
A_PB2	2252	12	A	0	0	12	36.0833333333333
A_PB2	2253	12	C	0	0	12	33.75
A_PB2	2254	12	C	0	0	12	36
A_PB2	2255	12	T	0	0	12	33.6666666666667
A_PB2	2256	12	T	0	0	12	32.5
A_PB2	2257	12	G	0	0	12	33.75
A_PB2	2258	12	T	0	0	12	34
A_PB2	2259	12	T	0	0	12	34.0833333333333
A_PB2	2260	12	T	0	0	12	32.3333333333333
