Reference_Name	Position	Total	Consensus_Allele	Minority_Allele	Consensus_Count	Minority_Count	Consensus_Frequency	Minority_Frequency	Consensus_Average_Quality	Minority_Average_Quality	ConfidenceNotMacErr	PairedUB	QualityUB	Phase
A_HA_H5	184	1533	A	G	1510	21	0.984996738421396	0.0136986301369863	38.1331125827815	34.4761904761905	0.973956232327436	0.00569979777446719	0.00480157602043237	2
A_HA_H5	276	1672	G	A	1654	16	0.989234449760766	0.00956937799043062	37.46553808948	36.625	0.977269117844496	0.00536004898969091	0.00413899511025097	3
A_HA_H5	357	1971	A	G	1954	16	0.991374936580416	0.00811770674784373	36.9350051177073	37.125	0.976118222840864	0.00478620159363793	0.00353548912397777	4
A_HA_H5	614	2747	C	A	2711	36	0.986894794321078	0.0131052056789225	37.4518627812615	37.5	0.986430740168397	0.00385982026113683	0.00263234206830762	1
A_HA_H5	617	2787	C	A	2749	37	0.986365267312522	0.013275923932544	37.379046926155	36.6756756756757	0.983805495032011	0.00382541287658143	0.00268860597839885	1
A_HA_H5	668	2763	G	A	2731	31	0.988418385812523	0.0112196887441187	37.7286708165507	35.1935483870968	0.973043447294789	0.00384594445013288	0.00290720283473759	5
A_HA_H5	790	2702	C	A	2668	32	0.987416728349371	0.0118430792005922	36.9104197901049	37	0.983152503827982	0.00389967752382146	0.00272074569242735	6
A_HA_H5	965	3395	C	T	3363	32	0.990574374079529	0.00942562592047128	36.7805530776093	36.1875	0.974476525153529	0.00339710061815144	0.00235429218553682	7
A_HA_H5	1030	3780	A	G	3732	44	0.987301587301587	0.0116402116402116	37.7775991425509	37.4090909090909	0.984399804804577	0.00319318734743847	0.00203659885636155	8
A_HA_H5	1106	4853	G	A	4776	77	0.984133525654235	0.0158664743457655	37.3946817420436	36.3506493506493	0.985396578143473	0.00278559077253069	0.00178617560833999	9
A_HA_H5	1144	6083	A	G	5765	315	0.947723162913036	0.0517836593785961	37.5528187337381	35.6031746031746	0.994685164803743	0.00248394079170755	0.00161144074502257	10
A_HA_H5	1454	8543	G	A	8225	313	0.962776542198291	0.0366381833079714	37.6685714285714	36.7124600638978	0.994181379101948	0.00212314701481769	0.00118179270223597	11
A_HA_H5	1456	8484	T	C	8393	73	0.989273927392739	0.0086044318717586	36.8367687358513	35.6986301369863	0.968709335503978	0.00212957512687522	0.00129512284791271	12
