Reference_Name	Position	Coverage Depth	Consensus	Deletions	Ambiguous	Consensus_Count	Consensus_Average_Quality
A_HA_H5	1	38	A	0	0	38	33.7894736842105
A_HA_H5	2	64	G	0	0	64	33.15625
A_HA_H5	3	67	C	0	0	67	33.6716417910448
A_HA_H5	4	68	A	0	0	68	33.8676470588235
A_HA_H5	5	72	A	0	0	72	34.5138888888889
A_HA_H5	6	86	A	0	0	86	35.1279069767442
A_HA_H5	7	88	A	0	0	88	35.6363636363636
A_HA_H5	8	94	G	0	0	93	35.2688172043011
A_HA_H5	9	96	C	0	0	96	35.1041666666667
A_HA_H5	10	96	A	0	0	95	35.4842105263158
A_HA_H5	11	113	G	0	0	112	35.0803571428571
A_HA_H5	12	129	G	0	0	129	34.093023255814
A_HA_H5	13	157	G	0	0	157	34.0955414012739
A_HA_H5	14	159	G	0	0	158	34.9936708860759
A_HA_H5	15	159	T	0	0	159	33.937106918239
A_HA_H5	16	159	T	0	0	159	34.4842767295597
A_HA_H5	17	160	C	0	0	160	36.3875
A_HA_H5	18	162	A	0	0	162	36.7037037037037
A_HA_H5	19	163	T	0	0	163	37.0736196319018
A_HA_H5	20	163	T	0	0	163	37.2453987730061
A_HA_H5	21	165	C	0	0	165	37.0363636363636
A_HA_H5	22	165	T	0	0	165	37.3878787878788
A_HA_H5	23	198	G	0	0	198	36.8787878787879
A_HA_H5	24	198	T	0	0	198	36.7828282828283
A_HA_H5	25	202	C	0	0	202	36.8366336633663
A_HA_H5	26	218	A	0	0	218	36.4633027522936
A_HA_H5	27	220	A	0	0	220	36.6409090909091
A_HA_H5	28	229	A	0	0	229	37.1965065502183
A_HA_H5	29	237	A	0	0	237	36.5949367088608
A_HA_H5	30	239	T	0	0	239	37.1799163179916
A_HA_H5	31	251	G	0	0	250	36.956
A_HA_H5	32	254	G	0	0	254	36.6574803149606
A_HA_H5	33	255	A	0	0	255	36.1450980392157
A_HA_H5	34	259	G	0	0	259	36.96138996139
A_HA_H5	35	259	A	0	0	259	37
A_HA_H5	36	312	G	0	0	312	35.4583333333333
A_HA_H5	37	410	A	0	0	410	34.4804878048781
A_HA_H5	38	495	G	0	0	494	34.251012145749
A_HA_H5	39	499	T	0	0	498	33.8072289156626
A_HA_H5	40	503	G	0	0	503	34.6600397614314
A_HA_H5	41	535	G	0	0	535	34.1869158878505
A_HA_H5	42	537	T	0	0	536	35.1361940298507
A_HA_H5	43	539	A	0	0	539	36.5658627087198
A_HA_H5	44	539	C	0	0	539	36.9294990723562
A_HA_H5	45	542	T	0	0	542	37.0239852398524
A_HA_H5	46	543	T	0	0	542	37.1439114391144
A_HA_H5	47	550	C	0	0	550	36.9945454545455
A_HA_H5	48	552	T	0	0	552	37.2934782608696
A_HA_H5	49	560	T	0	0	560	37.4857142857143
A_HA_H5	50	560	C	0	0	560	37.7732142857143
A_HA_H5	51	560	T	0	0	560	37.75
A_HA_H5	52	560	T	0	0	560	37.5142857142857
A_HA_H5	53	568	G	0	0	568	37.5369718309859
A_HA_H5	54	568	C	0	0	568	37.4102112676056
A_HA_H5	55	568	G	0	0	567	36.968253968254
A_HA_H5	56	579	A	0	0	578	36.6626297577855
A_HA_H5	57	579	T	0	0	575	37.2017391304348
A_HA_H5	58	659	A	0	0	659	36.4142640364188
A_HA_H5	59	678	G	0	0	674	36.0489614243323
A_HA_H5	60	678	T	0	0	676	36.6213017751479
A_HA_H5	61	682	C	0	0	681	37.0954478707783
A_HA_H5	62	682	A	0	0	682	37.2434017595308
A_HA_H5	63	713	A	0	0	713	37.5399719495091
A_HA_H5	64	713	T	0	0	713	37.8260869565217
A_HA_H5	65	717	A	0	0	716	37.627094972067
A_HA_H5	66	745	T	0	0	745	37.661744966443
A_HA_H5	67	794	T	0	0	794	37.5100755667506
A_HA_H5	68	833	G	0	0	833	37.187274909964
A_HA_H5	69	833	T	0	0	832	37.1670673076923
A_HA_H5	70	833	T	0	0	833	37.5330132052821
A_HA_H5	71	833	A	0	0	833	37.7082833133253
A_HA_H5	72	835	A	0	0	835	37.837125748503
A_HA_H5	73	835	A	0	0	834	37.9220623501199
A_HA_H5	74	842	G	0	0	841	37.6623067776457
A_HA_H5	75	847	G	0	0	846	37.2364066193853
A_HA_H5	76	847	T	0	0	836	35.0765550239234
A_HA_H5	77	865	G	0	0	865	36.7225433526012
A_HA_H5	78	866	A	0	0	863	37.1552723059096
A_HA_H5	79	867	T	0	0	867	37.4555940023068
A_HA_H5	80	867	C	0	0	866	37.9076212471132
A_HA_H5	81	867	A	0	0	867	38.1903114186851
A_HA_H5	82	916	G	0	0	914	37.7888402625821
A_HA_H5	83	919	A	0	0	918	36.7244008714597
A_HA_H5	84	921	T	0	0	921	37.3387622149837
A_HA_H5	85	927	T	0	0	925	37.6583783783784
A_HA_H5	86	927	T	0	0	926	37.6717062634989
A_HA_H5	87	941	G	0	0	941	37.7768331562168
A_HA_H5	88	942	C	0	0	942	37.9394904458599
A_HA_H5	89	946	A	0	0	946	38.0211416490486
A_HA_H5	90	950	T	0	0	950	38.0936842105263
A_HA_H5	91	953	T	0	0	952	38.1733193277311
A_HA_H5	92	976	G	0	0	976	37.8668032786885
A_HA_H5	93	980	G	0	0	979	37.6169560776302
A_HA_H5	94	984	T	0	0	982	37.3523421588595
A_HA_H5	95	984	T	0	0	984	37.5934959349593
A_HA_H5	96	988	A	0	0	988	37.9757085020243
A_HA_H5	97	1015	C	0	0	1015	37.871921182266
A_HA_H5	98	1020	C	0	0	1019	37.9146221786065
A_HA_H5	99	1025	A	0	0	1025	37.8887804878049
A_HA_H5	100	1027	T	0	0	1027	37.8305744888023
A_HA_H5	101	1037	G	0	0	1032	37.8052325581395
A_HA_H5	102	1038	C	0	0	1038	37.7138728323699
A_HA_H5	103	1050	A	0	0	1048	37.9713740458015
A_HA_H5	104	1088	A	0	0	1087	37.7957681692732
A_HA_H5	105	1096	A	0	0	1095	37.9497716894977
A_HA_H5	106	1125	C	0	0	1124	37.770462633452
A_HA_H5	107	1125	A	0	0	1125	37.8737777777778
A_HA_H5	108	1145	A	0	0	1144	37.6153846153846
A_HA_H5	109	1145	C	0	0	1145	37.3318777292576
A_HA_H5	110	1145	T	0	0	1145	37.774672489083
A_HA_H5	111	1181	C	0	0	1179	37.7964376590331
A_HA_H5	112	1182	A	0	0	1180	37.7669491525424
A_HA_H5	113	1191	A	0	0	1189	37.7947855340622
A_HA_H5	114	1192	C	0	0	1192	37.7919463087248
A_HA_H5	115	1192	A	0	0	1192	37.9010067114094
A_HA_H5	116	1206	G	0	0	1206	37.907960199005
A_HA_H5	117	1206	A	0	0	1205	37.6406639004149
A_HA_H5	118	1206	A	0	0	1206	38.0190713101161
A_HA_H5	119	1209	C	0	0	1206	37.9087893864013
A_HA_H5	120	1209	A	0	0	1208	37.9188741721854
A_HA_H5	121	1243	G	0	0	1243	37.6500402252615
A_HA_H5	122	1244	G	0	0	1243	37.1230893000805
A_HA_H5	123	1196	T	0	0	1190	36.5411764705882
A_HA_H5	124	1199	T	0	0	1197	37.2756892230576
A_HA_H5	125	1199	G	0	0	1198	37.4499165275459
A_HA_H5	126	1201	A	0	0	1198	37.6652754590985
A_HA_H5	127	1211	C	0	0	1208	37.9826158940397
A_HA_H5	128	1211	A	0	0	1210	37.8685950413223
A_HA_H5	129	1233	C	0	0	1233	37.9148418491484
A_HA_H5	130	1233	G	0	0	1233	37.2960259529603
A_HA_H5	131	1253	A	0	0	1252	36.6996805111821
A_HA_H5	132	1253	T	0	0	1253	37.4325618515563
A_HA_H5	133	1253	A	0	0	1251	36.9800159872102
A_HA_H5	134	1253	A	0	0	1251	37.0383693045564
A_HA_H5	135	1252	T	0	0	1252	38.0255591054313
A_HA_H5	136	1254	G	0	0	1254	38.1427432216906
A_HA_H5	137	1258	G	0	0	1258	37.8410174880763
A_HA_H5	138	1256	A	0	0	1255	37.6709163346614
A_HA_H5	139	1260	G	0	0	1259	37.9515488482923
A_HA_H5	140	1260	A	0	0	1259	37.7776012708499
A_HA_H5	141	1261	A	0	0	1260	37.8833333333333
A_HA_H5	142	1274	A	0	0	1272	37.8899371069182
A_HA_H5	143	1273	A	0	0	1273	37.8633150039277
A_HA_H5	144	1286	A	0	0	1283	37.7607170693687
A_HA_H5	145	1288	T	0	0	1287	38.017094017094
A_HA_H5	146	1289	G	0	0	1286	37.8973561430793
A_HA_H5	147	1290	T	0	0	1288	37.4021739130435
A_HA_H5	148	1291	T	0	0	1289	37.7967416602017
A_HA_H5	149	1294	A	0	0	1293	38.2668213457077
A_HA_H5	150	1281	C	0	0	1279	38.010164190774
A_HA_H5	151	1286	T	0	0	1283	38.0085736554949
A_HA_H5	152	1318	G	0	0	1318	37.7291350531108
A_HA_H5	153	1319	T	0	0	1318	37.7435508345979
A_HA_H5	154	1326	C	0	0	1326	37.685520361991
A_HA_H5	155	1326	A	0	0	1325	38.1645283018868
A_HA_H5	156	1333	C	0	0	1332	38.018018018018
A_HA_H5	157	1333	A	0	0	1328	38.1506024096386
A_HA_H5	158	1456	C	0	0	1454	37.6148555708391
A_HA_H5	159	1456	A	0	0	1454	36.8541953232462
A_HA_H5	160	1481	T	0	0	1480	37.422972972973
A_HA_H5	161	1548	G	0	0	1548	36.9696382428941
A_HA_H5	162	1525	C	0	0	1525	36.8898360655738
A_HA_H5	163	1523	T	0	0	1521	36.9086127547666
A_HA_H5	164	1526	C	0	0	1525	37.5573770491803
A_HA_H5	165	1525	A	0	0	1524	37.6115485564304
A_HA_H5	166	1536	A	0	0	1533	37.3926940639269
A_HA_H5	167	1542	G	1	0	1542	37.5090791180285
A_HA_H5	168	1552	A	0	0	1549	37.520981278244
A_HA_H5	169	1550	C	0	0	1548	37.8049095607235
A_HA_H5	170	1535	A	0	0	1535	37.8684039087948
A_HA_H5	171	1539	T	0	0	1538	38.0026007802341
A_HA_H5	172	1538	A	0	0	1538	37.8511053315995
A_HA_H5	173	1537	T	0	0	1537	38.0624593363695
A_HA_H5	174	1525	T	0	0	1524	38.2132545931759
A_HA_H5	175	1532	G	0	0	1531	37.9941214892227
A_HA_H5	176	1537	G	0	0	1536	37.6451822916667
A_HA_H5	177	1533	A	4	0	1531	37.6930111038537
A_HA_H5	178	1537	A	0	0	1537	37.7657774886142
A_HA_H5	179	1539	A	0	0	1537	37.8484059856864
A_HA_H5	180	1543	A	0	0	1543	38.0375891121192
A_HA_H5	181	1542	A	0	1	1539	37.8979857050033
A_HA_H5	182	1538	A	0	0	1537	37.2726089785296
A_HA_H5	183	1533	C	0	0	1531	37.3886348791639
A_HA_H5	184	1533	A	0	0	1510	38.1331125827815
A_HA_H5	185	1540	C	0	0	1540	37.9155844155844
A_HA_H5	186	1537	A	0	0	1533	37.9334637964775
A_HA_H5	187	1486	C	0	0	1485	36.8841750841751
A_HA_H5	188	1484	A	0	0	1482	37.3103913630229
A_HA_H5	189	1502	A	0	0	1497	37.3647294589178
A_HA_H5	190	1506	C	0	0	1503	36.8715901530273
A_HA_H5	191	1498	G	7	0	1498	36.9719626168224
A_HA_H5	192	1492	G	7	0	1488	36.8413978494624
A_HA_H5	193	1489	A	7	0	1486	37.1271870794078
A_HA_H5	194	1518	A	7	0	1515	37.2178217821782
A_HA_H5	195	1520	A	7	0	1515	37.0204620462046
A_HA_H5	196	1522	G	11	0	1520	37.6473684210526
A_HA_H5	197	1525	C	11	0	1524	37.5538057742782
A_HA_H5	198	1513	T	11	0	1513	37.6701916721745
A_HA_H5	199	1530	A	11	0	1529	37.922171353826
A_HA_H5	200	1528	T	11	0	1526	37.7968545216252
A_HA_H5	201	1528	G	11	0	1528	37.7729057591623
A_HA_H5	202	1533	C	11	0	1532	37.7637075718016
A_HA_H5	203	1526	A	11	0	1522	37.8751642575558
A_HA_H5	204	1645	G	11	0	1644	37.4318734793187
A_HA_H5	205	1637	T	11	0	1635	37.4770642201835
A_HA_H5	206	1642	C	11	0	1640	37.680487804878
A_HA_H5	207	1641	T	11	0	1640	37.7548780487805
A_HA_H5	208	1641	A	12	0	1640	37.844512195122
A_HA_H5	209	1613	A	11	0	1612	38.0093052109181
A_HA_H5	210	1606	A	11	0	1604	37.7437655860349
A_HA_H5	211	1610	T	11	0	1608	37.9067164179104
A_HA_H5	212	1609	G	11	0	1608	37.7742537313433
A_HA_H5	213	1674	G	11	0	1673	37.2145845786013
A_HA_H5	214	1630	A	11	0	1623	37.2261244608749
A_HA_H5	215	1632	G	11	0	1632	37.3780637254902
A_HA_H5	216	1629	T	11	0	1624	37.371921182266
A_HA_H5	217	1619	G	11	0	1619	37.4959851760346
A_HA_H5	218	1605	A	11	0	1602	37.5611735330836
A_HA_H5	219	1594	A	11	0	1593	37.5285624607658
A_HA_H5	220	1593	A	11	0	1588	37.5862720403023
A_HA_H5	221	1593	C	12	0	1591	37.3714644877436
A_HA_H5	222	1586	C	12	0	1586	37.3865069356873
A_HA_H5	223	1585	T	12	0	1583	37.6721415034744
A_HA_H5	224	1590	C	12	0	1589	37.7784770295784
A_HA_H5	225	1591	T	12	0	1586	37.327868852459
A_HA_H5	226	1610	C	12	0	1609	37.7203231821007
A_HA_H5	227	1609	A	12	0	1608	37.7114427860697
A_HA_H5	228	1624	T	12	0	1622	37.8705302096178
A_HA_H5	229	1625	T	12	0	1622	37.8933415536375
A_HA_H5	230	1627	T	12	0	1625	37.8695384615385
A_HA_H5	231	1622	T	12	0	1621	38.0906847624923
A_HA_H5	232	1621	G	11	0	1621	37.733497840839
A_HA_H5	233	1605	A	11	0	1604	36.9158354114713
A_HA_H5	234	1607	G	11	0	1604	37.2961346633416
A_HA_H5	235	1636	G	11	0	1631	37.474555487431
A_HA_H5	236	1642	G	11	0	1642	36.8666260657734
A_HA_H5	237	1655	A	11	0	1652	36.5296610169492
A_HA_H5	238	1676	T	11	0	1674	37.4139784946237
A_HA_H5	239	1676	T	11	0	1674	37.547192353644
A_HA_H5	240	1705	G	11	0	1704	37.5639671361502
A_HA_H5	241	1709	T	11	0	1704	37.2353286384977
A_HA_H5	242	1709	A	11	0	1705	37.4598240469208
A_HA_H5	243	1717	G	11	0	1714	37.534422403734
A_HA_H5	244	1701	T	11	0	1695	36.9356932153392
A_HA_H5	245	1716	G	11	0	1714	37.3238039673279
A_HA_H5	246	1717	T	11	1	1710	36.9099415204678
A_HA_H5	247	1705	A	11	1	1702	37.3578143360752
A_HA_H5	248	1705	G	11	0	1704	37.3568075117371
A_HA_H5	249	1683	C	11	1	1682	37.5243757431629
A_HA_H5	250	1676	T	11	1	1672	37.7374401913876
A_HA_H5	251	1687	G	11	0	1682	37.7675386444709
A_HA_H5	252	1680	G	11	0	1680	37.3791666666667
A_HA_H5	253	1678	A	11	0	1675	37.6794029850746
A_HA_H5	254	1669	T	11	0	1664	37.4633413461538
A_HA_H5	255	1635	G	11	0	1633	37.0894060012247
A_HA_H5	256	1643	G	11	0	1638	35.8620268620269
A_HA_H5	257	1625	C	11	0	1621	37.1431215299198
A_HA_H5	258	1625	T	11	0	1620	37.1993827160494
A_HA_H5	259	1631	C	11	0	1628	37.3218673218673
A_HA_H5	260	1613	C	11	0	1610	37.272049689441
A_HA_H5	261	1618	T	11	0	1617	37.547928262214
A_HA_H5	262	1635	T	11	0	1632	37.5814950980392
A_HA_H5	263	1655	G	0	0	1652	37.5526634382567
A_HA_H5	264	1658	G	0	0	1655	37.2876132930514
A_HA_H5	265	1647	A	1	0	1643	37.5782105903834
A_HA_H5	266	1648	A	0	0	1647	37.738919247116
A_HA_H5	267	1646	A	0	0	1644	37.7767639902676
A_HA_H5	268	1665	T	0	1	1663	37.5700541190619
A_HA_H5	269	1668	C	0	0	1667	37.6640671865627
A_HA_H5	270	1661	C	0	1	1660	37.4933734939759
A_HA_H5	271	1649	C	0	1	1649	37.7349909035779
A_HA_H5	272	1655	A	0	1	1653	37.7090139140956
A_HA_H5	273	1663	T	0	0	1663	37.7666867107637
A_HA_H5	274	1667	G	0	1	1665	37.9687687687688
A_HA_H5	275	1672	T	0	0	1669	37.5877771120431
A_HA_H5	276	1672	G	0	1	1654	37.46553808948
A_HA_H5	277	1666	T	0	0	1665	37.218018018018
A_HA_H5	278	1659	G	0	0	1659	36.9457504520796
A_HA_H5	279	1659	A	0	0	1656	37.7240338164251
A_HA_H5	280	1653	C	0	0	1652	37.59200968523
A_HA_H5	281	1649	G	0	1	1648	37.0728155339806
A_HA_H5	282	1637	A	0	0	1632	37.1427696078431
A_HA_H5	283	1709	G	0	0	1708	36.675644028103
A_HA_H5	284	1707	T	1	0	1704	36.849765258216
A_HA_H5	285	1720	T	0	0	1720	36.9808139534884
A_HA_H5	286	1720	T	0	0	1720	37.7854651162791
A_HA_H5	287	1719	T	0	0	1716	37.9935897435897
A_HA_H5	288	1718	T	0	0	1717	37.5684333139196
A_HA_H5	289	1718	A	1	0	1717	37.960396039604
A_HA_H5	290	1720	A	0	0	1717	37.9172976121142
A_HA_H5	291	1726	A	0	0	1725	37.7779710144928
A_HA_H5	292	1695	T	0	0	1695	38.0094395280236
A_HA_H5	293	1735	G	0	0	1735	37.4368876080692
A_HA_H5	294	1742	T	0	0	1736	36.852534562212
A_HA_H5	295	1736	A	0	0	1733	37.0542412002308
A_HA_H5	296	1738	C	0	0	1735	37.2904899135447
A_HA_H5	297	1738	C	0	0	1732	37.472286374134
A_HA_H5	298	1752	G	0	0	1752	36.958904109589
A_HA_H5	299	1762	G	0	0	1761	36.71777399205
A_HA_H5	300	1766	A	0	0	1765	36.9201133144476
A_HA_H5	301	1760	A	0	0	1758	36.759385665529
A_HA_H5	302	1739	T	0	0	1739	36.840713053479
A_HA_H5	303	1740	G	0	0	1738	37.3463751438435
A_HA_H5	304	1871	G	0	0	1870	36.9524064171123
A_HA_H5	305	1872	T	0	0	1861	36.8334228909189
A_HA_H5	306	1871	C	0	0	1868	37.1134903640257
A_HA_H5	307	1877	T	0	0	1874	37.1883671291355
A_HA_H5	308	1880	T	0	0	1879	37.3555082490687
A_HA_H5	309	1873	A	0	0	1873	37.3641217298452
A_HA_H5	310	1853	C	0	0	1853	37.3470048569887
A_HA_H5	311	1857	A	0	0	1855	37.3493261455526
A_HA_H5	312	1847	T	0	0	1846	37.3970747562297
A_HA_H5	313	1740	A	1	0	1739	37.5365152386429
A_HA_H5	314	1751	A	0	0	1750	37.4302857142857
A_HA_H5	315	1753	T	0	0	1753	37.5567598402738
A_HA_H5	316	1761	A	0	0	1760	37.49375
A_HA_H5	317	1827	G	0	0	1825	37.3084931506849
A_HA_H5	318	1767	A	0	0	1766	37.3029445073613
A_HA_H5	319	1769	G	0	0	1768	37.454185520362
A_HA_H5	320	1773	A	0	0	1773	37.3401015228426
A_HA_H5	321	1766	A	0	0	1765	37.4951841359773
A_HA_H5	322	1793	A	0	0	1787	37.6340235030778
A_HA_H5	323	1794	G	0	0	1793	37.1455660903514
A_HA_H5	324	1794	A	0	0	1790	37.3983240223464
A_HA_H5	325	1799	C	0	0	1798	37.4254727474972
A_HA_H5	326	1749	A	0	0	1742	37.7428243398393
A_HA_H5	327	1850	G	0	0	1849	37.3050297458085
A_HA_H5	328	1870	T	0	0	1867	37.5195500803428
A_HA_H5	329	1869	C	1	0	1869	37.3868378812199
A_HA_H5	330	1866	C	0	1	1865	37.2707774798928
A_HA_H5	331	1856	A	0	1	1850	37.3810810810811
A_HA_H5	332	1935	G	0	0	1935	37.4728682170543
A_HA_H5	333	1935	T	0	0	1934	37.3769389865564
A_HA_H5	334	1935	T	0	0	1935	37.5400516795866
A_HA_H5	335	1934	C	0	0	1933	37.5540610450078
A_HA_H5	336	1892	A	0	0	1891	37.7228979375992
A_HA_H5	337	1908	T	0	0	1903	37.8586442459275
A_HA_H5	338	1919	G	0	0	1913	37.3026659696811
A_HA_H5	339	1923	G	0	0	1921	36.5575221238938
A_HA_H5	340	1916	C	0	0	1916	37.151878914405
A_HA_H5	341	1913	C	0	0	1911	37.4186289900576
A_HA_H5	342	1913	T	0	0	1907	37.7981122181437
A_HA_H5	343	2000	C	0	0	2000	37.5015
A_HA_H5	344	2003	T	0	0	2002	37.6118881118881
A_HA_H5	345	2009	G	0	0	2008	37.4506972111554
A_HA_H5	346	2009	C	0	0	2006	37.2981056829511
A_HA_H5	347	2007	T	0	0	2005	37.6269326683292
A_HA_H5	348	2051	A	0	0	2049	37.5212298682284
A_HA_H5	349	2046	C	0	0	2044	37.4491193737769
A_HA_H5	350	2043	C	0	1	2042	37.2957884427032
A_HA_H5	351	2041	C	0	1	2040	37.406862745098
A_HA_H5	352	2006	A	0	0	2005	37.6608478802993
A_HA_H5	353	2017	G	0	0	2008	37.2918326693227
A_HA_H5	354	2016	G	0	1	2016	37.030753968254
A_HA_H5	355	1980	G	0	0	1980	36.8282828282828
A_HA_H5	356	1990	G	0	1	1988	37.0905432595573
A_HA_H5	357	1971	A	0	0	1954	36.9350051177073
A_HA_H5	358	1972	T	0	1	1972	37.0877281947262
A_HA_H5	359	1977	T	0	1	1975	37.8516455696203
A_HA_H5	360	1979	T	0	0	1977	37.6924633282752
A_HA_H5	361	1978	C	0	1	1977	37.6717248356095
A_HA_H5	362	1966	A	1	0	1963	37.6627610799796
A_HA_H5	363	1965	A	0	0	1962	37.8144750254842
A_HA_H5	364	1899	C	0	0	1896	37.4345991561181
A_HA_H5	365	1893	G	0	0	1893	37.2192287374538
A_HA_H5	366	1916	A	0	0	1913	37.2676424464192
A_HA_H5	367	1924	C	0	0	1923	37.2688507540302
A_HA_H5	368	1924	T	0	0	1922	37.2544224765869
A_HA_H5	369	1942	A	0	0	1938	37.2456140350877
A_HA_H5	370	1941	T	0	0	1940	37.8649484536082
A_HA_H5	371	1949	G	0	0	1949	37.9297075423294
A_HA_H5	372	1967	A	0	0	1962	37.8277268093782
A_HA_H5	373	1963	A	0	0	1962	37.8919469928644
A_HA_H5	374	1989	G	0	0	1988	37.7671026156942
A_HA_H5	375	1993	A	0	0	1991	37.9447513812155
A_HA_H5	376	1994	A	0	0	1991	37.8096433952788
A_HA_H5	377	1998	T	0	0	1997	37.8482724086129
A_HA_H5	378	1990	T	0	0	1990	37.8306532663317
A_HA_H5	379	1982	G	0	0	1981	37.4972236244321
A_HA_H5	380	1981	A	0	0	1977	37.8689934243804
A_HA_H5	381	1977	A	0	0	1975	37.7311392405063
A_HA_H5	382	1977	G	0	0	1977	37.5538694992413
A_HA_H5	383	1972	C	0	0	1972	37.6602434077079
A_HA_H5	384	1972	A	0	0	1965	37.2600508905852
A_HA_H5	385	2013	C	0	0	2012	37.6177932405567
A_HA_H5	386	2034	C	0	0	2032	37.7450787401575
A_HA_H5	387	2034	T	0	0	2033	37.6989670437777
A_HA_H5	388	2078	G	0	0	2078	37.609239653513
A_HA_H5	389	2084	T	0	0	2084	37.820537428023
A_HA_H5	390	2086	T	0	0	2086	37.8341323106424
A_HA_H5	391	2083	A	0	0	2083	37.7753240518483
A_HA_H5	392	2079	A	0	0	2075	37.5932530120482
A_HA_H5	393	2084	G	0	0	2082	37.4774255523535
A_HA_H5	394	2090	C	0	0	2089	37.5964576352322
A_HA_H5	395	2025	A	0	0	2024	37.6477272727273
A_HA_H5	396	2135	G	0	0	2134	37.4170571696345
A_HA_H5	397	2120	C	0	0	2118	37.5358829084042
A_HA_H5	398	2130	A	0	0	2127	37.5481899388811
A_HA_H5	399	2137	C	0	0	2137	37.8175011698643
A_HA_H5	400	2111	A	13	0	2110	37.7720379146919
A_HA_H5	401	2127	A	0	0	2125	37.9303529411765
A_HA_H5	402	2127	A	0	0	2125	37.7487058823529
A_HA_H5	403	2128	T	0	0	2128	37.7020676691729
A_HA_H5	404	2128	C	0	0	2128	38.0079887218045
A_HA_H5	405	2122	A	0	0	2122	38.1837888784166
A_HA_H5	406	2121	T	1	0	2117	37.8606518658479
A_HA_H5	407	2118	T	0	0	2116	37.9508506616257
A_HA_H5	408	2118	T	0	0	2118	38.2119924457035
A_HA_H5	409	2116	T	0	0	2114	38.2857142857143
A_HA_H5	410	2120	G	0	0	2120	38.0193396226415
A_HA_H5	411	2125	A	1	0	2123	37.1450777202073
A_HA_H5	412	2133	A	0	0	2128	38.2072368421053
A_HA_H5	413	2125	A	0	0	2121	37.9080622347949
A_HA_H5	414	2119	A	0	0	2115	37.7929078014184
A_HA_H5	415	2126	A	0	0	2124	37.8780602636535
A_HA_H5	416	2164	C	0	0	2163	37.3804900601017
A_HA_H5	417	2162	T	0	0	2160	37.7152777777778
A_HA_H5	418	2162	C	0	0	2159	37.7383047707272
A_HA_H5	419	2163	C	0	0	2162	37.7358926919519
A_HA_H5	420	2174	A	0	0	2173	37.9811320754717
A_HA_H5	421	2200	A	0	0	2197	38.0314064633591
A_HA_H5	422	2196	A	0	0	2195	37.9412300683371
A_HA_H5	423	2193	T	0	0	2192	37.8590328467153
A_HA_H5	424	2177	C	0	0	2177	37.5971520440974
A_HA_H5	425	2164	A	0	0	2163	37.9912159038373
A_HA_H5	426	2185	T	0	0	2181	37.6831728564879
A_HA_H5	427	2228	C	0	0	2224	37.7612410071942
A_HA_H5	428	2229	C	0	0	2227	37.8899865289627
A_HA_H5	429	2237	C	0	0	2236	37.9114490161002
A_HA_H5	430	2253	T	0	0	2248	37.9359430604982
A_HA_H5	431	2254	A	0	0	2253	37.8766089658233
A_HA_H5	432	2254	G	0	0	2252	37.7504440497336
A_HA_H5	433	2262	A	0	0	2261	37.6766917293233
A_HA_H5	434	2207	A	0	0	2203	37.7839310031775
A_HA_H5	435	2272	G	0	0	2272	37.5928697183099
A_HA_H5	436	2249	T	0	0	2243	37.2371823450736
A_HA_H5	437	2250	T	0	0	2248	37.3803380782918
A_HA_H5	438	2248	C	0	0	2245	37.732293986637
A_HA_H5	439	2254	T	0	0	2250	37.5435555555556
A_HA_H5	440	2261	T	0	0	2260	37.6995575221239
A_HA_H5	441	2273	G	0	0	2272	37.6144366197183
A_HA_H5	442	2314	G	0	0	2312	37.5423875432526
A_HA_H5	443	2314	T	0	0	2310	37.217316017316
A_HA_H5	444	2275	C	0	0	2275	37.407032967033
A_HA_H5	445	2251	T	0	0	2249	37.9172965762561
A_HA_H5	446	2303	A	0	0	2303	37.6552323056882
A_HA_H5	447	2312	A	0	0	2312	37.6721453287197
A_HA_H5	448	2326	C	0	0	2325	37.6275268817204
A_HA_H5	449	2331	C	0	0	2329	37.6852726492057
A_HA_H5	450	2320	A	0	0	2318	37.660483175151
A_HA_H5	451	2273	T	0	0	2271	37.9154557463672
A_HA_H5	452	2273	G	0	0	2271	37.8907970057244
A_HA_H5	453	2274	A	0	0	2268	37.7050264550265
A_HA_H5	454	2274	T	0	0	2272	37.2860915492958
A_HA_H5	455	2195	G	0	0	2192	37.2810218978102
A_HA_H5	456	2222	C	0	0	2220	36.9036036036036
A_HA_H5	457	2222	C	0	0	2219	37.4560612888689
A_HA_H5	458	2214	T	0	0	2211	37.6472184531886
A_HA_H5	459	2212	C	0	0	2207	37.8051653828727
A_HA_H5	460	2215	A	0	0	2214	37.7809394760614
A_HA_H5	461	2229	G	0	0	2229	37.5948855989233
A_HA_H5	462	2230	C	0	0	2228	37.5421903052065
A_HA_H5	463	2218	A	0	0	2216	37.8203971119134
A_HA_H5	464	2252	G	0	0	2252	37.5883658969805
A_HA_H5	465	2272	G	0	0	2272	37.3019366197183
A_HA_H5	466	2287	A	0	0	2283	36.9851073149365
A_HA_H5	467	2291	G	0	0	2288	37.1796328671329
A_HA_H5	468	2264	T	0	0	2262	37.1175950486295
A_HA_H5	469	2276	G	0	0	2272	37.2944542253521
A_HA_H5	470	2276	A	0	0	2267	37.3828848698721
A_HA_H5	471	2289	G	0	0	2286	37.4378827646544
A_HA_H5	472	2310	T	0	0	2308	37.4540727902946
A_HA_H5	473	2282	T	0	0	2282	36.9881682734443
A_HA_H5	474	2293	C	0	0	2293	37.1016136066289
A_HA_H5	475	2245	T	0	0	2243	37.2411948283549
A_HA_H5	476	2248	G	0	0	2246	37.0507569011576
A_HA_H5	477	2213	C	0	0	2213	37.1287844554903
A_HA_H5	478	2212	G	0	0	2211	37.2862957937585
A_HA_H5	479	2218	T	0	0	2217	37.1984663960307
A_HA_H5	480	2211	G	0	0	2209	37.0176550475328
A_HA_H5	481	2228	C	0	0	2226	36.9227313566936
A_HA_H5	482	2231	T	0	0	2231	37.1438816674137
A_HA_H5	483	2294	C	0	0	2292	37.4829842931937
A_HA_H5	484	2317	A	0	0	2316	37.520725388601
A_HA_H5	485	2370	T	0	0	2370	37.5274261603376
A_HA_H5	486	2370	A	0	0	2370	37.3763713080169
A_HA_H5	487	2380	T	0	0	2379	37.609079445145
A_HA_H5	488	2363	A	0	0	2360	37.3822033898305
A_HA_H5	489	2378	A	0	0	2374	37.382898062342
A_HA_H5	490	2335	T	0	0	2332	37.4849914236707
A_HA_H5	491	2326	G	0	0	2326	37.3693035253654
A_HA_H5	492	2303	G	0	0	2299	37.3658112222706
A_HA_H5	493	2233	A	0	0	2231	37.2196324518153
A_HA_H5	494	2169	A	0	0	2166	37.6001846722068
A_HA_H5	495	2167	G	0	0	2165	36.8757505773672
A_HA_H5	496	2193	G	0	0	2190	36.4881278538813
A_HA_H5	497	2161	T	0	0	2148	36.816573556797
A_HA_H5	498	2133	C	0	0	2132	37.2457786116323
A_HA_H5	499	2135	T	0	0	2133	37.5954055321144
A_HA_H5	500	2141	T	0	0	2138	37.3493919550982
A_HA_H5	501	2144	C	0	0	2143	37.3233784414372
A_HA_H5	502	2143	T	0	0	2141	37.4899579635684
A_HA_H5	503	2155	T	0	0	2153	37.7947050627032
A_HA_H5	504	2145	T	0	0	2144	37.9953358208955
A_HA_H5	505	2131	T	0	0	2130	38.024882629108
A_HA_H5	506	2138	T	0	0	2138	37.7408793264733
A_HA_H5	507	2133	T	0	0	2132	37.2476547842401
A_HA_H5	508	2136	C	0	0	2135	37.8852459016393
A_HA_H5	509	2131	A	0	0	2126	38.0696142991533
A_HA_H5	510	2158	G	0	0	2153	37.7120297259638
A_HA_H5	511	2167	G	0	0	2164	37.7624768946396
A_HA_H5	512	2163	A	0	0	2159	37.7716535433071
A_HA_H5	513	2234	A	0	0	2232	37.3902329749104
A_HA_H5	514	2233	T	0	0	2231	37.3823397579561
A_HA_H5	515	2340	G	0	0	2339	37.3193672509619
A_HA_H5	516	2376	T	0	0	2373	36.8866413822166
A_HA_H5	517	2383	A	0	0	2379	37.3291298865069
A_HA_H5	518	2387	G	0	0	2385	37.3136268343816
A_HA_H5	519	2369	T	0	0	2361	36.7441761965269
A_HA_H5	520	2370	A	0	0	2365	37.4105708245243
A_HA_H5	521	2371	T	0	0	2370	37.246835443038
A_HA_H5	522	2304	G	0	0	2304	37.0881076388889
A_HA_H5	523	2315	G	0	0	2312	36.9368512110727
A_HA_H5	524	2256	C	0	0	2255	36.7889135254989
A_HA_H5	525	2232	T	0	0	2229	37.3055181695828
A_HA_H5	526	2223	T	0	0	2222	37.7506750675067
A_HA_H5	527	2250	G	0	0	2250	37.0808888888889
A_HA_H5	528	2246	T	0	0	2244	37.5610516934046
A_HA_H5	529	2248	T	0	0	2247	37.7966177125056
A_HA_H5	530	2275	A	1	0	2273	37.7809062912451
A_HA_H5	531	2273	A	0	0	2270	37.8127753303965
A_HA_H5	532	2278	A	0	0	2276	37.8005272407733
A_HA_H5	533	2279	A	0	0	2275	37.8298901098901
A_HA_H5	534	2278	A	0	0	2274	37.7467018469657
A_HA_H5	535	2350	G	0	0	2346	36.6231884057971
A_HA_H5	536	2301	A	0	0	2299	37.0848194867334
A_HA_H5	537	2285	A	0	0	2283	37.7450722733246
A_HA_H5	538	2265	C	0	0	2263	37.5488289880689
A_HA_H5	539	2251	A	0	0	2248	37.7148576512456
A_HA_H5	540	2337	A	0	0	2336	37.5856164383562
A_HA_H5	541	2343	T	0	0	2340	37.3188034188034
A_HA_H5	542	2341	G	0	0	2341	37.3075608714225
A_HA_H5	543	2341	C	0	0	2339	37.5096194955109
A_HA_H5	544	2325	A	0	0	2317	37.5766076823479
A_HA_H5	545	2355	T	0	0	2350	37.6812765957447
A_HA_H5	546	2359	A	0	0	2356	37.4078947368421
A_HA_H5	547	2295	T	0	0	2290	37.2048034934498
A_HA_H5	548	2293	C	0	0	2288	37.145979020979
A_HA_H5	549	2274	C	0	0	2271	37.4363716424483
A_HA_H5	550	2264	A	0	0	2264	37.5742049469965
A_HA_H5	551	2269	A	0	0	2269	37.6914940502424
A_HA_H5	552	2293	C	0	0	2291	37.5670013094718
A_HA_H5	553	2279	A	0	0	2278	37.2791922739245
A_HA_H5	554	2353	A	0	0	2353	37.4492137696558
A_HA_H5	555	2353	T	0	0	2353	37.5108372290693
A_HA_H5	556	2346	A	2	0	2345	37.7138592750533
A_HA_H5	557	2360	A	0	0	2358	37.5004240882103
A_HA_H5	558	2363	A	0	0	2363	37.6072788827761
A_HA_H5	559	2363	A	0	0	2359	37.7134378974142
A_HA_H5	560	2360	A	0	0	2356	37.6808149405772
A_HA_H5	561	2343	G	0	0	2342	36.7775405636208
A_HA_H5	562	2379	G	0	0	2374	36.3096040438079
A_HA_H5	563	2404	A	0	0	2398	36.8427856547123
A_HA_H5	564	2414	G	0	0	2411	36.9456656988801
A_HA_H5	565	2398	C	0	0	2395	37.1068893528184
A_HA_H5	566	2400	T	0	0	2391	37.56043496445
A_HA_H5	567	2402	A	0	0	2399	37.3668195081284
A_HA_H5	568	2440	C	0	0	2438	37.4581624282199
A_HA_H5	569	2441	A	0	0	2439	37.5567855678557
A_HA_H5	570	2548	A	0	0	2546	37.4402985074627
A_HA_H5	571	2553	C	0	0	2549	37.3958415064731
A_HA_H5	572	2500	A	0	0	2500	37.3524
A_HA_H5	573	2514	A	0	0	2512	37.3535031847134
A_HA_H5	574	2511	T	0	0	2507	37.3641802951735
A_HA_H5	575	2513	A	0	0	2509	37.4734954165006
A_HA_H5	576	2520	C	0	0	2517	37.5085419149781
A_HA_H5	577	2485	A	0	0	2483	37.897704389851
A_HA_H5	578	2465	A	0	0	2459	37.7946319642131
A_HA_H5	579	2461	A	0	0	2459	37.8308255388369
A_HA_H5	580	2480	C	0	0	2478	37.40799031477
A_HA_H5	581	2499	A	0	0	2498	37.8266613290632
A_HA_H5	582	2533	A	0	0	2532	37.7199842022117
A_HA_H5	583	2529	A	0	0	2527	37.797783933518
A_HA_H5	584	2527	G	0	0	2525	37.5362376237624
A_HA_H5	585	2528	A	0	0	2526	37.7232779097387
A_HA_H5	586	2479	A	0	0	2477	37.6612838110618
A_HA_H5	587	2482	G	0	0	2482	37.1208702659146
A_HA_H5	588	2515	A	0	0	2502	37.0659472422062
A_HA_H5	589	2668	C	0	0	2663	36.514081862561
A_HA_H5	590	2663	C	0	0	2657	37.1441475348137
A_HA_H5	591	2659	T	0	0	2654	37.4415975885456
A_HA_H5	592	2664	T	0	0	2661	37.3964674934235
A_HA_H5	593	2642	T	0	0	2641	37.5263157894737
A_HA_H5	594	2646	T	0	0	2644	37.6902420574887
A_HA_H5	595	2647	A	0	0	2646	37.8405139833711
A_HA_H5	596	2672	G	0	0	2670	37.4250936329588
A_HA_H5	597	2625	T	0	0	2606	36.8050652340752
A_HA_H5	598	2655	G	0	0	2653	37.1594421409725
A_HA_H5	599	2656	A	0	0	2653	37.4666415378816
A_HA_H5	600	2661	T	0	0	2656	37.2311746987952
A_HA_H5	601	2674	A	0	0	2672	37.5860778443114
A_HA_H5	602	2677	T	0	0	2675	37.0878504672897
A_HA_H5	603	2681	G	3	0	2677	36.9671273813971
A_HA_H5	604	2782	G	0	0	2779	36.6066930550558
A_HA_H5	605	2771	G	0	0	2762	36.6600289645185
A_HA_H5	606	2783	G	0	0	2778	36.1925845932325
A_HA_H5	607	2741	G	0	0	2737	36.2130069419072
A_HA_H5	608	2734	A	0	0	2727	36.4224422442244
A_HA_H5	609	2740	T	0	0	2735	36.4826325411335
A_HA_H5	610	2756	T	0	0	2754	37.2723311546841
A_HA_H5	611	2758	C	0	0	2752	37.2688953488372
A_HA_H5	612	2752	A	0	0	2745	37.2364298724954
A_HA_H5	613	2799	C	0	0	2796	37.2206723891273
A_HA_H5	614	2747	C	0	0	2711	37.4518627812615
A_HA_H5	615	2752	A	0	0	2750	37.4796363636364
A_HA_H5	616	2802	T	0	0	2796	37.4610157367668
A_HA_H5	617	2787	C	0	0	2749	37.379046926155
A_HA_H5	618	2781	C	0	0	2780	37.0424460431655
A_HA_H5	619	2786	T	0	0	2784	37.3688936781609
A_HA_H5	620	2779	A	0	0	2777	37.695714800144
A_HA_H5	621	2780	A	0	0	2775	37.7246846846847
A_HA_H5	622	2763	C	0	0	2763	37.4726746290264
A_HA_H5	623	2743	G	0	0	2740	36.7861313868613
A_HA_H5	624	2746	A	0	0	2744	36.8115889212828
A_HA_H5	625	2712	T	0	0	2711	36.8454444854297
A_HA_H5	626	2706	G	0	0	2705	36.1918669131238
A_HA_H5	627	2712	C	0	0	2708	36.1166912850812
A_HA_H5	628	2697	A	0	0	2689	37.400520639643
A_HA_H5	629	2701	G	0	0	2698	37.3076352853966
A_HA_H5	630	2729	C	0	0	2724	37.28046989721
A_HA_H5	631	2734	G	0	0	2731	37.0300256316368
A_HA_H5	632	2721	G	1	0	2708	36.7943131462334
A_HA_H5	633	2711	A	1	0	2705	36.728280961183
A_HA_H5	634	2674	A	1	0	2667	37.0802399700038
A_HA_H5	635	2644	C	1	0	2625	37.1131428571429
A_HA_H5	636	2656	A	1	0	2656	37.8606927710843
A_HA_H5	637	2673	A	1	0	2671	37.7648820666417
A_HA_H5	638	2673	A	1	0	2671	37.8000748783227
A_HA_H5	639	2681	C	1	0	2679	37.665546845838
A_HA_H5	640	2678	A	1	0	2674	37.9622288706058
A_HA_H5	641	2672	A	1	0	2669	37.8044211315099
A_HA_H5	642	2674	A	1	0	2673	37.5589225589226
A_HA_H5	643	2682	A	1	0	2680	37.705223880597
A_HA_H5	644	2691	C	0	0	2688	37.7637648809524
A_HA_H5	645	2678	T	0	0	2672	37.5568862275449
A_HA_H5	646	2686	C	0	0	2685	37.8052141527002
A_HA_H5	647	2682	T	0	0	2680	37.9268656716418
A_HA_H5	648	2737	A	0	0	2737	37.9174278407015
A_HA_H5	649	2735	T	0	0	2733	37.3798024149286
A_HA_H5	650	2725	C	0	0	2721	37.832414553473
A_HA_H5	651	2724	A	0	0	2723	37.6771942710246
A_HA_H5	652	2730	A	0	0	2729	37.4532795895933
A_HA_H5	653	2735	A	0	0	2735	37.435831809872
A_HA_H5	654	2756	A	0	0	2747	36.928285402257
A_HA_H5	655	2782	C	0	0	2780	37.3881294964029
A_HA_H5	656	2776	C	0	0	2774	37.0681326604182
A_HA_H5	657	2765	C	0	0	2764	37.1646164978292
A_HA_H5	658	2763	A	0	0	2757	37.2013057671382
A_HA_H5	659	2765	A	0	0	2760	37.3746376811594
A_HA_H5	660	2773	C	0	0	2772	37.1316738816739
A_HA_H5	661	2771	T	0	0	2770	37.5826714801444
A_HA_H5	662	2834	A	0	0	2827	37.0130880792359
A_HA_H5	663	2835	C	0	0	2832	37.5748587570621
A_HA_H5	664	2784	C	0	0	2783	37.5429392741646
A_HA_H5	665	2771	T	0	0	2763	37.5273253709736
A_HA_H5	666	2780	A	0	0	2780	37.6035971223022
A_HA_H5	667	2762	T	0	0	2755	37.5335753176044
A_HA_H5	668	2763	G	0	0	2731	37.7286708165507
A_HA_H5	669	2750	T	1	0	2730	37.3919413919414
A_HA_H5	670	2744	T	0	0	2739	37.4567360350493
A_HA_H5	671	2714	T	0	0	2709	37.6194167589516
A_HA_H5	672	2692	C	0	0	2690	37.5702602230483
A_HA_H5	673	2670	A	0	0	2666	37.5326331582896
A_HA_H5	674	2684	G	0	0	2681	37.4770607982096
A_HA_H5	675	2680	T	0	0	2675	37.0321495327103
A_HA_H5	676	2676	C	0	0	2669	37.4421131509929
A_HA_H5	677	2670	G	0	0	2666	37.0303825956489
A_HA_H5	678	2697	G	0	0	2694	36.5519673348181
A_HA_H5	679	2716	A	0	0	2708	36.7799113737075
A_HA_H5	680	2719	A	0	0	2715	37.0615101289134
A_HA_H5	681	2759	C	0	0	2757	37.0246644903881
A_HA_H5	682	2773	A	0	0	2772	37.6562049062049
A_HA_H5	683	2782	T	0	0	2782	37.6279654924515
A_HA_H5	684	2747	C	0	0	2744	37.5725218658892
A_HA_H5	685	2753	T	0	0	2748	37.169941775837
A_HA_H5	686	2797	A	0	0	2795	37.6608228980322
A_HA_H5	687	2838	C	0	0	2835	37.7742504409171
A_HA_H5	688	2816	A	0	0	2816	37.7230113636364
A_HA_H5	689	2825	T	0	0	2824	37.6239376770538
A_HA_H5	690	2788	T	0	0	2785	37.6692998204668
A_HA_H5	691	2747	A	0	0	2745	37.8972677595628
A_HA_H5	692	2769	A	0	0	2768	37.7528901734104
A_HA_H5	693	2781	A	0	0	2778	37.7379409647228
A_HA_H5	694	2790	T	0	0	2783	37.4337046352857
A_HA_H5	695	2763	C	0	0	2761	37.6356392611373
A_HA_H5	696	2689	A	0	0	2687	37.9754372906587
A_HA_H5	697	2690	G	0	0	2685	37.3638733705773
A_HA_H5	698	2689	A	0	0	2680	37.6608208955224
A_HA_H5	699	2751	G	0	0	2748	36.9516011644833
A_HA_H5	700	2769	G	0	0	2766	36.5350686912509
A_HA_H5	701	2752	T	0	0	2737	36.5652173913044
A_HA_H5	702	2759	C	0	0	2758	37.1464829586657
A_HA_H5	703	2744	T	1	0	2742	37.3873085339169
A_HA_H5	704	2802	A	1	0	2802	37.5024982155603
A_HA_H5	705	2779	T	0	0	2777	37.5779618293122
A_HA_H5	706	2778	T	0	0	2776	37.3155619596542
A_HA_H5	707	2785	C	0	0	2783	37.6054617319439
A_HA_H5	708	2761	C	1	0	2756	37.5917997097242
A_HA_H5	709	2742	A	1	0	2740	37.9916058394161
A_HA_H5	710	2754	G	1	0	2753	37.7246640029059
A_HA_H5	711	2746	A	1	0	2744	37.8061224489796
A_HA_H5	712	2745	A	1	0	2744	37.7766034985423
A_HA_H5	713	2697	A	1	0	2692	37.7945765230312
A_HA_H5	714	2671	T	1	0	2667	37.686914135733
A_HA_H5	715	2663	A	1	0	2659	37.838285069575
A_HA_H5	716	2667	G	1	0	2663	37.3443484791588
A_HA_H5	717	2648	C	25	0	2644	37.1145990922844
A_HA_H5	718	2634	C	25	0	2632	37.4380699088146
A_HA_H5	719	2626	A	25	0	2616	37.3990825688073
A_HA_H5	720	2570	C	1	0	2566	37.4041309431021
A_HA_H5	721	2563	C	1	0	2560	37.273046875
A_HA_H5	722	2554	A	1	0	2551	37.8353586828695
A_HA_H5	723	2660	G	1	0	2659	37.2775479503573
A_HA_H5	724	2697	G	1	0	2693	36.5870776086149
A_HA_H5	725	2720	C	0	0	2712	36.5936578171091
A_HA_H5	726	2717	C	0	0	2715	36.8622467771639
A_HA_H5	727	2716	T	0	0	2714	37.430729550479
A_HA_H5	728	2749	A	0	0	2748	37.5596797671033
A_HA_H5	729	2768	A	0	0	2765	37.4415913200723
A_HA_H5	730	2768	A	0	0	2765	37.4072332730561
A_HA_H5	731	2797	G	0	0	2794	37.2065139584825
A_HA_H5	732	2722	T	0	0	2717	36.7938903202061
A_HA_H5	733	2648	A	1	0	2645	37.6665406427221
A_HA_H5	734	2652	A	0	0	2651	37.6552244436062
A_HA_H5	735	2650	A	0	0	2647	37.6486588590858
A_HA_H5	736	2650	T	0	0	2648	37.631419939577
A_HA_H5	737	2648	G	0	0	2646	37.3424036281179
A_HA_H5	738	2671	G	0	0	2669	37.1910828025478
A_HA_H5	739	2657	G	0	0	2642	37.2392127176382
A_HA_H5	740	2549	C	0	0	2547	37.3981154299176
A_HA_H5	741	2542	A	0	0	2542	37.4343036978757
A_HA_H5	742	2577	A	0	0	2574	36.5912975912976
A_HA_H5	743	2574	A	0	0	2566	36.9918160561185
A_HA_H5	744	2595	G	0	0	2592	37.110725308642
A_HA_H5	745	2613	C	0	0	2610	37.0727969348659
A_HA_H5	746	2605	G	0	0	2600	37.2392307692308
A_HA_H5	747	2609	G	0	0	2608	37.055981595092
A_HA_H5	748	2632	A	0	0	2619	36.6670484917908
A_HA_H5	749	2606	A	0	0	2593	36.9082144234477
A_HA_H5	750	2604	G	0	0	2603	36.9481367652708
A_HA_H5	751	2589	A	0	0	2588	37.314142194745
A_HA_H5	752	2580	A	0	0	2578	37.5275407292475
A_HA_H5	753	2584	T	0	0	2582	37.7157242447715
A_HA_H5	754	2571	G	0	0	2569	37.7948618139354
A_HA_H5	755	2503	G	0	0	2502	37.744204636291
A_HA_H5	756	2480	A	0	0	2470	37.204048582996
A_HA_H5	757	2473	G	0	0	2471	37.2828814245245
A_HA_H5	758	2389	T	80	0	2385	37.2029350104822
A_HA_H5	759	2484	T	0	0	2479	37.0455828963292
A_HA_H5	760	2501	T	0	0	2500	37.6992
A_HA_H5	761	2482	T	0	0	2481	37.8472390165256
A_HA_H5	762	2477	T	0	0	2476	37.3816639741519
A_HA_H5	763	2476	T	0	0	2474	37.3439773645918
A_HA_H5	764	2434	T	0	0	2434	36.9108463434675
A_HA_H5	765	2432	G	0	0	2430	36.7592592592593
A_HA_H5	766	2435	G	0	0	2435	36.9125256673511
A_HA_H5	767	2448	A	0	0	2445	37.4969325153374
A_HA_H5	768	2441	C	0	0	2440	37.2069672131148
A_HA_H5	769	2428	G	0	0	2427	37.3778327152864
A_HA_H5	770	2567	A	0	0	2566	36.9306313328137
A_HA_H5	771	2577	T	1	0	2576	37.1009316770186
A_HA_H5	772	2595	T	0	0	2594	37.686198920586
A_HA_H5	773	2624	T	0	0	2621	37.3990843189622
A_HA_H5	774	2629	T	0	0	2629	37.7192848992012
A_HA_H5	775	2626	A	0	0	2623	37.9595882577202
A_HA_H5	776	2629	A	0	0	2624	37.7591463414634
A_HA_H5	777	2632	A	0	0	2629	37.6941802966908
A_HA_H5	778	2688	G	0	0	2685	37.4823091247672
A_HA_H5	779	2625	T	0	0	2615	37.0061185468451
A_HA_H5	780	2637	C	0	0	2636	37.5208649468892
A_HA_H5	781	2699	A	0	0	2699	37.5765098184513
A_HA_H5	782	2722	T	0	0	2717	37.4431358115569
A_HA_H5	783	2710	A	0	0	2703	37.5508694043655
A_HA_H5	784	2711	T	0	0	2710	37.5265682656827
A_HA_H5	785	2727	G	0	0	2727	37.2629262926293
A_HA_H5	786	2728	A	0	0	2718	37.2807211184695
A_HA_H5	787	2721	C	0	0	2720	37.0246323529412
A_HA_H5	788	2689	A	0	0	2678	37.0907393577296
A_HA_H5	789	2729	C	0	0	2724	36.9519089574156
A_HA_H5	790	2702	C	0	0	2668	36.9104197901049
A_HA_H5	791	2704	A	0	0	2701	37.3598667160311
A_HA_H5	792	2704	T	0	0	2700	37.39
A_HA_H5	793	2705	C	0	0	2687	37.5161890584295
A_HA_H5	794	2698	A	0	0	2696	37.6528189910979
A_HA_H5	795	2721	G	0	0	2721	37.180815876516
A_HA_H5	796	2720	T	0	0	2712	36.8897492625369
A_HA_H5	797	2741	T	0	0	2740	37.3277372262774
A_HA_H5	798	2730	T	0	0	2728	37.3178152492669
A_HA_H5	799	2690	C	0	0	2684	37.0622205663189
A_HA_H5	800	2689	G	0	0	2689	37.0922275939011
A_HA_H5	801	2692	A	0	0	2684	36.8960506706408
A_HA_H5	802	2700	G	0	0	2700	37.6085185185185
A_HA_H5	803	2683	A	0	0	2680	37.3966417910448
A_HA_H5	804	2673	G	0	0	2673	37.0935278713056
A_HA_H5	805	2645	T	0	0	2638	37.3510235026535
A_HA_H5	806	2627	A	1	0	2626	37.8373952779893
A_HA_H5	807	2643	A	0	0	2638	37.8301743745262
A_HA_H5	808	2639	T	0	0	2635	37.5817836812144
A_HA_H5	809	2638	G	0	0	2638	37.6906747536012
A_HA_H5	810	2640	G	0	0	2637	37.7929465301479
A_HA_H5	811	2641	A	0	0	2639	37.7097385373247
A_HA_H5	812	2681	A	0	0	2678	37.7998506348021
A_HA_H5	813	2644	A	0	0	2642	37.7672218016654
A_HA_H5	814	2666	T	0	0	2662	37.6175807663411
A_HA_H5	815	2664	T	0	0	2661	37.8898910184141
A_HA_H5	816	2668	T	0	0	2668	38.0322338830585
A_HA_H5	817	2663	T	0	0	2663	38.1652271873826
A_HA_H5	818	2664	A	0	0	2664	38.0487987987988
A_HA_H5	819	2666	T	0	0	2663	37.9226436349981
A_HA_H5	820	2704	T	0	0	2703	37.8294487606363
A_HA_H5	821	2804	G	0	0	2803	36.8087763110953
A_HA_H5	822	2820	C	0	0	2820	36.690780141844
A_HA_H5	823	2804	T	0	0	2792	36.4222779369628
A_HA_H5	824	2828	C	0	0	2823	36.596174282678
A_HA_H5	825	2844	C	0	0	2838	37.2501761804087
A_HA_H5	826	2907	G	0	0	2903	36.8560110230796
A_HA_H5	827	2933	G	0	0	2933	36.8878281622912
A_HA_H5	828	3067	A	0	0	3065	37.2512234910277
A_HA_H5	829	3083	A	0	0	3079	37.3751217927899
A_HA_H5	830	3045	T	0	0	3043	36.9937561616825
A_HA_H5	831	3052	A	0	0	3046	37.8910045961917
A_HA_H5	832	3028	T	0	0	3021	37.7735849056604
A_HA_H5	833	3104	G	0	0	3101	37.4975814253467
A_HA_H5	834	3109	C	0	0	3106	37.5106245975531
A_HA_H5	835	3095	A	0	0	3092	37.7144243208279
A_HA_H5	836	3075	T	0	0	3072	37.76171875
A_HA_H5	837	3055	A	0	0	3052	37.6091087811271
A_HA_H5	838	3035	C	0	0	3034	37.8740936058009
A_HA_H5	839	3024	A	1	0	3024	38.0393518518519
A_HA_H5	840	3027	A	0	0	3026	37.9524124256444
A_HA_H5	841	3025	A	0	0	3021	37.7765640516385
A_HA_H5	842	3017	A	0	0	3017	37.7587006960557
A_HA_H5	843	2998	T	0	0	2996	37.437917222964
A_HA_H5	844	2994	T	0	0	2990	37.9220735785953
A_HA_H5	845	2994	G	0	0	2994	38.0217100868404
A_HA_H5	846	2991	T	0	0	2984	37.0747319034853
A_HA_H5	847	2992	C	0	0	2988	37.6566265060241
A_HA_H5	848	2998	A	0	0	2996	38.0236982643525
A_HA_H5	849	3026	A	0	0	3023	37.9804829639431
A_HA_H5	850	2991	A	0	0	2991	37.9806084921431
A_HA_H5	851	2986	A	0	0	2975	37.9529411764706
A_HA_H5	852	2995	C	0	0	2994	38.001002004008
A_HA_H5	853	2974	A	0	0	2974	37.9475453934095
A_HA_H5	854	2985	G	0	0	2982	37.8843058350101
A_HA_H5	855	2979	G	0	0	2976	37.5752688172043
A_HA_H5	856	2987	A	0	0	2978	37.6417058428475
A_HA_H5	857	2988	G	0	0	2985	37.2733668341709
A_HA_H5	858	3019	A	0	0	3017	37.5770633079218
A_HA_H5	859	3023	T	0	0	3019	37.5117588605499
A_HA_H5	860	3013	T	0	0	3009	37.6450648055833
A_HA_H5	861	3011	C	0	0	3008	37.7965425531915
A_HA_H5	862	3001	A	0	0	2993	37.7821583695289
A_HA_H5	863	3001	G	0	0	2997	37.5118451785118
A_HA_H5	864	3050	C	0	0	3049	37.7540177107248
A_HA_H5	865	3037	A	0	0	3031	37.9772352358957
A_HA_H5	866	3115	G	0	0	3113	37.6170896241568
A_HA_H5	867	3084	T	0	0	3082	37.6181051265412
A_HA_H5	868	3120	C	0	0	3118	37.6302116741501
A_HA_H5	869	3119	A	0	0	3116	37.8844672657253
A_HA_H5	870	3124	T	0	0	3119	37.7659506252004
A_HA_H5	871	3126	G	0	0	3124	37.9596670934699
A_HA_H5	872	3135	A	0	0	3132	37.9808429118774
A_HA_H5	873	3138	A	0	0	3137	37.5403251514185
A_HA_H5	874	3089	A	0	0	3087	37.8072562358277
A_HA_H5	875	2990	A	0	0	2984	37.3890750670241
A_HA_H5	876	2999	G	0	0	2999	37.0746915638546
A_HA_H5	877	3019	C	0	0	3012	37.1122177954847
A_HA_H5	878	3024	G	0	0	3023	37.4836255375455
A_HA_H5	879	3036	A	0	0	3034	37.4673698088332
A_HA_H5	880	3038	A	0	0	3035	37.6836902800659
A_HA_H5	881	3053	T	0	0	3048	37.1437007874016
A_HA_H5	882	3058	T	0	0	3057	37.6136735361465
A_HA_H5	883	3090	G	0	0	3087	37.4259799157758
A_HA_H5	884	3122	G	0	0	3120	37.3852564102564
A_HA_H5	885	3132	A	0	0	3128	37.7391304347826
A_HA_H5	886	3148	A	0	0	3146	37.7857596948506
A_HA_H5	887	3163	T	0	0	3159	37.6071541627097
A_HA_H5	888	3124	A	0	0	3123	37.7582452769773
A_HA_H5	889	3147	T	0	0	3143	37.6665606108813
A_HA_H5	890	3146	G	0	0	3142	37.6422660725652
A_HA_H5	891	3158	G	0	0	3157	37.4675324675325
A_HA_H5	892	3131	T	0	0	3125	37.35296
A_HA_H5	893	3081	A	0	0	3080	37.7512987012987
A_HA_H5	894	3081	A	0	0	3081	37.787082116196
A_HA_H5	895	3126	T	0	0	3121	37.5776994553028
A_HA_H5	896	3102	T	0	0	3101	37.6307642695905
A_HA_H5	897	3096	G	0	0	3092	37.5588615782665
A_HA_H5	898	3067	C	0	0	3064	37.4588772845953
A_HA_H5	899	3047	A	0	0	3039	37.0460677854557
A_HA_H5	900	3044	A	0	0	3040	37.3756578947368
A_HA_H5	901	3066	C	0	0	3065	36.8864600326264
A_HA_H5	902	3070	A	0	0	3051	36.6801048836447
A_HA_H5	903	3080	C	0	0	3080	37.4064935064935
A_HA_H5	904	3035	C	0	0	3032	37.493073878628
A_HA_H5	905	3038	A	0	0	3035	37.8751235584843
A_HA_H5	906	3034	A	0	0	3033	37.6389713155292
A_HA_H5	907	3066	A	0	0	3066	37.6037181996086
A_HA_H5	908	3084	T	0	0	3082	37.505515898767
A_HA_H5	909	3099	G	0	0	3098	37.6003873466753
A_HA_H5	910	3087	T	0	0	3076	37.2766579973992
A_HA_H5	911	3072	C	0	0	3069	37.762137504073
A_HA_H5	912	3070	A	0	0	3068	37.8820078226858
A_HA_H5	913	3097	A	0	0	3097	37.5476267355505
A_HA_H5	914	3114	A	0	0	3111	37.5110896817744
A_HA_H5	915	3198	C	0	0	3195	37.527386541471
A_HA_H5	916	3181	T	0	0	3174	37.0302457466919
A_HA_H5	917	3147	C	0	0	3146	37.474888747616
A_HA_H5	918	3134	C	0	0	3128	37.6106138107417
A_HA_H5	919	3135	A	0	0	3131	37.5049504950495
A_HA_H5	920	3135	G	0	0	3133	37.6779444621768
A_HA_H5	921	3082	T	0	0	3078	37.4649122807018
A_HA_H5	922	3075	A	0	0	3073	37.5802147738366
A_HA_H5	923	3053	G	0	0	3050	37.584262295082
A_HA_H5	924	3063	G	0	0	3060	37.5183006535948
A_HA_H5	925	3090	T	0	0	3074	36.7111255692908
A_HA_H5	926	3072	G	0	0	3071	37.3653533051123
A_HA_H5	927	3094	C	0	0	3090	37.6705501618123
A_HA_H5	928	3099	A	0	0	3097	37.8937681627381
A_HA_H5	929	3082	A	0	0	3081	37.9380071405388
A_HA_H5	930	3074	T	0	0	3074	38.0081327260898
A_HA_H5	931	3116	A	0	0	3115	37.9971107544141
A_HA_H5	932	3094	A	0	0	3092	37.8208279430789
A_HA_H5	933	3064	A	0	0	3061	37.8020254818687
A_HA_H5	934	3066	T	0	0	3061	37.5236850702385
A_HA_H5	935	3131	T	0	0	3126	37.2693538067818
A_HA_H5	936	3134	C	0	0	3130	37.6932907348243
A_HA_H5	937	3149	A	0	0	3147	37.928503336511
A_HA_H5	938	3144	A	0	0	3135	37.9011164274322
A_HA_H5	939	3157	G	0	0	3156	37.8501267427123
A_HA_H5	940	3110	T	0	0	3104	37.4903350515464
A_HA_H5	941	3104	A	0	0	3103	37.8485336770867
A_HA_H5	942	3104	T	0	0	3097	37.5569906360994
A_HA_H5	943	3108	G	0	0	3108	37.5958815958816
A_HA_H5	944	3146	C	0	0	3137	37.1351609818298
A_HA_H5	945	3120	C	0	0	3119	37.4674575184354
A_HA_H5	946	3110	A	0	0	3108	37.5691763191763
A_HA_H5	947	3129	T	0	0	3127	37.7345698752798
A_HA_H5	948	3113	T	0	0	3108	37.8159588159588
A_HA_H5	949	3160	T	0	0	3156	37.743979721166
A_HA_H5	950	3162	C	0	0	3162	36.9364326375712
A_HA_H5	951	3165	A	0	0	3157	37.6889452011403
A_HA_H5	952	3178	C	0	0	3178	37.6872246696035
A_HA_H5	953	3175	A	0	0	3171	37.8293913591927
A_HA_H5	954	3314	A	0	0	3310	37.5187311178248
A_HA_H5	955	3315	C	0	0	3312	37.1222826086956
A_HA_H5	956	3374	A	0	0	3374	37.3921161825726
A_HA_H5	957	3414	T	0	0	3412	37.0970105509965
A_HA_H5	958	3384	A	0	0	3376	36.8909952606635
A_HA_H5	959	3409	C	0	0	3404	36.8827849588719
A_HA_H5	960	3397	A	0	0	3395	36.7293078055965
A_HA_H5	961	3458	T	0	0	3445	36.1808417997097
A_HA_H5	962	3490	C	0	0	3485	36.6553802008608
A_HA_H5	963	3420	C	0	0	3416	36.5512295081967
A_HA_H5	964	3440	C	0	0	3436	36.7660069848661
A_HA_H5	965	3395	C	0	0	3363	36.7805530776093
A_HA_H5	966	3353	T	0	0	3334	36.753449310138
A_HA_H5	967	3404	C	0	0	3403	36.3294152218631
A_HA_H5	968	3396	A	0	0	3368	36.1680522565321
A_HA_H5	969	3674	C	0	0	3671	36.9504222282757
A_HA_H5	970	3669	C	0	0	3667	37.2009817289337
A_HA_H5	971	3624	A	0	0	3620	37.1665745856354
A_HA_H5	972	3598	T	0	0	3593	37.1096576676872
A_HA_H5	973	3582	T	0	0	3575	37.0685314685315
A_HA_H5	974	3592	G	0	0	3590	37.3281337047354
A_HA_H5	975	3588	G	0	0	3585	37.0909344490934
A_HA_H5	976	3629	A	0	0	3616	37.1330199115044
A_HA_H5	977	3605	G	0	0	3602	37.2493059411438
A_HA_H5	978	3373	A	0	0	3369	37.7171267438409
A_HA_H5	979	3388	A	0	0	3384	37.6622340425532
A_HA_H5	980	3416	T	0	0	3414	37.1499707088459
A_HA_H5	981	3418	G	0	0	3418	37.1380924517262
A_HA_H5	982	3435	C	5	0	3431	36.7496356747304
A_HA_H5	983	3376	C	0	0	3371	36.724710768318
A_HA_H5	984	3373	C	0	0	3370	37.386646884273
A_HA_H5	985	3369	C	0	0	3367	37.4122364122364
A_HA_H5	986	3365	A	0	0	3365	37.481426448737
A_HA_H5	987	3419	A	0	0	3418	37.408718548859
A_HA_H5	988	3425	A	0	0	3422	37.7039742840444
A_HA_H5	989	3422	T	0	0	3418	37.6887068461088
A_HA_H5	990	3416	A	0	0	3409	37.4593722499267
A_HA_H5	991	3408	C	0	0	3404	37.5822561692127
A_HA_H5	992	3405	G	0	0	3403	38.0129297678519
A_HA_H5	993	3416	T	0	0	3416	37.9672131147541
A_HA_H5	994	3412	A	1	0	3410	37.8774193548387
A_HA_H5	995	3459	A	0	0	3457	37.8634654324559
A_HA_H5	996	3461	A	0	0	3460	37.9060693641619
A_HA_H5	997	3586	A	0	0	3583	37.8110521909015
A_HA_H5	998	3583	T	0	0	3581	37.4872940519408
A_HA_H5	999	3575	C	0	0	3573	37.861740834033
A_HA_H5	1000	3560	A	0	0	3553	38.0180129468055
A_HA_H5	1001	3561	G	0	0	3558	37.6329398538505
A_HA_H5	1002	3613	A	0	0	3605	37.652427184466
A_HA_H5	1003	3613	C	0	0	3612	37.8169988925803
A_HA_H5	1004	3573	A	0	0	3570	37.8504201680672
A_HA_H5	1005	3640	G	0	0	3638	37.7072567344695
A_HA_H5	1006	3690	A	0	0	3685	37.4094979647218
A_HA_H5	1007	3691	T	0	0	3685	37.2738127544098
A_HA_H5	1008	3709	T	0	0	3708	37.6596548004315
A_HA_H5	1009	3714	G	0	0	3710	37.3991913746631
A_HA_H5	1010	3761	G	0	0	3759	37.5158286778398
A_HA_H5	1011	3767	T	0	0	3760	37.1627659574468
A_HA_H5	1012	3778	C	0	0	3771	36.6316626889419
A_HA_H5	1013	3761	C	0	0	3759	37.3836126629423
A_HA_H5	1014	3739	T	0	0	3732	37.6594319399786
A_HA_H5	1015	3750	T	0	0	3748	37.8239060832444
A_HA_H5	1016	3755	G	0	0	3748	37.5851120597652
A_HA_H5	1017	3803	C	0	0	3799	37.3901026585944
A_HA_H5	1018	3795	T	0	0	3794	37.6186083289404
A_HA_H5	1019	3765	A	0	0	3751	37.4268195147961
A_HA_H5	1020	3766	C	0	0	3764	37.6509032943677
A_HA_H5	1021	3764	T	0	0	3761	37.6910396171231
A_HA_H5	1022	3779	G	0	0	3772	37.7595440084836
A_HA_H5	1023	3765	G	0	0	3762	37.5675172780436
A_HA_H5	1024	3814	A	0	0	3799	37.4611739931561
A_HA_H5	1025	3813	C	0	0	3807	37.5833990018387
A_HA_H5	1026	3747	T	0	0	3743	37.5690622495325
A_HA_H5	1027	3780	C	0	0	3777	37.7272967963993
A_HA_H5	1028	3777	A	0	0	3772	37.8727465535525
A_HA_H5	1029	3791	G	0	0	3790	37.8591029023747
A_HA_H5	1030	3780	A	0	0	3732	37.7775991425509
A_HA_H5	1031	3756	A	0	0	3751	37.7763263129832
A_HA_H5	1032	3754	A	0	0	3751	37.6710210610504
A_HA_H5	1033	3706	T	0	0	3704	37.2653887688985
A_HA_H5	1034	3705	G	0	0	3703	37.5066162570888
A_HA_H5	1035	3703	T	0	0	3689	36.8370832203849
A_HA_H5	1036	3684	C	0	0	3681	36.8312958435208
A_HA_H5	1037	3674	C	0	0	3669	37.0310711365495
A_HA_H5	1038	3633	C	0	0	3629	37.5676494902177
A_HA_H5	1039	3638	T	0	0	3628	37.4749173098126
A_HA_H5	1040	3636	C	0	0	3634	37.8973582828839
A_HA_H5	1041	3631	A	0	0	3628	38.1772326350606
A_HA_H5	1042	3630	G	0	0	3625	38.0027586206897
A_HA_H5	1043	3634	A	0	0	3630	38.0683195592286
A_HA_H5	1044	3630	A	0	0	3627	38.0046870692032
A_HA_H5	1045	3642	A	0	0	3636	37.8369086908691
A_HA_H5	1046	3632	G	0	0	3629	37.5993386607881
A_HA_H5	1047	3644	C	0	0	3638	36.7979659153381
A_HA_H5	1048	3643	C	0	0	3632	37.5922356828194
A_HA_H5	1049	3641	A	0	0	3627	37.6804521643231
A_HA_H5	1050	3675	C	0	0	3674	37.8639085465433
A_HA_H5	1051	3674	A	0	0	3670	37.9615803814714
A_HA_H5	1052	3667	A	0	0	3662	37.7987438558165
A_HA_H5	1053	3668	G	0	0	3666	37.924168030551
A_HA_H5	1054	3658	A	0	0	3651	37.6436592714325
A_HA_H5	1055	3674	G	0	0	3669	37.636140637776
A_HA_H5	1056	3671	G	0	0	3669	37.3753066230581
A_HA_H5	1057	3686	A	0	0	3670	37.291825613079
A_HA_H5	1058	3724	C	0	0	3720	37.1497311827957
A_HA_H5	1059	3701	T	0	0	3699	37.7199243038659
A_HA_H5	1060	3813	A	0	0	3812	37.2568205666317
A_HA_H5	1061	3812	T	0	0	3811	37.1081081081081
A_HA_H5	1062	3803	T	0	0	3803	38.0002629503024
A_HA_H5	1063	3799	T	0	0	3799	37.4795998947091
A_HA_H5	1064	3767	G	0	0	3764	37.69261424017
A_HA_H5	1065	3833	G	0	0	3826	37.400156821746
A_HA_H5	1066	3811	A	0	0	3804	37.0570452155626
A_HA_H5	1067	3834	G	0	0	3829	37.4889004962131
A_HA_H5	1068	3845	C	0	0	3837	37.2001563721658
A_HA_H5	1069	3802	T	1	0	3800	37.7334210526316
A_HA_H5	1070	3869	A	1	0	3865	37.6413971539457
A_HA_H5	1071	3873	T	0	0	3872	37.790805785124
A_HA_H5	1072	4068	A	0	0	4064	37.6033464566929
A_HA_H5	1073	4089	G	0	0	4087	37.3780278933203
A_HA_H5	1074	4044	C	0	0	4042	37.0811479465611
A_HA_H5	1075	4000	A	0	0	3997	37.5198899174381
A_HA_H5	1076	4195	G	0	0	4186	37.2570473005256
A_HA_H5	1077	4319	G	0	0	4311	36.628160519601
A_HA_H5	1078	4349	C	0	0	4348	36.2930082796688
A_HA_H5	1079	4338	T	0	0	4327	37.1675525768431
A_HA_H5	1080	4395	T	0	0	4389	37.2606516290727
A_HA_H5	1081	4452	C	0	0	4448	37.1589478417266
A_HA_H5	1082	4469	A	0	0	4462	37.2440609592111
A_HA_H5	1083	4483	T	0	0	4480	37.4580357142857
A_HA_H5	1084	4479	A	0	0	4471	37.2077834936256
A_HA_H5	1085	4525	G	0	0	4520	37.3371681415929
A_HA_H5	1086	4368	A	0	0	4361	37.1011235955056
A_HA_H5	1087	4371	G	0	0	4361	37.2107314836047
A_HA_H5	1088	4369	G	0	0	4364	37.4454628780935
A_HA_H5	1089	4385	G	0	0	4380	36.9899543378995
A_HA_H5	1090	4338	A	1	0	4328	36.5878003696858
A_HA_H5	1091	4367	G	0	0	4366	36.933577645442
A_HA_H5	1092	4364	G	0	0	4361	37.0048154093098
A_HA_H5	1093	4402	A	0	0	4399	37.0227324391907
A_HA_H5	1094	4395	T	0	0	4388	37.5909298085688
A_HA_H5	1095	4412	G	0	0	4407	37.6845926934422
A_HA_H5	1096	4418	G	0	0	4413	36.982551552232
A_HA_H5	1097	4413	C	0	0	4409	37.4198230891359
A_HA_H5	1098	4434	A	0	0	4426	37.734523271577
A_HA_H5	1099	4443	A	0	0	4433	37.6298217911121
A_HA_H5	1100	4459	G	0	0	4459	37.186140390222
A_HA_H5	1101	4625	G	0	0	4623	36.9746917585983
A_HA_H5	1102	4619	A	0	0	4615	37.100758396533
A_HA_H5	1103	4673	A	0	0	4665	37.2006430868167
A_HA_H5	1104	4676	T	0	0	4672	37.4079623287671
A_HA_H5	1105	4662	G	1	0	4658	37.6034778875054
A_HA_H5	1106	4853	G	0	0	4776	37.3946817420436
A_HA_H5	1107	4820	T	1	0	4803	36.3774724130752
A_HA_H5	1108	4799	A	0	0	4795	37.2715328467153
A_HA_H5	1109	4801	G	0	0	4798	37.3557732388495
A_HA_H5	1110	4792	A	0	0	4780	37.2037656903766
A_HA_H5	1111	4786	T	0	0	4782	37.5020911752405
A_HA_H5	1112	4765	G	1	0	4763	37.6162082720974
A_HA_H5	1113	4813	G	0	0	4809	37.3406113537118
A_HA_H5	1114	4884	A	1	0	4873	36.9324851221014
A_HA_H5	1115	4852	T	0	0	4851	37.2762317048031
A_HA_H5	1116	4847	G	0	0	4843	37.4113153004336
A_HA_H5	1117	5237	G	0	0	5233	36.5031530670743
A_HA_H5	1118	5217	T	0	0	5196	36.336220169361
A_HA_H5	1119	5233	A	0	0	5232	37.0055428134557
A_HA_H5	1120	5111	T	0	0	5106	37.2426556991774
A_HA_H5	1121	5201	G	0	0	5201	37.0374927898481
A_HA_H5	1122	5446	G	0	0	5444	36.9281778104335
A_HA_H5	1123	5395	T	0	0	5380	36.9566914498141
A_HA_H5	1124	5398	T	0	0	5396	37.1875463306153
A_HA_H5	1125	5393	A	0	0	5388	37.246288047513
A_HA_H5	1126	5282	T	0	0	5273	37.2981225109046
A_HA_H5	1127	5383	C	0	0	5378	37.3971736705095
A_HA_H5	1128	5378	A	0	0	5377	37.4640133903664
A_HA_H5	1129	5658	T	0	0	5656	37.1955445544554
A_HA_H5	1130	5618	C	0	0	5613	37.4159985747372
A_HA_H5	1131	5509	A	0	0	5507	37.4995460323225
A_HA_H5	1132	5506	T	0	0	5503	37.4508449936398
A_HA_H5	1133	5493	A	0	0	5486	37.5497630331754
A_HA_H5	1134	5577	G	0	0	5574	37.3814137064944
A_HA_H5	1135	5580	C	0	0	5575	37.4518385650224
A_HA_H5	1136	5542	A	0	0	5540	37.5684115523466
A_HA_H5	1137	5544	A	0	0	5540	37.4196750902527
A_HA_H5	1138	5438	T	10	0	5436	37.5892200147167
A_HA_H5	1139	5684	G	0	0	5671	37.5074942690883
A_HA_H5	1140	5946	A	0	0	5936	37.5534029649596
A_HA_H5	1141	6072	G	0	0	6068	37.2481872116018
A_HA_H5	1142	6079	C	0	0	6077	37.2920849103176
A_HA_H5	1143	6051	A	0	0	6045	37.3460711331679
A_HA_H5	1144	6082	A	1	0	5765	37.5528187337381
A_HA_H5	1145	6148	G	1	0	6145	37.26672091131
A_HA_H5	1146	6365	G	0	0	6357	36.3761208117036
A_HA_H5	1147	6380	A	1	0	6374	36.9566990900533
A_HA_H5	1148	6207	A	0	0	6196	37.3745965138799
A_HA_H5	1149	6433	G	0	0	6427	37.1664851408122
A_HA_H5	1150	6393	T	0	0	6359	36.2250353829218
A_HA_H5	1151	6460	G	1	0	6455	37.1016266460108
A_HA_H5	1152	6508	G	0	0	6500	37.0907692307692
A_HA_H5	1153	6519	A	0	0	6505	37.184473481937
A_HA_H5	1154	6511	T	0	0	6497	36.9362782822841
A_HA_H5	1155	6507	A	0	0	6501	37.5033071835102
A_HA_H5	1156	6479	T	0	0	6467	37.6509973712695
A_HA_H5	1157	6620	G	0	0	6613	37.4621200665356
A_HA_H5	1158	6615	C	0	0	6611	37.5170170927242
A_HA_H5	1159	6572	T	0	0	6563	37.5014475087612
A_HA_H5	1160	6671	G	0	0	6663	37.4562509380159
A_HA_H5	1161	6667	C	0	0	6661	37.5754391232548
A_HA_H5	1162	6666	A	0	0	6655	37.6231404958678
A_HA_H5	1163	6761	G	0	0	6759	37.6804260985353
A_HA_H5	1164	6790	A	0	0	6781	37.6341247603598
A_HA_H5	1165	6922	C	0	0	6917	37.5933208038167
A_HA_H5	1166	6889	A	0	0	6885	37.7445170660857
A_HA_H5	1167	6883	A	0	0	6876	37.7673065735893
A_HA_H5	1168	6890	G	0	0	6880	37.6498546511628
A_HA_H5	1169	6913	G	0	0	6904	37.2124855156431
A_HA_H5	1170	6902	A	0	0	6898	37.6933893882285
A_HA_H5	1171	6900	A	0	0	6897	37.5941713788604
A_HA_H5	1172	6901	T	0	0	6894	37.7639976791413
A_HA_H5	1173	6900	C	0	0	6890	37.6431059506531
A_HA_H5	1174	6860	C	0	0	6852	37.7618213660245
A_HA_H5	1175	6881	A	0	0	6872	37.9195285215367
A_HA_H5	1176	7032	C	0	0	7027	37.7075565675253
A_HA_H5	1177	7025	T	0	0	7017	37.7541684480547
A_HA_H5	1178	7038	C	0	0	7033	37.7464808758709
A_HA_H5	1179	7025	A	5	0	7021	38.1429995727104
A_HA_H5	1180	7047	A	0	0	7042	37.8943481965351
A_HA_H5	1181	7048	A	0	0	7046	38.0659948907181
A_HA_H5	1182	7118	A	0	0	7115	38.0839072382291
A_HA_H5	1183	7118	A	0	0	7106	37.8098789755136
A_HA_H5	1184	7327	G	0	0	7322	36.9870254028954
A_HA_H5	1185	7345	C	0	0	7341	37.7200653861872
A_HA_H5	1186	7330	A	1	0	7327	38.1023611300669
A_HA_H5	1187	7358	A	0	0	7352	37.7501360174102
A_HA_H5	1188	7385	T	0	0	7381	37.8050399674841
A_HA_H5	1189	7425	A	0	0	7416	38.0182038834951
A_HA_H5	1190	7506	G	0	0	7504	37.7205490405117
A_HA_H5	1191	7531	A	0	0	7513	37.8441368294955
A_HA_H5	1192	7562	C	0	0	7554	37.8995234312947
A_HA_H5	1193	7529	G	0	0	7519	37.1953717249634
A_HA_H5	1194	7604	G	0	0	7603	37.0572142575299
A_HA_H5	1195	7608	A	0	0	7601	37.1335350611762
A_HA_H5	1196	7661	A	0	0	7659	37.2374983679331
A_HA_H5	1197	7656	T	0	0	7646	37.2023280146482
A_HA_H5	1198	7762	C	0	0	7754	37.5559711116843
A_HA_H5	1199	7766	A	0	0	7747	37.8332257648122
A_HA_H5	1200	8023	C	0	0	8019	37.8194288564659
A_HA_H5	1201	8038	C	0	0	8035	37.8512756689484
A_HA_H5	1202	8094	A	0	0	8090	38.0234857849197
A_HA_H5	1203	8111	A	0	0	8111	38.0313154974726
A_HA_H5	1204	8112	T	0	0	8103	38.0034555103048
A_HA_H5	1205	8121	A	1	0	8120	38.3307881773399
A_HA_H5	1206	8109	A	0	0	8106	38.0780903034789
A_HA_H5	1207	8129	A	0	0	8123	38.1375107718823
A_HA_H5	1208	8149	G	0	0	8141	37.9286328460877
A_HA_H5	1209	8054	T	0	0	8032	37.2943227091633
A_HA_H5	1210	8018	C	0	0	8009	37.7698838806343
A_HA_H5	1211	8012	A	1	0	8002	38.1273431642089
A_HA_H5	1212	8131	A	0	0	8125	38.1532307692308
A_HA_H5	1213	8137	T	0	0	8113	38.1153703931961
A_HA_H5	1214	8134	T	0	0	8128	38.0553641732283
A_HA_H5	1215	8101	C	0	0	8093	38.1272704806623
A_HA_H5	1216	8073	A	0	0	8068	38.3403569657908
A_HA_H5	1217	8183	A	0	0	8177	38.1429619664914
A_HA_H5	1218	8142	T	0	0	8133	38.0536087544572
A_HA_H5	1219	8132	C	0	0	8130	38.1316113161132
A_HA_H5	1220	8113	A	0	0	8110	38.163748458693
A_HA_H5	1221	8047	T	0	0	8042	38.1083063914449
A_HA_H5	1222	8014	T	0	0	8003	38.1120829688867
A_HA_H5	1223	8011	G	0	0	8003	37.9505185555417
A_HA_H5	1224	7994	A	0	0	7985	38.2273011897307
A_HA_H5	1225	7987	C	0	0	7981	38.1839368500188
A_HA_H5	1226	7946	A	0	0	7943	38.4532292584666
A_HA_H5	1227	7845	A	0	0	7836	38.2866258295048
A_HA_H5	1228	7947	G	0	0	7941	37.8900642236494
A_HA_H5	1229	7947	A	0	0	7940	37.9357682619647
A_HA_H5	1230	7929	T	0	0	7925	38.0348264984227
A_HA_H5	1231	7900	G	0	0	7892	37.908134820071
A_HA_H5	1232	7927	A	0	0	7912	38.1534378159757
A_HA_H5	1233	7930	A	0	0	7911	38.1612944002023
A_HA_H5	1234	7989	C	0	0	7985	37.9208515967439
A_HA_H5	1235	7979	A	0	0	7969	38.0821934998118
A_HA_H5	1236	8024	C	0	0	8021	37.9011345218801
A_HA_H5	1237	7960	T	0	0	7938	37.8120433358529
A_HA_H5	1238	8027	C	0	0	8023	37.8810918608999
A_HA_H5	1239	8033	A	0	0	8030	38.1398505603985
A_HA_H5	1240	8219	A	0	0	8215	37.8312842361534
A_HA_H5	1241	8223	T	0	0	8216	37.9721275559883
A_HA_H5	1242	8214	T	0	0	8209	37.9941527591668
A_HA_H5	1243	8186	T	0	0	8181	38.1303019190808
A_HA_H5	1244	8161	G	0	0	8158	37.910026967394
A_HA_H5	1245	8130	A	0	0	8106	37.720947446336
A_HA_H5	1246	8115	G	1	0	8111	37.1753174701023
A_HA_H5	1247	8095	G	0	0	8083	37.456266237783
A_HA_H5	1248	8122	C	1	0	8114	37.0508996795662
A_HA_H5	1249	8050	A	0	0	8044	37.4358528095475
A_HA_H5	1250	8263	G	0	0	8262	37.2383200193658
A_HA_H5	1251	8244	T	0	0	8232	37.6007045675413
A_HA_H5	1252	8168	T	0	0	8166	37.8586823414156
A_HA_H5	1253	8176	G	0	0	8171	37.8284175743483
A_HA_H5	1254	8163	G	0	0	8157	37.7579992644355
A_HA_H5	1255	8157	A	0	0	8139	37.6815333579064
A_HA_H5	1256	8166	A	0	0	8159	38.0138497364873
A_HA_H5	1257	8047	A	0	0	8031	38.2009712364587
A_HA_H5	1258	8066	G	0	0	8060	37.9925558312655
A_HA_H5	1259	8124	G	0	0	8115	37.6518792359827
A_HA_H5	1260	8013	A	0	0	8006	37.9765176117912
A_HA_H5	1261	8067	A	0	0	8055	37.9756672873991
A_HA_H5	1262	8067	T	0	0	8061	37.9875945912418
A_HA_H5	1263	8041	T	0	0	8034	38.0631067961165
A_HA_H5	1264	8043	C	0	0	8036	38.0068442010951
A_HA_H5	1265	8037	A	0	0	8025	38.1293457943925
A_HA_H5	1266	8054	A	0	0	8050	38.1224844720497
A_HA_H5	1267	8047	T	0	0	8040	38.1220149253731
A_HA_H5	1268	7802	A	0	0	7799	38.1983587639441
A_HA_H5	1269	7836	A	0	0	7832	38.0045965270684
A_HA_H5	1270	7819	T	0	0	7812	38.0364823348694
A_HA_H5	1271	7872	T	0	0	7869	38.0693861990088
A_HA_H5	1272	7809	T	0	0	7804	38.264223475141
A_HA_H5	1273	7694	G	0	0	7687	38.1423181995577
A_HA_H5	1274	7712	G	0	0	7705	38.0019467878001
A_HA_H5	1275	7724	A	1	0	7715	37.8664938431627
A_HA_H5	1276	7759	A	1	0	7756	37.9542289840124
A_HA_H5	1277	7749	A	0	0	7746	38.0374386780274
A_HA_H5	1278	7717	A	0	0	7711	37.7541174944884
A_HA_H5	1279	7750	G	0	0	7747	37.9000903575578
A_HA_H5	1280	7576	A	0	0	7560	37.0351851851852
A_HA_H5	1281	7760	G	1	0	7760	37.7944587628866
A_HA_H5	1282	7739	G	0	0	7733	37.6106297685245
A_HA_H5	1283	7890	G	0	0	7883	37.1715083090194
A_HA_H5	1284	7859	T	0	0	7819	35.9093234428955
A_HA_H5	1285	7774	A	0	0	7767	37.478434401957
A_HA_H5	1286	7755	G	0	0	7750	37.1833548387097
A_HA_H5	1287	7731	A	0	0	7722	37.6596736596737
A_HA_H5	1288	7766	G	0	0	7763	37.824165915239
A_HA_H5	1289	7877	A	0	0	7871	37.7079151314954
A_HA_H5	1290	7586	A	0	0	7568	37.856633192389
A_HA_H5	1291	7524	C	0	0	7522	37.9149162456793
A_HA_H5	1292	7447	T	0	0	7436	37.9222700376547
A_HA_H5	1293	7473	T	0	0	7466	38.2062684168229
A_HA_H5	1294	7485	A	1	0	7483	38.2306561539489
A_HA_H5	1295	7466	A	0	0	7462	38.1273117126776
A_HA_H5	1296	7472	A	0	0	7470	38.1771084337349
A_HA_H5	1297	7340	T	0	0	7336	38.1245910577972
A_HA_H5	1298	7336	A	6	0	7334	38.3247886555768
A_HA_H5	1299	7329	A	0	0	7327	38.2935717210318
A_HA_H5	1300	7209	A	0	0	7205	38.3451769604441
A_HA_H5	1301	7200	A	0	0	7196	38.2566703724291
A_HA_H5	1302	7162	A	0	0	7157	38.1576079362862
A_HA_H5	1303	7184	G	0	0	7182	37.5490114174325
A_HA_H5	1304	7231	A	0	0	7223	37.6084729336841
A_HA_H5	1305	7264	T	0	0	7259	37.9466868714699
A_HA_H5	1306	7236	G	0	0	7230	37.9869986168741
A_HA_H5	1307	7337	G	0	0	7332	37.8902073104201
A_HA_H5	1308	7334	A	0	0	7323	37.5638399563021
A_HA_H5	1309	7302	A	0	0	7289	37.986829469063
A_HA_H5	1310	7304	G	0	0	7298	37.806248287202
A_HA_H5	1311	7311	A	0	0	7294	37.1787770770496
A_HA_H5	1312	7316	C	0	0	7310	37.3616963064296
A_HA_H5	1313	7287	G	0	0	7276	37.3881253435954
A_HA_H5	1314	7532	G	0	0	7522	37.294336612603
A_HA_H5	1315	7556	A	0	0	7546	37.1396766498807
A_HA_H5	1316	7495	T	2	0	7489	37.1916143677393
A_HA_H5	1317	7545	T	0	0	7531	37.2418005576949
A_HA_H5	1318	7530	T	0	0	7527	37.8230370665604
A_HA_H5	1319	7540	A	0	0	7536	38.0348991507431
A_HA_H5	1320	7526	T	0	0	7507	37.5007326495271
A_HA_H5	1321	7523	G	0	0	7511	37.4268406337372
A_HA_H5	1322	7548	G	0	0	7538	37.1514990713717
A_HA_H5	1323	7405	A	0	0	7385	37.2991198375085
A_HA_H5	1324	7554	C	0	0	7529	37.2066675521318
A_HA_H5	1325	7543	G	0	0	7531	36.6827778515469
A_HA_H5	1326	7590	T	0	0	7578	36.9806017418844
A_HA_H5	1327	7564	C	0	0	7560	37.055291005291
A_HA_H5	1328	7565	T	0	0	7558	37.4937814236571
A_HA_H5	1329	7706	G	0	0	7699	37.2058708923237
A_HA_H5	1330	7795	G	0	0	7792	37.4435318275154
A_HA_H5	1331	7799	A	0	0	7783	37.6708210201722
A_HA_H5	1332	7814	C	0	0	7804	37.6192977960021
A_HA_H5	1333	7825	A	0	0	7795	37.7308531109686
A_HA_H5	1334	7843	T	0	0	7841	37.7157250350721
A_HA_H5	1335	7702	A	0	0	7691	37.7714211415941
A_HA_H5	1336	7686	C	0	0	7683	37.696993361968
A_HA_H5	1337	7585	A	0	0	7582	37.8750989184912
A_HA_H5	1338	7764	A	0	0	7751	37.7593858856922
A_HA_H5	1339	7605	T	0	0	7599	37.756020529017
A_HA_H5	1340	7602	G	0	0	7598	37.5311924190576
A_HA_H5	1341	7593	C	0	0	7546	37.5560561887092
A_HA_H5	1342	7451	T	0	0	7435	37.5685272360457
A_HA_H5	1343	7484	G	0	0	7478	37.6121957742712
A_HA_H5	1344	7509	A	0	0	7504	37.7589285714286
A_HA_H5	1345	7485	A	0	0	7478	37.6412142284033
A_HA_H5	1346	7568	C	0	0	7562	37.7300978577096
A_HA_H5	1347	7412	T	0	0	7404	37.729470556456
A_HA_H5	1348	7468	T	0	0	7457	37.7379643288186
A_HA_H5	1349	7267	C	0	0	7263	37.7703428335399
A_HA_H5	1350	7263	T	0	0	7255	37.8664369400414
A_HA_H5	1351	7270	G	0	0	7260	37.5954545454545
A_HA_H5	1352	7279	G	0	0	7270	37.7620357634113
A_HA_H5	1353	7225	T	0	0	7218	37.8157384316985
A_HA_H5	1354	7248	T	0	0	7239	37.8769167012018
A_HA_H5	1355	7225	C	0	0	7220	38.0091412742382
A_HA_H5	1356	7246	T	0	0	7241	37.9458638309626
A_HA_H5	1357	7254	C	0	0	7252	38.2213182570325
A_HA_H5	1358	7249	A	0	0	7247	38.2218849178971
A_HA_H5	1359	7259	T	0	0	7252	38.1337562051848
A_HA_H5	1360	7254	G	0	0	7250	38.183724137931
A_HA_H5	1361	7325	G	0	0	7320	38.0426229508197
A_HA_H5	1362	7314	A	1	0	7313	38.0805415014358
A_HA_H5	1363	7283	A	0	0	7280	38.1806318681319
A_HA_H5	1364	7283	A	0	0	7281	38.2101359703337
A_HA_H5	1365	7317	A	0	0	7313	38.0892930397922
A_HA_H5	1366	7392	T	0	0	7391	38.0372074144229
A_HA_H5	1367	7399	G	1	0	7397	38.1216709476815
A_HA_H5	1368	7325	A	1	0	7310	38.0690834473324
A_HA_H5	1369	7329	G	0	0	7328	37.9736626637555
A_HA_H5	1370	7228	A	0	0	7199	38.1039033199055
A_HA_H5	1371	7251	G	0	0	7248	38.0273178807947
A_HA_H5	1372	7271	A	0	0	7265	37.6407432897454
A_HA_H5	1373	7471	A	0	0	7464	37.9610128617363
A_HA_H5	1374	7674	C	0	0	7667	37.7978348767445
A_HA_H5	1375	7678	T	0	0	7665	37.7091976516634
A_HA_H5	1376	7741	C	0	0	7733	37.6853743695849
A_HA_H5	1377	7755	T	0	0	7739	37.8274970926476
A_HA_H5	1378	7769	A	0	0	7763	37.8550817982739
A_HA_H5	1379	7686	G	0	0	7682	37.6571205415256
A_HA_H5	1380	7738	A	0	0	7723	37.5514696361518
A_HA_H5	1381	7745	C	0	0	7744	37.6809142561983
A_HA_H5	1382	7556	T	0	0	7544	37.8989925768823
A_HA_H5	1383	7494	T	0	0	7488	38.0515491452991
A_HA_H5	1384	7499	T	0	0	7493	38.0030695315628
A_HA_H5	1385	7448	C	0	0	7445	38.2067159167226
A_HA_H5	1386	7442	A	0	0	7430	38.2625841184388
A_HA_H5	1387	7391	T	0	0	7375	38.1621694915254
A_HA_H5	1388	7385	G	0	0	7377	38.0708960281957
A_HA_H5	1389	7396	A	0	0	7386	37.9018413214189
A_HA_H5	1390	7338	C	0	0	7332	37.5137752318603
A_HA_H5	1391	7328	T	0	0	7309	37.7117252702148
A_HA_H5	1392	7511	C	0	0	7507	37.7815372319169
A_HA_H5	1393	7482	A	0	0	7480	38.191577540107
A_HA_H5	1394	7487	A	0	0	7484	38.121325494388
A_HA_H5	1395	7556	A	0	0	7548	38.1062533121357
A_HA_H5	1396	7556	T	0	0	7551	38.1519004105416
A_HA_H5	1397	7651	G	0	0	7649	38.0590926918551
A_HA_H5	1398	7690	T	0	0	7663	37.5052851363696
A_HA_H5	1399	7665	C	1	0	7659	37.5233059146103
A_HA_H5	1400	7666	A	3	0	7658	37.7948550535388
A_HA_H5	1401	7567	A	0	0	7567	37.7043742566407
A_HA_H5	1402	7586	A	0	0	7579	38.0258609315213
A_HA_H5	1403	7586	A	0	0	7576	37.8404171066526
A_HA_H5	1404	7578	A	0	0	7556	37.1752249867655
A_HA_H5	1405	7688	C	0	0	7686	37.276216497528
A_HA_H5	1406	7775	C	0	0	7773	37.3584201723916
A_HA_H5	1407	7691	T	0	0	7681	37.5914594453847
A_HA_H5	1408	7730	C	0	0	7726	37.8028734144447
A_HA_H5	1409	7727	T	1	0	7723	37.8892917260132
A_HA_H5	1410	7771	A	0	0	7768	38.0110710607621
A_HA_H5	1411	7921	T	0	0	7909	37.834113035782
A_HA_H5	1412	7934	G	0	0	7931	37.891438658429
A_HA_H5	1413	7980	A	0	0	7961	37.8613239542771
A_HA_H5	1414	7893	C	0	0	7888	37.7824543610548
A_HA_H5	1415	7741	A	0	0	7733	38.0703478598215
A_HA_H5	1416	7762	A	0	0	7749	37.8113304942573
A_HA_H5	1417	7719	G	0	0	7710	37.4119325551232
A_HA_H5	1418	7836	G	0	0	7832	37.7408069458631
A_HA_H5	1419	7835	T	0	0	7812	37.4932155657962
A_HA_H5	1420	7820	T	0	0	7810	37.5959026888604
A_HA_H5	1421	7804	C	0	0	7797	37.4204181095293
A_HA_H5	1422	7819	G	0	0	7814	37.5581008446378
A_HA_H5	1423	8231	A	0	0	8226	37.8063457330416
A_HA_H5	1424	8228	T	1	0	8222	37.9837022622233
A_HA_H5	1425	8187	T	0	0	8184	38.1791300097752
A_HA_H5	1426	8163	G	0	0	8160	37.4789215686274
A_HA_H5	1427	8172	C	0	0	8159	37.8273072680476
A_HA_H5	1428	8154	A	0	0	8139	37.9921366261211
A_HA_H5	1429	8426	G	0	0	8415	37.574688057041
A_HA_H5	1430	8408	C	0	0	8402	37.472982623185
A_HA_H5	1431	8387	T	0	0	8377	37.8193864151844
A_HA_H5	1432	8388	T	0	0	8383	38.0118096146964
A_HA_H5	1433	8376	A	1	0	8368	37.7764101338432
A_HA_H5	1434	8436	G	3	0	8431	37.6836674178627
A_HA_H5	1435	8476	G	1	0	8474	37.5669105499174
A_HA_H5	1436	8459	G	1	0	8453	37.6020347805513
A_HA_H5	1437	8686	A	1	0	8671	37.5348864029524
A_HA_H5	1438	8420	T	1	0	8416	37.7621197718631
A_HA_H5	1439	8218	A	1	0	8213	37.5952757822964
A_HA_H5	1440	8290	A	1	0	8284	37.4879285369387
A_HA_H5	1441	8316	T	1	0	8307	37.3678825087276
A_HA_H5	1442	8313	G	1	0	8306	37.3377076811943
A_HA_H5	1443	8246	C	1	0	8237	37.280684715309
A_HA_H5	1444	8204	G	1	0	8195	37.7198291641245
A_HA_H5	1445	8214	A	1	0	8200	37.6934146341463
A_HA_H5	1446	8208	A	1	0	8204	37.7865675280351
A_HA_H5	1447	8212	A	0	0	8207	37.7777507006214
A_HA_H5	1448	8338	G	0	0	8332	37.6416226596255
A_HA_H5	1449	8379	A	0	1	8372	38.0046583850932
A_HA_H5	1450	8446	A	0	0	8440	37.8873222748815
A_HA_H5	1451	8449	T	0	0	8436	37.2432432432432
A_HA_H5	1452	8478	T	0	0	8472	37.8078375826251
A_HA_H5	1453	8611	G	1	0	8602	37.6285747500581
A_HA_H5	1454	8543	G	0	0	8225	37.6685714285714
A_HA_H5	1455	8549	G	0	0	8542	37.6825099508312
A_HA_H5	1456	8484	T	0	0	8393	36.8367687358513
A_HA_H5	1457	8416	A	1	0	8410	37.7360285374554
A_HA_H5	1458	8393	A	0	0	8390	37.7299165673421
A_HA_H5	1459	8310	T	0	0	8305	37.425045153522
A_HA_H5	1460	8314	G	0	0	8304	37.484344894027
A_HA_H5	1461	8347	G	0	0	8343	37.6441328059451
A_HA_H5	1462	8231	T	0	0	8213	37.6008766589553
A_HA_H5	1463	8279	T	0	0	8273	37.8916958781579
A_HA_H5	1464	8323	G	0	0	8320	37.7109375
A_HA_H5	1465	8231	T	0	0	8216	37.5093719571568
A_HA_H5	1466	8222	T	0	0	8212	37.8660496833902
A_HA_H5	1467	8248	T	0	0	8240	37.9413834951456
A_HA_H5	1468	8190	T	0	0	8183	38.0475375779054
A_HA_H5	1469	8205	G	0	0	8198	37.7850695291535
A_HA_H5	1470	8170	A	0	0	8163	37.8082812691412
A_HA_H5	1471	8195	G	0	0	8192	37.650146484375
A_HA_H5	1472	8263	T	1	0	8257	37.8403778612087
A_HA_H5	1473	8149	T	0	0	8142	37.9957013018914
A_HA_H5	1474	8152	T	0	0	8145	38.065561694291
A_HA_H5	1475	8087	T	0	0	8082	38.2004454342984
A_HA_H5	1476	8110	A	0	0	8109	38.2344308792699
A_HA_H5	1477	8113	T	0	0	8099	37.9308556611927
A_HA_H5	1478	8077	C	0	0	8068	37.8797719385226
A_HA_H5	1479	8178	A	0	0	8167	37.8115587118893
A_HA_H5	1480	8110	C	0	0	8104	38.1224086870681
A_HA_H5	1481	8153	A	0	0	8150	38.2900613496933
A_HA_H5	1482	8150	A	0	0	8147	37.5778814287468
A_HA_H5	1483	8149	A	0	0	8144	37.407416502947
A_HA_H5	1484	8110	T	0	0	8102	37.2636386077512
A_HA_H5	1485	8138	G	0	0	8133	37.3365301856633
A_HA_H5	1486	8132	C	0	0	8124	37.872599704579
A_HA_H5	1487	8127	G	0	0	8118	37.7987188962799
A_HA_H5	1488	8171	A	0	0	8161	37.7249111628477
A_HA_H5	1489	8061	T	0	0	8049	37.888806062865
A_HA_H5	1490	8189	G	0	0	8183	37.7603568373457
A_HA_H5	1491	8202	A	0	0	8198	38.0190290314711
A_HA_H5	1492	8173	T	0	0	8160	37.8825980392157
A_HA_H5	1493	8174	G	0	0	8172	38.0172540381791
A_HA_H5	1494	8084	A	0	0	8074	38.1138221451573
A_HA_H5	1495	8126	A	0	0	8118	38.0518600640552
A_HA_H5	1496	8187	T	0	0	8179	37.7941068590292
A_HA_H5	1497	8136	G	0	0	8126	37.79571745016
A_HA_H5	1498	8339	C	0	0	8327	37.6411672871382
A_HA_H5	1499	8297	A	0	0	8281	37.9411906774544
A_HA_H5	1500	8292	T	0	0	8269	37.8327488208973
A_HA_H5	1501	8276	G	0	0	8267	37.8494012338212
A_HA_H5	1502	8287	G	0	0	8281	37.8724791691825
A_HA_H5	1503	8276	A	0	0	8271	37.951638254141
A_HA_H5	1504	8241	A	0	0	8238	37.9550861859675
A_HA_H5	1505	8069	A	0	0	8063	37.9668857745256
A_HA_H5	1506	8084	G	0	0	8082	37.9211828755259
A_HA_H5	1507	7956	T	0	0	7942	37.6120624527827
A_HA_H5	1508	7998	G	0	0	7994	37.8029772329247
A_HA_H5	1509	8036	T	0	0	8010	37.0375780274657
A_HA_H5	1510	8037	C	0	0	8028	36.842052815147
A_HA_H5	1511	8025	A	14	0	8021	37.6812118189752
A_HA_H5	1512	8040	A	0	0	8038	37.6572530480219
A_HA_H5	1513	8060	A	0	0	8057	38.1603574531463
A_HA_H5	1514	8061	A	0	0	8059	37.9351036108698
A_HA_H5	1515	8037	A	0	0	8029	37.5950927886412
A_HA_H5	1516	7979	C	0	0	7978	36.7777638505891
A_HA_H5	1517	7887	G	0	0	7879	36.6452595507044
A_HA_H5	1518	7911	G	0	0	7895	36.5309689677011
A_HA_H5	1519	7915	G	0	0	7910	37.3256637168142
A_HA_H5	1520	7995	A	0	0	7972	37.493602609132
A_HA_H5	1521	7982	C	0	0	7976	36.7388415245737
A_HA_H5	1522	8011	G	0	0	8008	37.5077422577423
A_HA_H5	1523	8013	T	0	0	7999	37.4111763970496
A_HA_H5	1524	7981	A	0	0	7970	37.6845671267252
A_HA_H5	1525	8067	C	0	0	8058	37.1288160833954
A_HA_H5	1526	8060	G	0	0	8051	37.7289777667371
A_HA_H5	1527	8058	A	0	0	8048	37.6738320079523
A_HA_H5	1528	8034	T	0	0	8015	37.4892077354959
A_HA_H5	1529	7959	T	0	0	7957	36.6564031670227
A_HA_H5	1530	8019	A	0	0	7984	35.9084418837675
A_HA_H5	1531	7948	C	1	0	7940	36.7840050377834
A_HA_H5	1532	7992	C	0	0	7982	36.7178651966926
A_HA_H5	1533	7975	C	0	0	7967	36.9233086481737
A_HA_H5	1534	7957	G	0	0	7948	37.5782586814293
A_HA_H5	1535	8041	C	2	0	8035	37.3961418792782
A_HA_H5	1536	8016	A	0	0	8010	37.9013732833958
A_HA_H5	1537	8075	A	0	0	8069	37.8784235964804
A_HA_H5	1538	8084	T	0	0	8081	37.7356762776884
A_HA_H5	1539	8175	A	0	0	8172	37.8650269211943
A_HA_H5	1540	8152	T	0	0	8145	37.5359116022099
A_HA_H5	1541	8091	T	0	0	8078	37.261822233226
A_HA_H5	1542	8091	C	0	0	8084	37.725507174666
A_HA_H5	1543	7792	A	0	0	7786	37.954020035962
A_HA_H5	1544	7820	G	0	0	7813	38.0040957378728
A_HA_H5	1545	7900	A	0	0	7891	37.9769357495881
A_HA_H5	1546	7766	A	1	0	7763	37.9863454849929
A_HA_H5	1547	7765	G	1	0	7759	37.9680371181853
A_HA_H5	1548	7587	A	0	0	7580	38.090765171504
A_HA_H5	1549	7587	A	0	0	7572	38.0542789223455
A_HA_H5	1550	7584	G	0	0	7580	37.7866754617414
A_HA_H5	1551	7580	C	0	0	7569	37.570220636808
A_HA_H5	1552	7574	A	0	0	7567	37.9131756310295
A_HA_H5	1553	7631	A	0	0	7596	37.8836229594523
A_HA_H5	1554	7689	G	0	0	7683	37.7884940778342
A_HA_H5	1555	7961	A	0	0	7944	37.6574773413897
A_HA_H5	1556	7925	C	0	0	7922	37.711310275183
A_HA_H5	1557	7770	T	0	0	7759	37.8662198736951
A_HA_H5	1558	7851	A	0	0	7848	38.0161824668705
A_HA_H5	1559	7835	A	0	0	7826	37.7720419115768
A_HA_H5	1560	7845	A	0	0	7821	37.7015726889145
A_HA_H5	1561	7839	C	0	0	7838	37.7524878795611
A_HA_H5	1562	7512	A	0	0	7510	37.955792276964
A_HA_H5	1563	7525	G	0	0	7521	37.9157026991092
A_HA_H5	1564	7492	A	0	0	7485	37.9064796259185
A_HA_H5	1565	7531	G	0	0	7523	37.8286587797421
A_HA_H5	1566	7549	A	0	0	7540	38.0533156498674
A_HA_H5	1567	7457	A	0	0	7449	38.0173177607733
A_HA_H5	1568	7512	G	0	0	7506	37.6031175059952
A_HA_H5	1569	7515	A	0	0	7507	37.730917810044
A_HA_H5	1570	7508	A	0	0	7501	37.7506999066791
A_HA_H5	1571	7513	A	0	0	7508	37.707378795951
A_HA_H5	1572	7440	T	0	0	7440	37.4305107526882
A_HA_H5	1573	6956	A	0	0	6954	38.1167673281565
A_HA_H5	1574	6887	A	0	0	6884	38.0495351539802
A_HA_H5	1575	6883	A	0	0	6880	37.9864825581395
A_HA_H5	1576	6877	T	0	0	6875	37.6997818181818
A_HA_H5	1577	6752	G	1	0	6746	37.9487103468722
A_HA_H5	1578	6761	G	0	0	6757	37.7959153470475
A_HA_H5	1579	6762	G	0	0	6755	37.8868985936343
A_HA_H5	1580	6735	A	0	0	6709	37.968102548815
A_HA_H5	1581	6721	T	0	0	6713	37.7607626992403
A_HA_H5	1582	6702	T	0	0	6697	37.6838883081977
A_HA_H5	1583	6813	A	0	0	6812	37.9214621256606
A_HA_H5	1584	6825	A	0	0	6822	37.6673995895632
A_HA_H5	1585	6835	A	0	0	6822	37.4079448841982
A_HA_H5	1586	6830	C	0	0	6826	37.561529446235
A_HA_H5	1587	6444	T	0	0	6437	37.6085132825851
A_HA_H5	1588	6435	G	1	0	6426	37.8918456271397
A_HA_H5	1589	6448	G	0	0	6441	37.8649278062413
A_HA_H5	1590	6483	A	0	0	6473	37.8909315618724
A_HA_H5	1591	6475	A	0	0	6472	37.8014524103832
A_HA_H5	1592	6397	T	0	0	6388	37.3782091421415
A_HA_H5	1593	6390	C	0	0	6388	37.8793049467752
A_HA_H5	1594	6429	A	0	0	6422	37.9389598255995
A_HA_H5	1595	6561	A	0	0	6558	37.8885330893565
A_HA_H5	1596	6560	T	0	0	6557	37.7416501448833
A_HA_H5	1597	6541	G	0	0	6535	37.7828615149197
A_HA_H5	1598	6513	G	0	0	6507	37.5841401567543
A_HA_H5	1599	6461	G	0	0	6450	37.6722480620155
A_HA_H5	1600	6410	A	0	0	6404	37.6611492816989
A_HA_H5	1601	6396	A	0	0	6376	37.3778230865747
A_HA_H5	1602	6435	C	0	0	6431	37.4680454050692
A_HA_H5	1603	6313	T	1	0	6306	37.5875356803045
A_HA_H5	1604	6345	T	0	0	6334	37.62251341964
A_HA_H5	1605	6410	A	0	0	6386	37.2867209520827
A_HA_H5	1606	6426	C	1	0	6398	37.6125351672398
A_HA_H5	1607	6424	C	0	0	6422	37.7223606353161
A_HA_H5	1608	6263	A	0	0	6260	37.8944089456869
A_HA_H5	1609	6294	G	0	0	6292	37.7398283534647
A_HA_H5	1610	6304	A	0	0	6299	37.57120177806
A_HA_H5	1611	6252	T	0	0	6246	37.6413704771053
A_HA_H5	1612	6255	A	0	0	6235	37.3302325581395
A_HA_H5	1613	6253	C	0	0	6245	37.6193755004003
A_HA_H5	1614	6046	T	0	0	6041	37.9190531368979
A_HA_H5	1615	6048	A	0	0	6045	37.8559139784946
A_HA_H5	1616	6374	T	0	0	6365	37.5604084838963
A_HA_H5	1617	6370	C	0	0	6364	37.8225958516656
A_HA_H5	1618	6319	A	0	0	6314	38.003009185936
A_HA_H5	1619	6315	A	0	0	6315	37.950910530483
A_HA_H5	1620	6311	T	0	0	6307	37.6703662597114
A_HA_H5	1621	6396	T	0	0	6391	37.7618526052261
A_HA_H5	1622	6142	T	0	0	6138	38.0954708374063
A_HA_H5	1623	6160	A	0	0	6158	38.1589801883729
A_HA_H5	1624	6139	T	0	0	6131	37.8864785516229
A_HA_H5	1625	6131	T	0	0	6127	37.6060062020565
A_HA_H5	1626	6134	C	0	0	6129	37.7828356991353
A_HA_H5	1627	6095	A	0	0	6087	37.844422539839
A_HA_H5	1628	6109	A	0	0	6097	37.6501558143349
A_HA_H5	1629	6112	C	0	0	6110	37.7458265139116
A_HA_H5	1630	5880	A	0	0	5878	37.9533855052739
A_HA_H5	1631	5890	G	0	0	5890	37.2397283531409
A_HA_H5	1632	5744	T	0	0	5736	37.0657252440725
A_HA_H5	1633	5754	G	0	0	5751	37.0486871848374
A_HA_H5	1634	5753	G	0	0	5748	37.0313152400835
A_HA_H5	1635	5711	C	0	0	5702	36.67783233953
A_HA_H5	1636	5710	G	0	0	5705	37.8618755477651
A_HA_H5	1637	5637	A	0	0	5630	37.8291296625222
A_HA_H5	1638	5640	G	0	0	5636	36.8431511710433
A_HA_H5	1639	5628	T	0	0	5618	37.7796368814525
A_HA_H5	1640	5591	T	0	0	5570	36.4626570915619
A_HA_H5	1641	5606	C	0	0	5602	36.5806854694752
A_HA_H5	1642	5558	C	0	0	5554	37.0905653583003
A_HA_H5	1643	5556	C	0	0	5553	37.6225463713308
A_HA_H5	1644	5551	T	0	0	5542	37.8350775893179
A_HA_H5	1645	5544	G	0	0	5536	37.6788294797688
A_HA_H5	1646	5545	G	0	0	5540	37.4480144404332
A_HA_H5	1647	5515	C	0	0	5511	37.2520413718019
A_HA_H5	1648	5297	A	0	0	5286	37.4366250472947
A_HA_H5	1649	5288	C	0	0	5284	37.7405374716124
A_HA_H5	1650	5109	T	0	0	5100	38.0719607843137
A_HA_H5	1651	5109	G	0	0	5105	38.0854064642507
A_HA_H5	1652	5109	G	0	0	5104	37.8859717868339
A_HA_H5	1653	5108	C	0	0	5101	37.7865124485395
A_HA_H5	1654	5078	A	0	0	5078	38.2034265458842
A_HA_H5	1655	5051	A	0	0	5046	37.9783987316686
A_HA_H5	1656	5045	T	0	0	5031	37.7416020671835
A_HA_H5	1657	5044	C	0	0	5041	37.911525490974
A_HA_H5	1658	5024	A	0	0	5017	38.0277058002791
A_HA_H5	1659	5013	T	0	0	5007	37.7725184741362
A_HA_H5	1660	4942	G	0	0	4939	37.9921036647095
A_HA_H5	1661	4928	G	0	0	4928	37.8614042207792
A_HA_H5	1662	4885	T	0	0	4882	37.9391642769357
A_HA_H5	1663	4849	A	0	0	4841	37.6368518901053
A_HA_H5	1664	4840	G	1	0	4837	37.2970849700227
A_HA_H5	1665	4816	C	1	0	4774	37.4935064935065
A_HA_H5	1666	4709	T	1	0	4685	37.6945570971185
A_HA_H5	1667	4700	G	0	0	4691	37.6471967597527
A_HA_H5	1668	4689	G	0	0	4684	37.7444491887276
A_HA_H5	1669	4674	T	0	0	4671	37.6199957182616
A_HA_H5	1670	4660	C	0	0	4656	37.5786082474227
A_HA_H5	1671	4580	T	0	0	4576	37.7801573426573
A_HA_H5	1672	4574	A	0	0	4571	37.5954933274995
A_HA_H5	1673	4573	T	1	0	4570	37.4816192560175
A_HA_H5	1674	4572	C	1	0	4569	36.6031954475815
A_HA_H5	1675	4561	C	1	0	4559	37.6104408861592
A_HA_H5	1676	4338	T	1	0	4324	37.5527289546716
A_HA_H5	1677	4287	T	1	0	4279	37.8504323440056
A_HA_H5	1678	4286	T	1	0	4286	37.8642090527298
A_HA_H5	1679	4278	T	1	0	4276	37.9183816651076
A_HA_H5	1680	4280	G	0	0	4275	37.6601169590643
A_HA_H5	1681	4161	G	0	0	4158	37.6467051467051
A_HA_H5	1682	4151	A	0	0	4146	37.8152436082972
A_HA_H5	1683	4050	T	0	0	4046	37.9703410776075
A_HA_H5	1684	3994	G	0	0	3967	37.9773128308546
A_HA_H5	1685	3817	T	0	0	3809	37.3835652402205
A_HA_H5	1686	3810	G	1	0	3806	37.2527588018918
A_HA_H5	1687	3810	C	0	0	3809	37.5610396429509
A_HA_H5	1688	3809	T	0	0	3797	37.3702923360548
A_HA_H5	1689	3763	C	0	0	3761	36.9239563945759
A_HA_H5	1690	3751	G	0	0	3747	37.7085668534828
A_HA_H5	1691	3747	A	0	0	3745	37.5572763684913
A_HA_H5	1692	3747	A	0	0	3738	36.6217228464419
A_HA_H5	1693	3705	C	0	0	3698	37.7025419145484
A_HA_H5	1694	3603	G	0	0	3601	37.5651207997778
A_HA_H5	1695	3589	G	0	0	3587	37.7507666573739
A_HA_H5	1696	3573	A	0	0	3566	37.6273135165452
A_HA_H5	1697	3572	T	0	0	3567	37.5777964676198
A_HA_H5	1698	3565	C	0	0	3561	37.5431058691379
A_HA_H5	1699	3498	A	0	0	3495	37.5396280400572
A_HA_H5	1700	3494	T	0	0	3486	37.4804934021802
A_HA_H5	1701	3493	T	0	0	3488	37.5424311926606
A_HA_H5	1702	3492	G	0	0	3490	37.3882521489971
A_HA_H5	1703	3485	C	0	0	3485	37.2857962697274
A_HA_H5	1704	3056	A	0	0	3052	37.855504587156
A_HA_H5	1705	3056	G	0	0	3055	37.7106382978723
A_HA_H5	1706	2967	T	0	0	2964	37.8117408906883
A_HA_H5	1707	2967	G	0	0	2964	37.6808367071525
A_HA_H5	1708	2963	C	0	0	2962	37.6495611073599
A_HA_H5	1709	2846	A	0	0	2837	37.8286922805781
A_HA_H5	1710	2846	G	0	0	2845	37.7026362038664
A_HA_H5	1711	2814	A	0	0	2813	37.7753288304301
A_HA_H5	1712	2813	A	0	0	2804	37.8227532097004
A_HA_H5	1713	2807	T	0	0	2807	37.7755610972569
A_HA_H5	1714	2650	T	0	0	2648	37.8878398791541
A_HA_H5	1715	2643	T	0	0	2642	38.0287660862983
A_HA_H5	1716	2618	G	0	0	2614	37.6920428462127
A_HA_H5	1717	2611	C	0	0	2608	37.8094325153374
A_HA_H5	1718	2608	A	0	0	2608	37.8523773006135
A_HA_H5	1719	2559	T	0	0	2554	37.9592795614722
A_HA_H5	1720	2541	T	0	0	2539	37.8696337140607
A_HA_H5	1721	2534	T	0	0	2533	38.1223845242795
A_HA_H5	1722	2534	A	0	0	2534	38.0540647198106
A_HA_H5	1723	2530	A	0	0	2528	37.9659810126582
A_HA_H5	1724	2530	G	0	0	2528	37.4430379746835
A_HA_H5	1725	2442	T	0	0	2440	37.827868852459
A_HA_H5	1726	2430	T	0	0	2419	37.7656056221579
A_HA_H5	1727	2416	T	0	0	2415	37.8517598343685
A_HA_H5	1728	2416	G	0	0	2415	37.7730848861284
A_HA_H5	1729	2399	T	0	0	2398	37.638448707256
A_HA_H5	1730	2390	G	0	0	2390	37.5627615062762
A_HA_H5	1731	2335	A	0	0	2331	37.5242385242385
A_HA_H5	1732	2332	G	0	0	2328	37.326030927835
A_HA_H5	1733	2316	C	0	0	2314	37.1119273984443
A_HA_H5	1734	2217	T	0	0	2213	37.3822864889291
A_HA_H5	1735	2216	C	0	0	2216	37.6277075812274
A_HA_H5	1736	2185	A	0	0	2183	37.7040769583142
A_HA_H5	1737	2185	G	0	0	2185	37.6997711670481
A_HA_H5	1738	2184	A	0	0	2184	37.5837912087912
A_HA_H5	1739	2169	T	0	0	2168	37.4229704797048
A_HA_H5	1740	2161	T	0	0	2161	37.3308653401203
A_HA_H5	1741	2060	A	0	0	2058	37.0301263362488
A_HA_H5	1742	2055	T	0	0	2055	36.8919708029197
A_HA_H5	1743	2048	A	0	0	2048	37.068359375
A_HA_H5	1744	2044	G	0	0	2044	37.029843444227
A_HA_H5	1745	1950	T	0	0	1948	36.7284394250513
A_HA_H5	1746	1608	T	0	0	1605	36.5906542056075
A_HA_H5	1747	1604	A	0	0	1603	36.9201497192764
A_HA_H5	1748	1596	A	0	0	1595	37.0257053291536
A_HA_H5	1749	1596	A	0	0	1595	36.9843260188088
A_HA_H5	1750	1587	A	0	0	1586	36.2307692307692
A_HA_H5	1751	1570	A	0	0	1568	35.3698979591837
A_HA_H5	1752	1567	C	0	0	1563	35.1669865642994
A_HA_H5	1753	1366	A	0	0	1344	35.0111607142857
A_HA_H5	1754	1364	C	0	0	1364	36.341642228739
A_HA_H5	1755	1345	C	0	0	1344	33.8757440476191
A_HA_H5	1756	1327	C	0	0	1325	36.3298113207547
A_HA_H5	1757	1294	T	0	0	1292	34.1679566563467
A_HA_H5	1758	1262	T	0	0	1262	36.0744849445325
A_HA_H5	1759	1262	G	0	0	1262	35.8660855784469
A_HA_H5	1760	1239	T	0	0	1239	36.0306698950767
A_HA_H5	1761	1225	T	0	0	1224	35.8954248366013
A_HA_H5	1762	1209	T	0	0	1207	33.2808616404308
A_HA_H5	1763	995	C	0	0	995	33.1949748743719
A_HA_H5	1764	969	T	0	0	969	33.3519091847265
A_HA_H5	1765	965	A	0	0	965	33.1212435233161
A_HA_H5	1766	964	C	0	0	964	33.048755186722
