Reference_Name	Position	Coverage Depth	Consensus	Deletions	Ambiguous	Consensus_Count	Consensus_Average_Quality
A_MP	1	537	C	0	0	537	32.7914338919926
A_MP	2	809	A	0	0	809	32.9258343634116
A_MP	3	1253	G	0	0	1253	33.1835594573025
A_MP	4	1291	C	0	0	1291	33.423702556158
A_MP	5	1327	A	0	0	1326	33.3288084464555
A_MP	6	1549	A	0	0	1545	34.3857605177994
A_MP	7	1606	A	0	0	1605	34.9619937694704
A_MP	8	1877	A	0	0	1874	35.4311632870864
A_MP	9	1946	G	1	0	1946	35.3196300102775
A_MP	10	2185	C	0	0	2184	35.1387362637363
A_MP	11	2191	A	0	0	2182	35.3519706691109
A_MP	12	2795	G	0	0	2791	34.984593335722
A_MP	13	2816	G	0	0	2810	34.0483985765125
A_MP	14	2831	T	0	0	2804	34.1030670470756
A_MP	15	2862	A	0	0	2859	35.7481636935992
A_MP	16	3118	G	0	0	3112	35.7066195372751
A_MP	17	3564	A	0	0	3560	35.9634831460674
A_MP	18	3999	T	0	0	3999	36.0560140035009
A_MP	19	4513	A	0	0	4511	35.7339835956551
A_MP	20	4577	T	0	0	4576	36.045236013986
A_MP	21	4632	T	0	0	4626	36.3177691309987
A_MP	22	4742	G	0	0	4229	36.6207141168125
A_MP	23	4852	A	0	0	4850	36.6480412371134
A_MP	24	4892	A	0	0	4890	37.221063394683
A_MP	25	4966	A	0	0	4961	37.1751662971175
A_MP	26	5134	G	0	0	5121	37.0148408513962
A_MP	27	5148	A	0	0	5140	36.3955252918288
A_MP	28	5228	T	0	0	5226	37.0346345197091
A_MP	29	5251	G	0	0	5245	37.0480457578646
A_MP	30	5264	A	0	0	5254	37.1200989722117
A_MP	31	6168	G	0	0	6163	36.5755313970469
A_MP	32	6221	T	0	0	6202	36.6285069332473
A_MP	33	6920	C	0	0	6918	36.4989881468633
A_MP	34	7423	T	0	0	7400	36.4972972972973
A_MP	35	7478	T	0	0	7456	36.7109710300429
A_MP	36	7494	C	0	0	7490	37.071829105474
A_MP	37	7499	T	0	0	7488	36.9407051282051
A_MP	38	7648	A	0	0	7641	37.2922392357021
A_MP	39	7675	A	0	0	7668	37.6112415232134
A_MP	40	7681	C	0	0	7676	37.3961698801459
A_MP	41	7681	C	0	0	7675	37.4332247557003
A_MP	42	7687	G	0	0	7677	36.3265598541097
A_MP	43	7774	A	0	0	7759	35.8632555741719
A_MP	44	7877	G	0	0	7873	36.0199415724628
A_MP	45	8028	G	0	0	8021	36.2216681211819
A_MP	46	8029	T	0	0	7974	35.3867569601204
A_MP	47	8036	C	0	0	8029	37.1475899862997
A_MP	48	8043	G	0	0	8036	36.6691139870582
A_MP	49	8236	A	0	0	8227	36.5849033669624
A_MP	50	8263	A	0	0	8252	36.9315317498788
A_MP	51	8315	A	0	0	8310	37.0034897713598
A_MP	52	8590	C	0	0	8583	36.8041477338926
A_MP	53	8690	G	0	0	8684	36.9584292952556
A_MP	54	8746	T	0	0	8726	36.8495301398121
A_MP	55	8784	A	0	0	8776	37.4414311759344
A_MP	56	8873	C	0	0	8863	37.4618075143856
A_MP	57	8970	G	0	0	8960	36.8220982142857
A_MP	58	9070	T	0	0	9049	37.4171731683059
A_MP	59	9598	T	0	0	9588	37.4295994993742
A_MP	60	10129	C	0	0	10124	37.1549782694587
A_MP	61	10166	T	0	0	10128	36.684439178515
A_MP	62	10724	C	0	0	10721	37.2221807667195
A_MP	63	10727	T	0	0	10697	37.4400299149294
A_MP	64	11323	C	0	0	11316	37.3384588193708
A_MP	65	11324	T	0	0	11313	37.4655705825157
A_MP	66	11460	A	0	0	11454	37.5197310983063
A_MP	67	11460	T	0	0	11442	37.4445901066247
A_MP	68	11550	C	0	0	11545	37.5136422693807
A_MP	69	11643	G	1	0	11629	36.1058560495313
A_MP	70	11661	T	0	0	11612	37.4433344815708
A_MP	71	11683	C	15	0	11674	36.8716806578722
A_MP	72	11740	C	0	0	11719	36.3616349517877
A_MP	73	12063	C	0	0	12049	36.5106647854594
A_MP	74	12176	G	0	0	12170	36.7645850451931
A_MP	75	12181	T	0	0	12156	37.1958703520895
A_MP	76	12191	C	0	0	12177	36.6954093783362
A_MP	77	12193	A	0	0	12172	36.696516595465
A_MP	78	12310	G	1	0	12287	36.3082933181411
A_MP	79	12325	G	0	0	12307	36.9059072072804
A_MP	80	12337	C	2	0	12321	37.4110056001948
A_MP	81	12355	C	0	0	12331	36.5615116373368
A_MP	82	12403	C	0	0	12391	36.6941328383504
A_MP	83	12842	C	0	0	12824	36.9886150966937
A_MP	84	12912	C	0	0	12905	36.8423091824874
A_MP	85	12921	T	0	0	12905	37.0051142967842
A_MP	86	12936	C	0	0	12932	37.2970151562017
A_MP	87	12939	A	2	0	12931	37.9576985538628
A_MP	88	12988	A	0	0	12979	37.8556899607058
A_MP	89	13251	A	0	1	13229	37.705268727795
A_MP	90	13418	G	0	0	13408	37.3724642004773
A_MP	91	13426	C	0	0	13416	37.5954084675015
A_MP	92	13433	C	0	0	13421	37.7709559645332
A_MP	93	13437	G	0	0	13433	37.0053599344897
A_MP	94	13509	A	0	0	13481	36.7537274682887
A_MP	95	13533	G	0	0	13524	36.6763531499556
A_MP	96	13617	A	0	0	13608	36.4972810111699
A_MP	97	13624	T	0	0	13615	36.7952993022402
A_MP	98	13652	C	0	0	13639	37.919275606716
A_MP	99	13737	G	0	0	13719	37.3563670821488
A_MP	100	13863	C	0	0	13857	36.6259652161363
A_MP	101	13871	G	0	0	13862	36.9731640455923
A_MP	102	13877	C	0	0	13874	37.1960501657777
A_MP	103	13873	A	2	0	13861	37.0901810836159
A_MP	104	13968	G	2	0	13957	37.0975854409973
A_MP	105	13976	A	1	0	13951	36.4694287147875
A_MP	106	15096	G	1	0	15085	37.1168047729533
A_MP	107	15146	A	1	0	15110	37.0566512243547
A_MP	108	15414	C	0	0	15407	37.5640942428766
A_MP	109	15433	T	0	0	15415	37.7219591307168
A_MP	110	15437	T	0	0	15423	37.8236400181547
A_MP	111	15683	G	1	0	15672	37.5216309341501
A_MP	112	15688	A	2	0	15673	37.4871434951828
A_MP	113	15696	A	1	0	15666	37.7737137750543
A_MP	114	15703	G	3	0	15694	37.7404740665222
A_MP	115	15733	A	4	0	15694	37.3790620619345
A_MP	116	15865	T	3	0	15831	37.7561114269471
A_MP	117	16130	G	1	0	16124	37.7698461920119
A_MP	118	16255	T	0	0	16201	37.5996543423245
A_MP	119	16313	C	0	0	16307	37.7836511927393
A_MP	120	16312	T	1	0	16296	37.8111806578301
A_MP	121	16554	T	0	0	16550	37.8085196374622
A_MP	122	16559	T	0	0	16555	37.9719118091211
A_MP	123	16663	G	0	0	16655	37.7712398679075
A_MP	124	16670	C	0	0	16653	37.9081847114634
A_MP	125	16670	A	0	0	16628	37.7806110175607
A_MP	126	16990	G	1	0	16981	37.7273423237736
A_MP	127	17024	G	1	1	17015	37.4219218336762
A_MP	128	18029	G	1	0	18018	36.3953823953824
A_MP	129	18033	A	2	0	17948	36.5733786494317
A_MP	130	18053	A	1	0	18027	37.4985299828036
A_MP	131	18196	G	1	0	18187	36.6339693187442
A_MP	132	18195	A	1	0	18165	37.3118634737132
A_MP	133	18256	A	1	0	18224	37.7180092186128
A_MP	134	18359	C	0	0	18334	37.9413112250464
A_MP	135	18345	A	0	0	18318	37.9197510645267
A_MP	136	18387	C	0	0	18377	37.9345377373891
A_MP	137	18314	C	0	0	18296	37.0313183209445
A_MP	138	18404	G	0	0	18390	36.98955954323
A_MP	139	18608	A	0	0	18586	36.376735177015
A_MP	140	18711	T	0	0	18690	36.7932584269663
A_MP	141	18817	C	0	0	18810	36.837586390218
A_MP	142	18815	T	0	0	18791	37.7082113777872
A_MP	143	18822	C	0	0	18813	37.9891564343805
A_MP	144	18823	G	0	0	18807	37.8934971021428
A_MP	145	18828	A	0	0	18779	37.6663826614836
A_MP	146	18853	G	0	0	18844	36.8886117597113
A_MP	147	18973	G	0	0	18962	36.5972471258306
A_MP	148	19142	C	0	0	19134	36.7476220340755
A_MP	149	19156	T	0	0	19093	37.0276017388572
A_MP	150	20592	C	0	0	20585	37.4766091814428
A_MP	151	20606	T	0	0	20572	37.4900349990278
A_MP	152	20501	C	0	0	20494	37.7409485703133
A_MP	153	20508	A	0	0	20481	37.693862604365
A_MP	154	20338	T	1	0	20282	37.7192584557736
A_MP	155	20332	G	3	0	20319	38.0291352920911
A_MP	156	20406	G	0	0	20397	37.8426239152817
A_MP	157	20289	A	0	0	20269	37.7189797227293
A_MP	158	20321	A	0	0	20294	37.8209815709077
A_MP	159	19852	T	0	0	19834	37.6949682363618
A_MP	160	20675	G	0	0	20668	37.5993806851171
A_MP	161	21436	G	0	0	21349	37.2728933439505
A_MP	162	21162	C	0	0	21148	37.613627766219
A_MP	163	21191	T	0	0	21171	37.6008218789854
A_MP	164	21187	A	9	0	21181	37.7524668334828
A_MP	165	21171	A	2	0	21160	37.661011342155
A_MP	166	21772	A	0	0	21737	37.5556424529604
A_MP	167	22004	G	0	0	21993	37.5188469058337
A_MP	168	21838	A	1	0	21811	37.5413323552336
A_MP	169	21398	C	1	0	21383	37.6867605106861
A_MP	170	21089	A	0	0	21056	37.790273556231
A_MP	171	21145	A	0	0	21065	37.7594113458343
A_MP	172	21786	G	0	0	21759	37.0411783629762
A_MP	173	21807	A	0	0	21764	37.600487042823
A_MP	174	21810	C	0	0	21794	37.6928971276498
A_MP	175	21673	C	0	0	21651	37.7629670684957
A_MP	176	21661	A	0	0	21645	37.9474705474705
A_MP	177	22007	A	0	0	21988	37.4618428233582
A_MP	178	22076	T	0	0	22056	37.8081701124411
A_MP	179	22299	C	0	0	22290	37.7087034544639
A_MP	180	21367	C	0	0	21352	37.9283439490446
A_MP	181	21643	T	0	0	21600	37.7585648148148
A_MP	182	21681	G	0	0	21656	37.803518655338
A_MP	183	21671	T	0	0	21604	37.7939733382707
A_MP	184	21679	C	0	0	21661	37.646507548128
A_MP	185	21726	A	0	0	21671	37.4874255918047
A_MP	186	22243	C	0	0	22226	37.637541617925
A_MP	187	22200	C	0	0	22182	37.8733657920837
A_MP	188	22152	T	0	0	22112	37.7371562952243
A_MP	189	22187	C	0	0	22175	37.931273957159
A_MP	190	22143	T	0	0	22100	37.9128959276018
A_MP	191	22785	G	0	0	22768	37.8266426563598
A_MP	192	22858	A	0	0	22806	37.5144698763483
A_MP	193	22801	C	0	0	22789	37.8656808109175
A_MP	194	22790	T	0	0	22781	38.0368289363944
A_MP	195	22629	A	2	0	22602	37.702725422529
A_MP	196	22541	A	0	0	22494	37.564506090513
A_MP	197	22651	G	4	0	22640	37.7879416961131
A_MP	198	22659	G	0	0	22641	37.7856543438894
A_MP	199	22720	G	0	0	22706	37.7818197833172
A_MP	200	22865	G	0	0	22854	37.1931828126367
A_MP	201	23608	A	0	0	23571	36.6963217513046
A_MP	202	23654	T	1	1	23640	36.9316835871404
A_MP	203	23587	T	0	0	23576	37.83432304038
A_MP	204	23553	T	0	0	23539	37.9452398147755
A_MP	205	23532	T	0	0	23525	38.0896493092455
A_MP	206	23471	A	0	0	23434	37.9891183750107
A_MP	207	23562	G	0	0	23552	37.6921705163044
A_MP	208	23652	G	0	0	23632	37.614548070413
A_MP	209	23684	G	0	0	23671	37.8271302437582
A_MP	210	23137	T	0	1	23023	36.5992702949225
A_MP	211	22932	T	0	0	22913	37.2486361454196
A_MP	212	22905	T	0	1	22840	37.2103765323993
A_MP	213	23700	G	0	0	23688	37.2177895981087
A_MP	214	23823	T	0	1	23753	37.1572011956384
A_MP	215	23699	G	0	1	23681	37.5973987584984
A_MP	216	23782	T	0	1	23747	37.3842169537205
A_MP	217	23796	T	0	1	23770	37.2455195624737
A_MP	218	23854	T	0	1	23845	37.5274900398406
A_MP	219	23883	A	0	0	23871	37.7889489338528
A_MP	220	24089	C	0	1	24064	37.8234291888298
A_MP	221	24091	G	0	1	24055	36.7296196217003
A_MP	222	23886	C	0	1	23871	37.0480499350677
A_MP	223	23609	T	0	0	23536	36.1134007477906
A_MP	224	24128	C	0	0	24109	36.7446181923763
A_MP	225	24200	A	0	0	24181	36.8080724535793
A_MP	226	24631	C	0	1	24617	37.5917049193647
A_MP	227	24624	C	0	1	24608	37.5761540962289
A_MP	228	24729	G	0	0	24702	36.7434620678488
A_MP	229	24912	T	0	0	24852	37.4910671173346
A_MP	230	24989	G	0	0	24968	37.1855575136174
A_MP	231	25070	C	2	0	24971	36.91530175003
A_MP	232	25052	C	0	0	25026	37.626588348118
A_MP	233	24947	C	0	0	24935	37.9231602165631
A_MP	234	24802	A	0	0	24774	38.0276095906999
A_MP	235	25092	G	0	0	25071	37.6065972637709
A_MP	236	25098	T	1	1	25050	37.372255489022
A_MP	237	25275	G	0	0	25259	37.6108317827309
A_MP	238	25531	A	0	0	25477	37.4352553283354
A_MP	239	25572	G	0	0	25552	37.4463447088291
A_MP	240	25512	C	0	0	25496	37.514551302165
A_MP	241	25580	G	0	0	25563	37.3109963619293
A_MP	242	25531	A	0	0	25472	37.200573178392
A_MP	243	25836	G	0	0	25811	36.890008136066
A_MP	244	25888	G	0	0	25860	36.7425754060325
A_MP	245	25769	A	1	0	25742	36.9032320721001
A_MP	246	26227	C	1	0	26212	37.5476499313292
A_MP	247	25993	T	1	0	25968	37.8380699322243
A_MP	248	26101	G	1	0	26084	37.2613096150897
A_MP	249	26082	C	1	0	26059	37.5255765762309
A_MP	250	26064	A	0	0	26014	37.6825555470131
A_MP	251	26648	G	0	0	26637	37.5415399632091
A_MP	252	26614	C	0	0	26595	37.5786426019929
A_MP	253	26808	G	0	0	26788	37.2483574734956
A_MP	254	26862	T	0	0	26824	36.7708768267223
A_MP	255	26634	A	1	0	26617	36.6244505391291
A_MP	256	26652	G	0	0	26508	36.3534404708013
A_MP	257	26143	A	1	0	26110	36.6747223286097
A_MP	258	26094	C	0	0	26073	37.6580370498217
A_MP	259	26149	G	0	0	26130	37.1377344048986
A_MP	260	25913	C	0	0	25889	37.2068446058171
A_MP	261	25783	T	2	0	25747	37.0743387579135
A_MP	262	25770	T	0	0	25756	37.3387948439199
A_MP	263	25755	T	0	0	25738	37.5936747222006
A_MP	264	26518	G	0	0	26511	37.8524386103881
A_MP	265	26548	T	0	0	26474	37.8673037697363
A_MP	266	26498	C	0	0	26486	37.5707543607944
A_MP	267	26372	C	0	1	26345	37.9821977604859
A_MP	268	26400	A	3	0	26387	38.0272103687422
A_MP	269	26512	A	0	1	26488	37.784921473875
A_MP	270	26684	A	0	1	26664	37.900802580258
A_MP	271	26748	A	0	0	26650	37.7465290806754
A_MP	272	26893	T	0	0	26867	38.019094055905
A_MP	273	26747	G	1	0	26733	38.0134290951259
A_MP	274	26764	C	0	0	26746	37.9860539893816
A_MP	275	27139	A	0	1	27076	37.947259565667
A_MP	276	27123	C	0	1	27113	38.1161066646996
A_MP	277	27154	T	0	1	27145	38.2390495487198
A_MP	278	27872	A	5	1	27867	38.1991602971256
A_MP	279	27447	A	1	0	27444	38.1819341203906
A_MP	280	27816	A	1	0	27796	38.0055763419197
A_MP	281	27925	T	1	0	27901	38.0277767821942
A_MP	282	27812	G	1	0	27795	38.0046051448102
A_MP	283	28072	G	1	0	28061	37.8974377249563
A_MP	284	28070	A	3	0	28052	38.1662983031513
A_MP	285	28191	A	1	1	28180	38.2086941092974
A_MP	286	28358	A	1	0	28322	37.707859614434
A_MP	287	27954	T	1	1	27936	37.4141967353952
A_MP	288	27955	G	3	0	27937	37.7051222393242
A_MP	289	27940	G	1	1	27920	37.5910458452722
A_MP	290	27669	A	1	1	27573	37.6482791136256
A_MP	291	27818	G	1	1	27790	37.5014393666787
A_MP	292	27691	A	1	1	27624	37.3012597741095
A_MP	293	28281	C	1	1	28203	36.5617132929121
A_MP	294	28316	C	1	1	28264	36.5127016699689
A_MP	295	28289	C	1	0	28264	37.7307175205208
A_MP	296	28444	A	4	1	28402	38.0073586367157
A_MP	297	28471	A	0	1	28428	37.6789784719291
A_MP	298	28512	A	0	1	28466	37.909751984824
A_MP	299	29761	C	0	1	29744	37.6970481441635
A_MP	300	30147	A	0	1	30129	37.8087888745063
A_MP	301	29645	A	0	1	29608	37.5931504998649
A_MP	302	29400	C	0	2	29385	37.7378594521014
A_MP	303	29346	A	0	2	29283	37.7195984018031
A_MP	304	29342	T	0	1	29302	37.6550747389257
A_MP	305	29738	G	1	1	29709	37.6926520582988
A_MP	306	29797	G	0	1	29779	37.5306088182948
A_MP	307	29749	A	0	1	29705	37.6299949503451
A_MP	308	29743	C	0	1	29720	37.721265141319
A_MP	309	28682	A	0	0	28647	37.8126156316543
A_MP	310	29087	G	2	0	29068	37.1307967524425
A_MP	311	28747	G	0	0	28720	37.1102715877437
A_MP	312	28500	G	0	0	28475	37.1923792800702
A_MP	313	28675	C	0	0	28529	37.2255599565355
A_MP	314	28282	A	0	0	28242	37.4608738757878
A_MP	315	28587	G	0	0	28577	37.3974175035868
A_MP	316	28616	T	0	0	28529	37.565354551509
A_MP	317	28756	C	0	0	28730	37.7108945353289
A_MP	318	28927	A	2	0	28905	37.9273136135617
A_MP	319	28714	A	0	0	28678	37.8115977404282
A_MP	320	28695	A	0	0	28648	37.8634459648143
A_MP	321	28658	C	0	0	28641	37.9054153137111
A_MP	322	28552	T	0	0	28529	37.9807213712363
A_MP	323	30570	G	0	1	30552	37.6961246399581
A_MP	324	30449	T	0	0	30391	37.2998914152216
A_MP	325	30550	A	0	0	30513	37.5547471569495
A_MP	326	30554	C	0	1	30529	37.6464017819123
A_MP	327	30313	A	0	0	30270	37.6816980508755
A_MP	328	30240	G	1	0	30220	37.8069490403706
A_MP	329	30521	G	0	0	30499	37.5916587429096
A_MP	330	30364	A	2	0	30333	37.69993076847
A_MP	331	30356	A	0	0	30311	37.6511827389397
A_MP	332	29234	A	0	0	29172	37.8790278349102
A_MP	333	29697	C	0	0	29674	37.9614140324864
A_MP	334	29654	T	0	0	29619	37.9541172895776
A_MP	335	29755	G	0	0	29732	38.0748688281986
A_MP	336	29784	A	4	0	29742	37.9332593638626
A_MP	337	29559	A	0	0	29529	37.993125402147
A_MP	338	29564	A	0	0	29542	38.0695958296662
A_MP	339	29465	A	1	0	29402	38.0491803278689
A_MP	340	29744	G	1	0	29734	37.8937579874891
A_MP	341	29752	A	0	0	29689	37.3910539256964
A_MP	342	29645	G	0	0	29636	37.8744432447024
A_MP	343	29548	A	0	0	29475	37.8242239185751
A_MP	344	29838	G	0	0	29822	37.3886727918986
A_MP	345	30117	A	0	0	30069	37.4814260534105
A_MP	346	30172	T	0	0	30145	37.750140985238
A_MP	347	30173	A	1	0	30143	37.8196596224662
A_MP	348	30422	A	0	2	30371	37.5291231767146
A_MP	349	30559	C	0	1	30542	37.8186431798834
A_MP	350	30410	A	0	1	30384	37.8387309110058
A_MP	351	30434	T	1	0	30391	37.6720081603106
A_MP	352	30073	T	0	0	30035	37.5638754786083
A_MP	353	30248	C	1	0	30231	37.7567066918064
A_MP	354	29984	C	0	0	29960	37.91782376502
A_MP	355	29944	A	1	0	29902	37.9614741488864
A_MP	356	29956	T	0	0	29926	37.5592795562387
A_MP	357	29771	G	7	0	29754	37.5807286415272
A_MP	358	30334	G	0	0	30309	37.5533339932033
A_MP	359	30573	G	0	0	30546	37.3898382766974
A_MP	360	30574	G	0	0	30554	37.145971067618
A_MP	361	30611	C	0	0	30587	37.1600353091182
A_MP	362	30502	T	0	0	30466	37.4499442000919
A_MP	363	30582	A	7	1	30561	38.01177971925
A_MP	364	30340	A	2	0	30326	38.0040229506034
A_MP	365	30300	A	1	1	30267	38.0878184160967
A_MP	366	30265	G	1	0	30253	37.9194790599279
A_MP	367	29837	A	0	0	29806	37.9676575186204
A_MP	368	29412	A	0	1	29357	38.039752018258
A_MP	369	29410	G	0	1	29393	37.5865001871194
A_MP	370	29394	T	0	0	29313	37.1163306382834
A_MP	371	29272	T	0	1	29249	37.4402201784676
A_MP	372	29387	G	0	1	29367	37.4001430176729
A_MP	373	29469	C	0	1	29444	37.41899877734
A_MP	374	29470	G	0	1	29430	37.2782534828406
A_MP	375	29057	C	0	0	29043	37.2777949936301
A_MP	376	29042	T	0	1	29000	37.3144137931034
A_MP	377	29627	C	1	2	29500	37.384
A_MP	378	29579	A	0	2	29564	37.6485590583142
A_MP	379	30360	G	0	2	30344	37.8640258370683
A_MP	380	30491	T	0	1	30451	37.609667991199
A_MP	381	30534	T	0	0	30512	37.7733023072889
A_MP	382	30612	A	0	1	30574	37.8266173873226
A_MP	383	30651	C	0	0	30635	37.7760731189816
A_MP	384	30663	T	0	1	30607	37.7196392981998
A_MP	385	30609	C	0	0	30598	37.2722073338127
A_MP	386	30355	A	0	0	30336	37.4526635021097
A_MP	387	30573	A	0	1	30524	37.3726575809199
A_MP	388	30647	C	0	0	30628	37.1956379783205
A_MP	389	29986	C	0	0	29945	37.3500083486392
A_MP	390	29869	G	0	1	29837	37.292857861045
A_MP	391	30098	G	0	1	30077	37.1951989892609
A_MP	392	30003	T	0	0	29891	36.7206182462949
A_MP	393	30146	G	0	1	30122	36.8730827966271
A_MP	394	30154	C	0	0	30136	36.9901778603663
A_MP	395	30309	A	0	0	30229	37.5847034304807
A_MP	396	30278	C	0	0	30249	37.5508942444378
A_MP	397	29980	T	1	0	29953	38.0100824625246
A_MP	398	30432	T	1	0	30367	37.9449731616557
A_MP	399	30402	G	1	0	30384	37.8098670352817
A_MP	400	30392	C	1	0	30357	37.5210989228185
A_MP	401	30182	C	1	0	30155	37.8460288509368
A_MP	402	30040	A	1	0	30001	37.9795340155328
A_MP	403	30676	G	1	0	30647	37.9513818644566
A_MP	404	30811	T	1	0	30755	37.663079174118
A_MP	405	30750	T	0	0	30711	37.7989971020156
A_MP	406	30920	G	0	1	30899	37.7671122042785
A_MP	407	30744	C	0	1	30712	37.7210536598072
A_MP	408	30744	A	1	1	30686	37.8514306198266
A_MP	409	30765	T	0	0	30713	37.7888841858496
A_MP	410	30693	G	3	0	30674	37.7554280498142
A_MP	411	31465	G	0	0	31443	36.9918900868238
A_MP	412	32004	G	0	0	31994	37.2809901856598
A_MP	413	32098	T	0	0	32029	37.3062537075775
A_MP	414	33217	C	0	1	33182	36.9843288529926
A_MP	415	33104	T	0	1	33006	37.3327273829001
A_MP	416	33824	C	0	0	33802	37.362167919058
A_MP	417	35700	A	0	1	35633	37.2425279937137
A_MP	418	35751	T	1	0	35728	37.3650358262427
A_MP	419	36248	A	0	0	36225	37.2765493443754
A_MP	420	35813	T	0	0	35789	37.3774623487664
A_MP	421	35129	A	0	0	35093	37.2558060011968
A_MP	422	36214	C	0	0	36180	37.4405472636816
A_MP	423	35250	A	0	0	35224	37.5594764933
A_MP	424	35344	A	0	0	35303	37.5651077812084
A_MP	425	35285	C	0	0	35260	37.5529211571185
A_MP	426	33807	A	0	0	33763	37.4795190000889
A_MP	427	34578	G	1	0	34554	37.7211610812062
A_MP	428	34724	G	0	0	34707	37.311464546057
A_MP	429	34471	A	0	0	34425	37.4005519244735
A_MP	430	34571	T	0	0	34524	37.5570038234272
A_MP	431	33917	G	3	0	33897	37.6402041478597
A_MP	432	33977	G	0	0	33951	36.6866071691556
A_MP	433	34075	G	0	0	34052	36.9955949723952
A_MP	434	34066	G	0	0	34039	36.6356238432386
A_MP	435	34227	A	0	0	34151	36.957658633715
A_MP	436	33575	C	0	0	33434	36.8306813423461
A_MP	437	33536	G	0	0	33508	37.35970514504
A_MP	438	33647	G	0	0	33628	37.2979362436065
A_MP	439	34026	T	0	0	33930	36.955496610669
A_MP	440	34336	G	1	0	34307	37.4375783367826
A_MP	441	34320	A	1	0	34241	37.2691802225402
A_MP	442	34718	C	4	0	34691	37.743103398576
A_MP	443	34424	C	0	0	34401	37.8031452574053
A_MP	444	34399	A	0	0	34339	37.8153120358776
A_MP	445	34491	C	0	0	34477	37.9646140905531
A_MP	446	34372	A	0	0	34334	38.0103396050562
A_MP	447	34644	G	0	0	34629	38.0079701983886
A_MP	448	35079	A	0	0	35065	37.8729217168116
A_MP	449	34759	A	0	0	34723	37.930967946318
A_MP	450	34355	G	0	0	34324	37.9905896748631
A_MP	451	33817	T	0	0	33689	37.4992133930957
A_MP	452	33776	G	1	0	33752	37.7431263332543
A_MP	453	33958	G	0	0	33926	37.7576490007664
A_MP	454	34030	C	0	0	34007	37.4751668774076
A_MP	455	34074	A	0	0	34054	38.1096200152699
A_MP	456	33712	T	4	0	33684	37.9614060087876
A_MP	457	33724	T	0	0	33708	37.8466832799335
A_MP	458	33730	T	0	0	33709	37.9153045180812
A_MP	459	35135	G	0	0	35102	37.4895162668794
A_MP	460	35612	G	0	1	35579	37.352314567582
A_MP	461	35481	C	1	0	35444	37.4329646766731
A_MP	462	35284	C	0	0	35257	37.6696542530561
A_MP	463	35217	T	1	1	35179	37.7206572102675
A_MP	464	35663	A	1	0	35632	37.6178154467894
A_MP	465	36137	G	2	1	36118	37.3396644332466
A_MP	466	36046	T	2	1	35958	36.9651537905334
A_MP	467	36391	G	0	1	36360	37.5234598459846
A_MP	468	34919	T	0	0	34829	37.5785982945247
A_MP	469	35044	G	0	1	35028	37.7144855544136
A_MP	470	35253	T	0	1	35175	37.514513148543
A_MP	471	35246	G	0	1	35218	37.5396388210574
A_MP	472	35220	C	0	0	35179	37.1498337076097
A_MP	473	34144	C	0	0	34113	37.5251370445285
A_MP	474	33909	A	1	0	33792	37.3515033143939
A_MP	475	34569	C	0	0	34548	37.5213615838833
A_MP	476	34504	C	0	1	34468	37.785598236045
A_MP	477	34090	T	0	1	34038	37.976320582878
A_MP	478	34188	G	0	0	34171	37.9129086067133
A_MP	479	33870	T	0	0	33812	37.786170590323
A_MP	480	33944	G	0	0	33924	37.8477773847424
A_MP	481	33867	A	0	1	33799	37.8761205952839
A_MP	482	33953	G	0	0	33925	37.8921444362565
A_MP	483	33831	C	0	0	33809	37.9186311337218
A_MP	484	33203	A	0	0	33173	38.2030567027402
A_MP	485	33401	G	0	0	33385	38.0274973790625
A_MP	486	33352	A	0	0	33325	37.9721530382596
A_MP	487	33475	T	0	0	33446	37.9405011062608
A_MP	488	33608	T	0	0	33589	38.0871416237459
A_MP	489	33661	G	0	0	33642	38.0435467570299
A_MP	490	33598	C	0	0	33571	37.9698847219326
A_MP	491	33518	T	0	0	33450	38.0122869955157
A_MP	492	33682	G	0	0	33668	37.997356540335
A_MP	493	33739	A	0	0	33694	37.9214400189945
A_MP	494	33698	C	0	0	33679	37.9677246949137
A_MP	495	33629	T	0	0	33575	37.9294117647059
A_MP	496	33615	C	1	0	33587	37.9303004138506
A_MP	497	33575	A	1	0	33510	37.937242614145
A_MP	498	33667	C	0	1	33653	38.0873027664696
A_MP	499	33602	A	0	1	33506	38.0748224198651
A_MP	500	33828	G	0	0	33801	37.4903701073933
A_MP	501	33883	C	0	1	33859	37.4169349360584
A_MP	502	33868	A	0	0	33856	37.491936436673
A_MP	503	33855	T	0	1	33825	37.4766888396157
A_MP	504	33699	C	0	1	33672	37.693929674507
A_MP	505	33716	G	1	0	33680	37.0110451306413
A_MP	506	34087	G	0	0	34062	37.367447595561
A_MP	507	34238	T	0	0	34092	37.3090754429192
A_MP	508	33997	C	0	1	33982	37.3450944617739
A_MP	509	33908	T	0	1	33835	37.3469484261859
A_MP	510	33924	C	1	0	33773	37.913777277707
A_MP	511	33906	A	1	0	33858	37.9830763778132
A_MP	512	33998	C	0	0	33974	38.0426208276918
A_MP	513	33904	A	0	0	33813	38.1298908703753
A_MP	514	34368	G	1	0	34344	37.9998544141626
A_MP	515	34278	G	1	0	34145	37.6391858251574
A_MP	516	34308	C	1	0	34287	37.5386589669554
A_MP	517	34221	A	1	1	34199	38.0981022836925
A_MP	518	34285	A	1	0	34255	37.9479200116771
A_MP	519	34369	A	1	0	34328	37.9341936611512
A_MP	520	34598	T	1	0	34581	38.0062172869495
A_MP	521	34819	G	2	0	34797	38.059689053654
A_MP	522	35266	G	1	0	35244	37.8976279650437
A_MP	523	34871	T	3	0	34771	37.4642661988439
A_MP	524	35154	A	3	0	35123	37.7467186743729
A_MP	525	35209	A	2	0	35152	37.7883761948111
A_MP	526	35200	C	1	0	34966	37.9296173425613
A_MP	527	35187	T	1	0	35164	37.8799055852577
A_MP	528	35473	A	2	0	35419	37.2944747169598
A_MP	529	35227	C	1	0	35204	37.2865583456425
A_MP	530	35086	C	0	0	35056	37.3177772706527
A_MP	531	34944	A	0	0	34830	36.9628481194373
A_MP	532	34950	C	0	0	34850	37.4964418938307
A_MP	533	34759	C	0	0	34738	36.8982670274627
A_MP	534	34688	A	0	0	34676	37.4129657399931
A_MP	535	34747	A	0	0	34690	37.0886999135197
A_MP	536	35125	C	1	0	35109	37.228716283574
A_MP	537	35109	C	0	1	34963	37.1640591482424
A_MP	538	35355	C	0	0	35335	37.2704966746852
A_MP	539	35294	A	0	0	35184	37.1224135970896
A_MP	540	35449	C	0	0	35248	37.5192351339083
A_MP	541	35356	T	0	0	35313	37.9672641803302
A_MP	542	35686	A	0	0	35673	37.9975892131304
A_MP	543	35749	A	0	0	35732	37.8262062017239
A_MP	544	35555	T	0	0	35517	37.7189514880198
A_MP	545	35130	C	2	0	35110	38.0708345200797
A_MP	546	34545	A	1	1	34492	38.091209555839
A_MP	547	34568	G	0	0	34546	37.9132171597291
A_MP	548	34614	G	0	0	34582	37.3096408536233
A_MP	549	34576	C	1	1	34561	37.6877983854634
A_MP	550	34758	A	0	2	34703	37.3012131516007
A_MP	551	34566	C	0	0	34525	37.6369876900796
A_MP	552	34560	G	0	1	34541	37.7083176514866
A_MP	553	34583	A	3	0	34551	37.4474544875691
A_MP	554	34781	G	1	1	34759	37.4353692568831
A_MP	555	34739	A	3	1	34698	37.3064729955617
A_MP	556	34730	A	1	1	34686	37.3974802513983
A_MP	557	34721	C	1	2	34687	37.9223340156255
A_MP	558	34449	A	1	1	34406	37.8971690984131
A_MP	559	35075	G	1	1	35063	37.9026609246214
A_MP	560	35275	A	1	0	35237	37.8133779833698
A_MP	561	35367	A	2	0	35330	37.8138692329465
A_MP	562	35040	T	2	0	35013	37.7212463941964
A_MP	563	34003	G	2	0	33982	37.795685951386
A_MP	564	34941	G	0	0	34919	37.6409977376214
A_MP	565	34166	T	0	0	34050	37.1715418502203
A_MP	566	34148	G	0	0	34110	36.9227792436236
A_MP	567	33251	C	0	0	33216	37.2049012524085
A_MP	568	32635	T	1	0	32581	37.6520978484393
A_MP	569	33394	G	1	0	33370	37.571081810009
A_MP	570	33420	G	0	1	33394	36.9291190034138
A_MP	571	33376	C	98	0	33347	36.8205835607401
A_MP	572	33284	C	0	1	33095	37.4765976733646
A_MP	573	32171	A	0	0	32123	37.7558447218504
A_MP	574	32733	G	0	1	32712	37.3635668867694
A_MP	575	32820	C	1	0	32801	36.955428188165
A_MP	576	32844	A	0	0	32773	37.307783846459
A_MP	577	32936	C	0	1	32920	37.3859963547995
A_MP	578	32018	T	2	1	31995	37.6026566651039
A_MP	579	32276	A	3	1	32224	37.5024515888779
A_MP	580	32674	C	48	1	32651	37.5430155278552
A_MP	581	32737	T	0	1	32685	37.5944011014227
A_MP	582	33222	G	1	1	33202	37.47750135534
A_MP	583	32748	C	1	1	32561	37.3863210589355
A_MP	584	32570	T	1	1	32542	37.494929629402
A_MP	585	32557	A	4	1	32534	37.6263601155714
A_MP	586	32118	A	1	1	32061	37.5565952403231
A_MP	587	32677	G	1	1	32662	37.5258404261833
A_MP	588	32649	G	1	1	32630	37.2247318418633
A_MP	589	32587	C	1	0	32565	37.1590664824198
A_MP	590	31443	T	1	0	31414	37.614534920736
A_MP	591	31414	A	1	0	31381	37.514037156241
A_MP	592	31445	T	1	0	31422	37.811406021259
A_MP	593	31294	G	3	0	31284	37.8056514512211
A_MP	594	31544	G	0	0	31525	37.638699444885
A_MP	595	30975	A	1	0	30902	37.4591288589735
A_MP	596	30849	G	1	0	30836	37.7092683875989
A_MP	597	30406	C	3	0	30365	37.6719907788572
A_MP	598	29942	A	1	0	29922	37.7919256734176
A_MP	599	30008	G	1	0	29995	38.0179029838306
A_MP	600	30085	A	1	0	30029	37.6837723533917
A_MP	601	30645	T	1	0	30620	37.6618876551274
A_MP	602	30600	G	1	0	30586	37.3860262865363
A_MP	603	30476	G	1	0	30450	37.5426929392447
A_MP	604	30533	C	1	0	30496	37.2616736621196
A_MP	605	30299	T	1	0	30249	37.6195246123839
A_MP	606	30351	G	3	0	30336	36.9198641877637
A_MP	607	30421	G	0	0	30400	36.6626644736842
A_MP	608	30447	G	0	0	30427	36.7541657080882
A_MP	609	30481	T	0	0	30432	37.3950446898002
A_MP	610	29406	C	1	0	29381	37.2792961437664
A_MP	611	29429	G	1	0	29413	37.5679801448339
A_MP	612	29473	A	1	0	29437	37.1328600061148
A_MP	613	29535	G	2	0	29520	37.5776422764228
A_MP	614	29729	T	2	0	29672	37.5099757346994
A_MP	615	29548	G	1	0	29528	37.810755892712
A_MP	616	29260	A	1	0	29194	37.8101664725629
A_MP	617	29281	G	1	0	29260	37.9257689678742
A_MP	618	29296	C	1	0	29261	37.7341512593555
A_MP	619	29314	A	2	0	29296	38.0755051884216
A_MP	620	29147	A	1	0	29107	37.9163431476964
A_MP	621	28962	G	1	0	28953	37.5862259524056
A_MP	622	29288	C	1	0	29276	37.3437969667987
A_MP	623	29146	A	0	1	29109	37.5965165412759
A_MP	624	29347	G	0	1	29332	37.6065730260466
A_MP	625	29007	C	0	1	28974	37.4595844550286
A_MP	626	28998	G	1	1	28974	37.6274591012632
A_MP	627	29015	G	0	1	28994	37.4803752500517
A_MP	628	28992	A	0	0	28953	37.3293268400511
A_MP	629	28970	A	0	0	28922	37.1457713851048
A_MP	630	29328	G	0	0	29314	37.2312546905915
A_MP	631	29533	C	0	0	29499	37.2812298721991
A_MP	632	29572	C	0	0	29534	37.6627615629444
A_MP	633	29423	A	2	0	29383	37.7963448252391
A_MP	634	29643	T	0	0	29611	37.9690317787309
A_MP	635	29680	G	0	0	29664	37.9941680151025
A_MP	636	29711	G	0	0	29699	37.9442742179871
A_MP	637	29618	A	0	1	29538	37.5035208883472
A_MP	638	29638	G	1	0	29623	37.7608952503123
A_MP	639	29385	G	0	0	29365	37.3977524263579
A_MP	640	29280	T	0	0	29197	36.8344007946022
A_MP	641	29222	T	0	0	29201	37.7093250231156
A_MP	642	29221	G	0	0	29207	37.8270962440511
A_MP	643	29164	C	0	0	29003	37.6790332034617
A_MP	644	29175	T	0	0	29137	37.9635514980952
A_MP	645	29255	A	1	1	29236	37.9650773019565
A_MP	646	29214	G	0	1	29202	38.0072597767276
A_MP	647	29372	T	1	1	29340	37.8371165644172
A_MP	648	29228	C	0	1	29215	37.8012322437104
A_MP	649	28865	A	0	1	28836	38.0190040227493
A_MP	650	29587	G	0	0	29573	37.8510127481148
A_MP	651	29684	G	0	0	29663	37.6263021272292
A_MP	652	29656	C	0	0	29631	37.6739225810806
A_MP	653	29582	T	0	1	29527	37.404409523487
A_MP	654	29426	A	2	0	29385	37.7528671090692
A_MP	655	29639	G	0	0	29623	37.6985112919016
A_MP	656	29654	G	0	0	29632	37.5884179265659
A_MP	657	29536	C	0	0	29517	37.5534437781617
A_MP	658	29020	A	0	0	28988	37.8956809714365
A_MP	659	28805	G	1	0	28798	37.5489270088201
A_MP	660	28663	A	2	0	28596	37.2760525947685
A_MP	661	28737	T	1	0	28716	37.8107326925756
A_MP	662	28813	G	1	0	28806	37.9208845379435
A_MP	663	29558	G	0	0	29531	37.6824354068606
A_MP	664	29525	T	0	0	29417	37.043682224564
A_MP	665	29290	G	0	0	29166	37.5459439072893
A_MP	666	29256	C	0	0	29096	37.1455526532857
A_MP	667	29130	A	0	0	29067	37.2802146764372
A_MP	668	29327	G	0	0	29307	37.3276009144573
A_MP	669	29734	G	0	0	29724	36.9506122998251
A_MP	670	29703	C	0	0	29669	36.8916377363578
A_MP	671	29752	G	0	0	29728	37.3711652314316
A_MP	672	28968	A	0	0	28923	37.2096255575148
A_MP	673	28795	T	0	0	28768	37.3517449944383
A_MP	674	28822	G	1	0	28811	37.4408038596369
A_MP	675	28669	A	2	0	28598	37.8246730540597
A_MP	676	28760	G	1	0	28727	37.6472308281408
A_MP	677	28824	G	0	0	28802	37.528782723422
A_MP	678	28736	A	1	0	28603	37.4492186134322
A_MP	679	29255	C	1	0	29220	37.2063655030801
A_MP	680	29454	C	1	0	29439	37.4807568191854
A_MP	681	29343	A	1	0	29308	37.6748328101542
A_MP	682	29715	T	1	0	29692	37.76081099286
A_MP	683	29629	T	1	0	29587	37.8721397911245
A_MP	684	29627	G	1	0	29611	37.7700178987538
A_MP	685	29737	G	0	0	29709	37.6352620418055
A_MP	686	29635	A	0	0	29581	37.5797302322437
A_MP	687	29800	A	0	0	29721	37.5691598533024
A_MP	688	29551	C	1	0	29537	37.6285675593324
A_MP	689	28558	T	1	0	28506	37.7248298603803
A_MP	690	28678	C	0	0	28667	37.8179090940803
A_MP	691	28611	A	0	0	28578	37.7845545524529
A_MP	692	29499	T	0	0	29455	37.6786963164149
A_MP	693	29399	C	0	0	29367	37.214594613001
A_MP	694	29266	C	0	0	29211	37.3163876621821
A_MP	695	29264	T	1	0	29230	37.9247348614437
A_MP	696	29246	A	1	0	29212	37.7079624811721
A_MP	697	29254	G	1	0	29236	37.7346764263237
A_MP	698	30128	C	0	0	30104	37.3713460005315
A_MP	699	29950	T	0	0	29870	37.4227653163709
A_MP	700	30087	C	2	0	30059	37.3128846601683
A_MP	701	29499	C	0	0	29475	37.8069211195929
A_MP	702	29346	A	0	0	29322	37.8167246436123
A_MP	703	29462	G	0	0	29450	37.4805432937182
A_MP	704	29345	T	0	1	29298	37.1022254078777
A_MP	705	29096	G	0	0	29080	37.1019257221458
A_MP	706	29097	C	0	0	29045	36.7200895162679
A_MP	707	27932	C	0	0	27894	37.1376281637628
A_MP	708	27984	G	1	0	27960	37.3935979971388
A_MP	709	28274	G	0	0	28264	37.5498514010756
A_MP	710	28007	T	0	0	27965	37.4320042910781
A_MP	711	28069	C	0	0	28056	37.4060094097519
A_MP	712	27889	T	0	0	27832	37.7640845070423
A_MP	713	27969	G	0	0	27958	38.1600615208527
A_MP	714	28164	A	1	0	28135	38.0486937977608
A_MP	715	27820	A	0	0	27795	38.0355459615039
A_MP	716	27844	A	0	0	27810	38.0978784609853
A_MP	717	27684	G	0	0	27667	38.1547330755051
A_MP	718	27397	A	0	0	27366	37.8926039611196
A_MP	719	27219	T	0	0	27185	37.9634725032187
A_MP	720	26785	G	0	0	26776	38.1872198984165
A_MP	721	26943	A	0	0	26893	37.8928345666158
A_MP	722	26972	T	0	0	26928	37.7049539512775
A_MP	723	26682	C	0	0	26672	37.9723305338932
A_MP	724	26553	T	0	0	26532	37.9422960952812
A_MP	725	26640	T	0	0	26620	37.9829451540195
A_MP	726	26404	C	0	0	26394	38.1508297340305
A_MP	727	26356	T	0	0	26337	38.1756843983749
A_MP	728	26358	T	0	0	26342	38.3032040088072
A_MP	729	26366	G	1	0	26353	38.2792850908815
A_MP	730	26233	A	1	0	26221	38.2636055070363
A_MP	731	25998	A	0	0	25982	38.139481179278
A_MP	732	25892	A	0	0	25877	38.2432275766124
A_MP	733	25849	A	0	0	25837	38.1524170762859
A_MP	734	26115	T	1	0	26086	37.9123667867822
A_MP	735	26628	T	0	0	26615	38.1972196130002
A_MP	736	26621	T	0	1	26599	38.278093161397
A_MP	737	26671	G	0	0	26657	38.0466669167573
A_MP	738	26419	C	0	0	26294	37.5434699931543
A_MP	739	26365	A	0	0	26295	38.1145464917285
A_MP	740	26378	G	0	0	26360	37.9253414264036
A_MP	741	26465	G	0	0	26440	37.6021558245083
A_MP	742	26428	C	0	0	26399	36.4528201825827
A_MP	743	26187	C	0	0	26164	37.3967665494573
A_MP	744	26330	T	1	0	26303	37.7353914002205
A_MP	745	26783	A	1	0	26691	37.2699786444869
A_MP	746	27302	C	1	0	27275	37.6479926672777
A_MP	747	27303	C	0	0	27283	37.8596195433054
A_MP	748	27248	A	1	0	27208	37.9470376359894
A_MP	749	27212	G	1	0	27193	37.7549737064686
A_MP	750	27151	A	6	0	27134	37.5405395444829
A_MP	751	27230	A	1	0	27158	37.4620001472863
A_MP	752	27336	A	1	0	27289	36.7441826376928
A_MP	753	27373	C	1	0	27336	37.0930640913082
A_MP	754	27132	G	1	0	27116	37.4306682401534
A_MP	755	27090	G	1	1	25613	37.4123296763362
A_MP	756	27171	A	1	0	27099	36.9096276615373
A_MP	757	27177	T	1	0	27160	37.1336156111929
A_MP	758	27041	G	3	0	27021	37.0425224825136
A_MP	759	27192	G	1	0	27157	37.0035350001841
A_MP	760	27269	G	0	0	27248	37.4194069289489
A_MP	761	26334	A	0	0	26269	37.5876127755149
A_MP	762	26601	G	0	0	26581	37.3772995748843
A_MP	763	26497	T	0	0	26448	37.2796430732002
A_MP	764	26501	G	0	0	26462	37.6075126596629
A_MP	765	26769	C	0	0	26747	37.8056230605302
A_MP	766	26983	A	2	1	26965	37.9190802892639
A_MP	767	26969	A	0	0	26943	37.9432876814015
A_MP	768	26851	A	0	0	26839	37.9721301091695
A_MP	769	26670	T	0	0	26660	38.0563015753938
A_MP	770	26632	G	0	0	26617	37.3485742194838
A_MP	771	26537	C	0	0	26513	37.3621619582846
A_MP	772	26030	A	0	0	25975	37.981520692974
A_MP	773	26035	G	0	0	26016	37.3965636531365
A_MP	774	26206	C	0	0	26184	37.8658340971586
A_MP	775	26285	G	0	0	26264	37.6994745659458
A_MP	776	26875	A	0	0	26861	37.6789397267414
A_MP	777	26871	T	0	0	26843	37.9538054613866
A_MP	778	26868	T	0	0	26852	38.0132950990615
A_MP	779	26979	C	0	0	26958	37.8568143037317
A_MP	780	27117	A	0	0	27090	37.9736064968623
A_MP	781	27028	A	0	0	26987	37.9240374995368
A_MP	782	26952	G	0	0	26938	37.9350360086124
A_MP	783	27842	T	0	0	27791	37.6922744773488
A_MP	784	27734	G	0	0	27715	37.6362980335558
A_MP	785	27574	A	1	0	27509	37.2958668072267
A_MP	786	27554	T	0	0	27504	37.6094749854567
A_MP	787	27791	C	0	0	27760	36.5690922190202
A_MP	788	27545	C	0	0	27515	36.6906778121025
A_MP	789	27759	T	0	0	27677	36.9187050619648
A_MP	790	27836	C	0	1	27804	36.6390807078118
A_MP	791	27781	T	0	0	27662	37.194779842383
A_MP	792	28098	C	0	0	28079	37.0044873392927
A_MP	793	28082	G	0	0	27960	37.7291845493562
A_MP	794	27859	T	2	0	27828	37.6862871927555
A_MP	795	27928	T	0	0	27902	37.725324349509
A_MP	796	27735	A	2	0	27719	37.8863956131174
A_MP	797	27694	T	0	0	27678	37.2430088879254
A_MP	798	27347	T	0	0	27335	37.4509603072983
A_MP	799	27239	G	0	0	27213	37.1075956344394
A_MP	800	27037	C	0	0	27014	36.9150810690753
A_MP	801	26728	C	0	0	26695	37.2092152088406
A_MP	802	26723	G	0	0	26696	37.6391968834282
A_MP	803	26920	C	1	0	26906	37.6316063331599
A_MP	804	26955	A	1	0	26937	37.7577681256265
A_MP	805	26927	A	0	0	26903	37.7429282979593
A_MP	806	27218	G	0	0	27203	37.835349042385
A_MP	807	28074	T	0	0	28017	37.8198593710961
A_MP	808	28052	A	0	0	28033	37.7956337174045
A_MP	809	28065	T	0	0	28020	37.835153461813
A_MP	810	28434	C	0	0	28420	37.7604855735398
A_MP	811	28441	A	0	0	28421	37.908307237606
A_MP	812	28706	T	0	0	28680	37.8505578800558
A_MP	813	28587	T	0	0	28570	37.9538676933847
A_MP	814	28343	G	1	0	28315	37.684866678439
A_MP	815	27728	G	0	0	27692	37.6766214069045
A_MP	816	27741	G	0	0	27705	37.7059736509655
A_MP	817	28254	A	0	0	28230	37.6288345731491
A_MP	818	28157	T	0	0	28061	37.6393927515056
A_MP	819	27573	C	1	0	27555	37.6456904373072
A_MP	820	27760	T	1	0	27699	37.9794577421568
A_MP	821	28033	T	0	0	27994	38.0061798956919
A_MP	822	28186	G	0	0	28163	37.7268401803785
A_MP	823	28181	C	0	0	28153	37.5362483571911
A_MP	824	28256	A	0	0	28158	37.2238795368989
A_MP	825	28408	C	0	0	28380	37.5490133897111
A_MP	826	27974	T	1	0	27944	37.9009089607787
A_MP	827	28044	T	0	0	28012	37.9953234328145
A_MP	828	28012	G	0	0	27995	37.8983747097696
A_MP	829	28373	A	0	0	28337	37.7221300772841
A_MP	830	28282	T	0	0	28267	37.7976085187675
A_MP	831	27628	A	0	0	27607	37.9520773716811
A_MP	832	27595	T	0	0	27565	37.6744422274624
A_MP	833	27162	T	0	0	27139	38.066104130587
A_MP	834	27231	G	0	0	27218	38.0447497979278
A_MP	835	27088	T	0	0	27037	37.8668861190221
A_MP	836	26974	G	0	0	26945	37.7066246056782
A_MP	837	26956	G	0	0	26933	37.6192032079605
A_MP	838	26417	A	0	0	26398	37.8815440563679
A_MP	839	26447	T	1	0	26424	37.8612246442628
A_MP	840	26329	T	1	0	26290	37.8580448839863
A_MP	841	26156	C	1	0	26141	37.7915917524196
A_MP	842	26119	T	1	0	26053	37.9799639197021
A_MP	843	25918	T	1	0	25893	37.3643455760244
A_MP	844	25903	G	1	0	25894	37.8976210705183
A_MP	845	26055	A	1	0	26020	36.9604534973098
A_MP	846	26052	T	1	1	25890	37.0052916183855
A_MP	847	25903	C	1	0	25885	37.1143519412787
A_MP	848	25810	G	2	0	25792	37.8937267369727
A_MP	849	25718	T	2	1	25638	36.9384117325844
A_MP	850	26405	C	4	0	26302	37.3946087749981
A_MP	851	26097	T	5	1	25960	37.9325885978428
A_MP	852	26056	T	4	1	26037	37.8093866420863
A_MP	853	26066	T	5	1	26048	37.876765970516
A_MP	854	26023	T	4	0	26002	37.804938081686
A_MP	855	26370	C	4	1	26359	37.9443074471717
A_MP	856	26253	T	4	1	26213	37.991988707893
A_MP	857	26225	T	3	1	26185	37.9464578957418
A_MP	858	26193	C	3	0	26173	38.0395445688305
A_MP	859	26029	A	1	0	26014	38.2583608826017
A_MP	860	26104	A	0	0	26092	38.208033113598
A_MP	861	26204	A	0	0	26194	38.1362144002443
A_MP	862	26201	T	0	1	26165	38.0070322950506
A_MP	863	26281	G	0	1	26257	37.9252008988079
A_MP	864	26445	C	0	0	26425	37.9285146641438
A_MP	865	26284	A	0	0	26264	38.0257767286019
A_MP	866	26335	T	1	0	26279	37.7542904981164
A_MP	867	26294	T	0	0	26251	37.1390804159842
A_MP	868	26444	T	0	0	26413	37.3024268352705
A_MP	869	26426	A	0	0	26412	37.2147887323944
A_MP	870	26440	T	0	0	26394	36.9122527847238
A_MP	871	26315	C	0	0	26286	37.1365365593852
A_MP	872	26106	G	0	0	26081	37.1816648134657
A_MP	873	25906	T	1	0	25847	36.7861260494448
A_MP	874	25883	C	0	0	25851	36.6424896522378
A_MP	875	25910	G	0	0	25887	37.6035075520532
A_MP	876	26158	C	0	1	26132	37.1314863003214
A_MP	877	27279	C	0	0	27257	37.5612136331951
A_MP	878	27306	T	3	1	27264	37.8671141431925
A_MP	879	27455	T	0	0	27432	37.983960338291
A_MP	880	27481	A	2	0	27465	37.9512470416894
A_MP	881	27499	A	0	0	27312	37.7681971294669
A_MP	882	27676	A	0	0	27652	37.6650875162737
A_MP	883	27661	T	0	0	27640	37.1566570188133
A_MP	884	27334	A	1	0	27252	36.1116982239836
A_MP	885	26646	C	0	0	26628	36.9817860898303
A_MP	886	25626	G	0	0	25610	37.2028114017962
A_MP	887	25768	G	0	0	25749	37.9554934172201
A_MP	888	25618	T	2	0	25587	37.8105678664947
A_MP	889	25555	T	0	0	25512	37.6448338037002
A_MP	890	25536	T	0	0	25517	37.859544617314
A_MP	891	25555	G	0	0	25543	38.1213248248052
A_MP	892	25550	A	3	0	25533	38.0857321897153
A_MP	893	25570	A	0	0	25547	38.1251027517908
A_MP	894	25551	A	0	0	25537	38.0765164271449
A_MP	895	25265	A	1	0	25241	38.0504734360762
A_MP	896	25225	G	1	0	25213	37.8916828620156
A_MP	897	24235	A	0	0	24208	37.8324520819564
A_MP	898	24236	G	1	0	24219	37.1447623766464
A_MP	899	24226	G	0	0	24205	37.5556290022723
A_MP	900	24165	G	0	0	24143	37.3261815018846
A_MP	901	24116	C	0	0	24084	36.8766400930078
A_MP	902	24041	C	0	0	23983	37.3538339657257
A_MP	903	24025	T	5	0	23960	37.487938230384
A_MP	904	24018	T	0	0	23984	36.7903602401601
A_MP	905	24032	C	0	0	24021	36.562091503268
A_MP	906	23989	T	0	0	23976	37.5435435435435
A_MP	907	23970	A	0	0	23892	37.3701657458564
A_MP	908	23938	C	1	0	23791	37.0031944853096
A_MP	909	23438	G	0	0	23417	37.8005295298288
A_MP	910	23422	G	0	0	23413	37.7643189680946
A_MP	911	23160	A	1	0	23142	37.7486388384755
A_MP	912	23027	A	0	0	23007	37.6797496414135
A_MP	913	22791	G	2	0	22782	37.6961636379598
A_MP	914	22434	G	1	0	22421	37.6587128138798
A_MP	915	22054	A	2	0	22034	37.6768630298629
A_MP	916	22017	G	1	0	22004	37.9093801127068
A_MP	917	21611	T	0	0	21558	37.698580573337
A_MP	918	21610	G	0	0	21593	37.5156763766035
A_MP	919	21497	C	1	0	21454	36.7450825020975
A_MP	920	21477	C	0	0	21380	37.3536950420954
A_MP	921	21333	T	0	0	21298	37.7688045825899
A_MP	922	21294	G	0	0	21282	37.6699088431538
A_MP	923	21055	A	0	0	21037	37.6027950753434
A_MP	924	21056	G	0	0	21051	37.676547432426
A_MP	925	20582	T	0	0	20564	37.5691985994943
A_MP	926	20543	C	0	0	20531	37.3344698261166
A_MP	927	20035	T	0	0	19970	37.7755132699049
A_MP	928	19999	A	0	0	19849	37.5726736863318
A_MP	929	19990	T	0	0	19974	37.3868529087814
A_MP	930	19979	G	0	0	19969	37.5081376133006
A_MP	931	19650	A	0	0	19606	37.4518514740386
A_MP	932	19530	G	0	1	19509	37.2666974217028
A_MP	933	17654	G	0	0	17620	37.5
A_MP	934	17583	G	0	0	17555	37.5191683281116
A_MP	935	17380	A	0	0	17350	37.7506628242075
A_MP	936	17214	A	0	1	17176	37.4668723800652
A_MP	937	17207	G	0	0	17180	37.3519208381839
A_MP	938	16928	A	0	1	16891	37.4606595228228
A_MP	939	16923	G	0	0	16877	36.4725365882562
A_MP	940	16585	T	0	1	16564	36.5219753682685
A_MP	941	16375	A	0	1	16348	36.4751651578175
A_MP	942	16333	T	0	0	16270	36.379041180086
A_MP	943	16114	C	0	1	16100	36.8691304347826
A_MP	944	16099	G	1	0	16075	37.5168273716952
A_MP	945	16095	G	0	0	16081	37.4865369069088
A_MP	946	15892	C	0	0	15879	37.2662006423578
A_MP	947	15609	A	1	0	15534	37.6796060254925
A_MP	948	15326	G	0	0	15309	37.490822392057
A_MP	949	15313	G	0	0	15299	37.4423164912739
A_MP	950	15290	A	1	0	15261	37.4118340868881
A_MP	951	15287	A	0	0	15258	37.3452615021628
A_MP	952	15282	C	0	0	15269	37.3251686423472
A_MP	953	14876	A	0	0	14850	37.310505050505
A_MP	954	14873	G	0	0	14860	37.1293405114401
A_MP	955	14862	C	0	0	14840	36.868935309973
A_MP	956	14814	A	0	0	14795	37.0957755998648
A_MP	957	14807	G	0	0	14794	37.1378261457348
A_MP	958	13315	A	0	0	13296	37.3180655836342
A_MP	959	13315	G	0	0	13300	37.2570676691729
A_MP	960	13219	T	0	0	13189	37.215937523694
A_MP	961	12955	G	0	0	12947	36.4024098246698
A_MP	962	12947	C	0	0	12933	36.7063326374391
A_MP	963	12239	T	0	0	12216	37.2769318925999
A_MP	964	12239	G	0	0	12235	37.318430731508
A_MP	965	12183	T	0	0	12161	36.9672724282543
A_MP	966	12113	G	0	0	12100	36.6590909090909
A_MP	967	12085	G	0	0	12077	36.7775937732881
A_MP	968	11092	A	0	1	11067	37.158850637029
A_MP	969	11059	T	0	0	11048	37.0927769732078
A_MP	970	10541	G	0	0	10529	37.0211795992022
A_MP	971	9895	T	0	0	9877	36.2983699503898
A_MP	972	9424	T	0	0	9414	37.3850647971107
A_MP	973	9349	G	0	0	9345	37.2843231674692
A_MP	974	9294	A	0	0	9261	37.2251376741173
A_MP	975	9154	C	0	0	9135	36.455610290093
A_MP	976	8982	G	0	0	8973	37.5298116571938
A_MP	977	8878	A	0	0	8861	37.4282812323666
A_MP	978	8851	T	0	0	8843	37.655207508764
A_MP	979	8542	A	0	0	8535	37.6383128295255
A_MP	980	8542	G	0	0	8532	37.6177918424754
A_MP	981	8475	T	0	0	8463	37.365236913624
A_MP	982	8421	C	0	0	8408	37.1516412940057
A_MP	983	8376	A	0	0	8367	37.4289470539022
A_MP	984	8286	T	0	0	8275	37.3989123867069
A_MP	985	8267	T	0	0	8254	37.4637751393264
A_MP	986	8179	T	0	0	8174	37.7558111083925
A_MP	987	8117	T	0	0	8114	37.736997781612
A_MP	988	8108	G	0	0	8100	37.3683950617284
A_MP	989	7886	T	0	0	7867	37.2174907842888
A_MP	990	7876	C	0	0	7862	37.0276011193081
A_MP	991	7757	A	0	0	7734	37.2438582880786
A_MP	992	7741	A	0	0	7718	37.0580461259394
A_MP	993	7736	C	0	0	7728	37.0851449275362
A_MP	994	7699	A	0	0	7695	37.1012345679012
A_MP	995	7698	T	0	0	7682	36.9113512106222
A_MP	996	7178	A	0	0	7162	36.7669645350461
A_MP	997	7162	G	0	0	7155	36.60964360587
A_MP	998	6959	A	0	0	6943	36.3564741466225
A_MP	999	6951	G	0	0	6946	35.9917938381803
A_MP	1000	6936	C	0	0	6910	34.3918958031838
A_MP	1001	5646	T	0	0	5633	37.178590449139
A_MP	1002	5516	G	0	0	5512	36.9624455732946
A_MP	1003	5507	G	0	0	5506	37.1779876498365
A_MP	1004	5480	A	0	0	5476	37.1758582907232
A_MP	1005	5478	G	0	0	5474	37.1753744976251
A_MP	1006	4935	T	0	0	4930	36.3168356997972
A_MP	1007	4898	A	4	0	4893	36.2677294093603
A_MP	1008	4891	A	0	0	4883	36.3241859512595
A_MP	1009	4883	A	0	0	4880	36.5465163934426
A_MP	1010	4882	A	0	0	4876	36.4499589827728
A_MP	1011	4715	A	0	0	4710	36.5433121019108
A_MP	1012	4519	A	0	0	4505	36.1713651498335
A_MP	1013	4489	C	0	0	4455	36.2383838383838
A_MP	1014	3923	T	0	0	3892	36.2307297019527
A_MP	1015	3887	A	0	0	3842	35.595002602811
A_MP	1016	3883	C	0	0	3879	33.6434648105182
A_MP	1017	3770	C	0	0	3766	36.1317047265003
A_MP	1018	3725	T	0	0	3718	33.707100591716
A_MP	1019	3529	T	0	0	3524	35.8714528944381
A_MP	1020	3524	G	0	0	3517	35.6949104350299
A_MP	1021	3454	T	0	0	3448	35.7729118329466
A_MP	1022	3415	T	0	0	3415	35.9282576866764
A_MP	1023	3403	T	0	0	3397	32.9979393582573
A_MP	1024	2976	C	0	0	2974	32.6540013449899
A_MP	1025	2900	T	0	0	2900	32.7389655172414
A_MP	1026	2879	A	0	0	2879	32.3883292810003
A_MP	1027	2877	C	0	0	2877	32.3517553006604
