Reference_Name	Position	Coverage Depth	Consensus	Deletions	Ambiguous	Consensus_Count	Consensus_Average_Quality
A_NA_N3	1	290	G	0	0	290	32.8896551724138
A_NA_N3	2	297	C	0	0	297	33.3501683501684
A_NA_N3	3	301	A	0	0	301	33.6677740863787
A_NA_N3	4	329	A	0	0	328	34.0884146341463
A_NA_N3	5	360	A	0	0	360	34.5777777777778
A_NA_N3	6	368	A	0	0	368	36.0135869565217
A_NA_N3	7	383	G	1	0	383	35.9295039164491
A_NA_N3	8	388	C	0	0	388	35.9845360824742
A_NA_N3	9	388	A	0	0	388	36.1701030927835
A_NA_N3	10	486	G	0	0	485	35.1360824742268
A_NA_N3	11	538	G	0	0	538	33.4033457249071
A_NA_N3	12	564	T	0	0	560	34.3339285714286
A_NA_N3	13	566	G	0	0	566	35.2844522968198
A_NA_N3	14	566	C	0	0	557	35.6660682226212
A_NA_N3	15	566	G	0	0	566	35.595406360424
A_NA_N3	16	582	A	0	0	581	34.92082616179
A_NA_N3	17	611	G	0	0	610	35.744262295082
A_NA_N3	18	612	A	0	0	610	35.7704918032787
A_NA_N3	19	612	T	0	0	611	35.8363338788871
A_NA_N3	20	621	G	0	0	621	36.6618357487923
A_NA_N3	21	623	A	0	0	622	36.8697749196141
A_NA_N3	22	705	A	0	0	701	36.7047075606277
A_NA_N3	23	706	T	0	0	705	37.2127659574468
A_NA_N3	24	707	C	0	0	707	37.1923620933522
A_NA_N3	25	708	C	0	0	708	37.1468926553672
A_NA_N3	26	715	A	0	0	715	37.3622377622378
A_NA_N3	27	756	A	0	0	756	37.5502645502646
A_NA_N3	28	758	A	0	0	757	37.3698811096433
A_NA_N3	29	789	T	0	0	789	37.3092522179975
A_NA_N3	30	791	C	0	0	788	37.3857868020305
A_NA_N3	31	791	A	0	0	788	37.3984771573604
A_NA_N3	32	837	G	0	0	837	37.3679808841099
A_NA_N3	33	839	A	1	0	837	37.4850657108722
A_NA_N3	34	871	A	1	0	869	37.5028768699655
A_NA_N3	35	1137	G	1	0	1137	36.1706244503078
A_NA_N3	36	1156	A	1	0	1154	35.9428076256499
A_NA_N3	37	1206	T	1	0	1205	36.3601659751037
A_NA_N3	38	1212	A	1	0	1210	36.3570247933884
A_NA_N3	39	1248	A	1	0	1243	36.2976669348351
A_NA_N3	40	1280	T	1	0	1279	37.2361219702893
A_NA_N3	41	1309	A	0	0	1308	37.1666666666667
A_NA_N3	42	1318	A	0	0	1315	37.384030418251
A_NA_N3	43	1430	C	0	0	1429	36.9748075577327
A_NA_N3	44	1434	A	0	0	1433	37.2274947662247
A_NA_N3	45	1436	A	0	0	1435	36.9512195121951
A_NA_N3	46	1453	T	0	0	1451	37.1612680909717
A_NA_N3	47	1456	T	0	0	1455	37.233676975945
A_NA_N3	48	1485	G	0	0	1485	37.386531986532
A_NA_N3	49	1578	G	0	0	1576	36.8965736040609
A_NA_N3	50	1577	T	0	1	1559	36.1744708146248
A_NA_N3	51	1632	G	0	0	1631	35.8700183936235
A_NA_N3	52	1635	T	0	0	1629	36.1062001227747
A_NA_N3	53	2191	G	0	0	2164	35.0281885397412
A_NA_N3	54	2233	G	0	0	2232	35.3508064516129
A_NA_N3	55	2233	T	0	0	2230	35.27533632287
A_NA_N3	56	2399	A	0	0	2396	35.8522537562604
A_NA_N3	57	2399	A	0	0	2397	35.9987484355444
A_NA_N3	58	2746	A	0	0	2737	36.5144318597004
A_NA_N3	59	2754	T	0	0	2754	36.917211328976
A_NA_N3	60	2754	A	0	0	2752	36.7514534883721
A_NA_N3	61	2822	C	0	0	2822	36.9170800850461
A_NA_N3	62	2822	T	0	0	2821	37.0549450549451
A_NA_N3	63	3235	A	0	0	3233	36.866377977111
A_NA_N3	64	3285	C	0	0	3281	36.7765925022859
A_NA_N3	65	3339	T	0	0	3334	36.8824235152969
A_NA_N3	66	3403	C	0	0	3403	37.0596532471349
A_NA_N3	67	3406	T	0	0	3404	37.0846063454759
A_NA_N3	68	3780	A	0	0	3777	37.037595975642
A_NA_N3	69	3782	T	0	0	3777	37.227693936987
A_NA_N3	70	3806	C	0	0	3803	37.2621614514857
A_NA_N3	71	3809	A	0	0	3806	37.3373620599054
A_NA_N3	72	4026	A	0	0	4023	37.2125279642058
A_NA_N3	73	4208	C	0	0	4206	37.3694721825963
A_NA_N3	74	4212	A	0	0	4209	37.3368971252079
A_NA_N3	75	4241	A	0	0	4236	37.0349386213409
A_NA_N3	76	4260	T	0	0	4255	37.4397179788484
A_NA_N3	77	4266	A	0	0	4258	37.6899953029591
A_NA_N3	78	4350	G	0	0	4341	37.2775858097213
A_NA_N3	79	4358	C	0	0	4352	37.2302389705882
A_NA_N3	80	4362	C	0	0	4362	37.5570839064649
A_NA_N3	81	4380	C	0	0	4375	37.6772571428571
A_NA_N3	82	4387	T	0	0	4384	37.807253649635
A_NA_N3	83	4425	T	0	0	4415	37.8516421291053
A_NA_N3	84	4437	C	0	0	4433	37.8120911346718
A_NA_N3	85	4450	T	0	0	4444	37.9743474347435
A_NA_N3	86	4605	C	0	0	4604	37.8477410947003
A_NA_N3	87	4612	A	0	0	4609	37.7402907355175
A_NA_N3	88	4624	T	0	0	4621	37.9790088725384
A_NA_N3	89	4624	T	0	0	4619	37.9703399004113
A_NA_N3	90	4657	G	0	0	4654	37.9654061022776
A_NA_N3	91	4709	G	0	0	4709	37.7184115523466
A_NA_N3	92	4712	A	0	0	4702	37.3090174393875
A_NA_N3	93	4729	A	0	0	4726	37.5751163774862
A_NA_N3	94	4749	T	0	0	4742	37.8171657528469
A_NA_N3	95	4750	T	0	0	4742	37.9894559257697
A_NA_N3	96	4762	G	0	0	4761	37.9794160890569
A_NA_N3	97	4764	G	0	0	4762	37.6787064258715
A_NA_N3	98	4770	G	0	0	4754	37.4453092132941
A_NA_N3	99	4772	A	0	0	4757	37.3849064536473
A_NA_N3	100	4795	A	0	0	4793	38.0327561026497
A_NA_N3	101	4894	C	0	0	4891	37.1375996728685
A_NA_N3	102	4939	C	0	0	4938	37.1549210206561
A_NA_N3	103	4939	T	0	0	4934	38.0058775841103
A_NA_N3	104	4984	G	0	0	4982	38.0293054997993
A_NA_N3	105	5122	A	0	0	5118	37.8475967174678
A_NA_N3	106	5127	T	1	0	5120	38.0099609375
A_NA_N3	107	5423	A	0	0	5417	37.6736200849179
A_NA_N3	108	5436	T	0	0	5435	37.9284268629255
A_NA_N3	109	5439	T	0	0	5437	37.9245907669671
A_NA_N3	110	5456	C	1	0	5452	37.8787600880411
A_NA_N3	111	5458	A	0	0	5425	37.8387096774194
A_NA_N3	112	5478	A	0	0	5470	38.0129798903108
A_NA_N3	113	5482	C	0	0	5476	37.9967129291454
A_NA_N3	114	5482	A	0	0	5475	38.2105936073059
A_NA_N3	115	5634	C	0	0	5626	36.9029505865624
A_NA_N3	116	5649	C	0	0	5645	36.5371124889283
A_NA_N3	117	5815	G	0	0	5811	36.8256754431251
A_NA_N3	118	5867	T	0	0	5835	37.4390745501285
A_NA_N3	119	5873	C	0	0	5867	36.9635247997273
A_NA_N3	120	5897	A	0	0	5888	37.183254076087
A_NA_N3	121	5900	T	0	0	5898	37.8257036283486
A_NA_N3	122	5904	A	0	0	5903	38.1650008470269
A_NA_N3	123	5933	C	0	0	5932	38.1911665542819
A_NA_N3	124	5933	A	0	0	5925	37.9125738396624
A_NA_N3	125	5995	T	0	0	5994	38.1931931931932
A_NA_N3	126	6024	G	0	0	6020	37.9038205980066
A_NA_N3	127	6079	A	0	1	6063	37.7583704436747
A_NA_N3	128	6175	G	0	0	6170	37.590113452188
A_NA_N3	129	6208	A	0	0	6204	37.6299161831077
A_NA_N3	130	6227	A	0	0	6222	37.8161362905818
A_NA_N3	131	6248	A	0	0	6246	37.8320525136087
A_NA_N3	132	6272	A	0	0	6266	37.8842962017236
A_NA_N3	133	6277	T	0	0	6270	37.8030303030303
A_NA_N3	134	6274	A	0	0	6271	38.0794131717429
A_NA_N3	135	6278	G	1	0	6276	37.5331421287444
A_NA_N3	136	6277	G	0	0	6266	36.8680178742419
A_NA_N3	137	6280	G	0	0	6264	36.6511813537676
A_NA_N3	138	6278	A	1	0	6258	37.5255672738894
A_NA_N3	139	6281	G	0	0	6273	36.7473298262394
A_NA_N3	140	6308	C	0	0	6299	36.6837593268773
A_NA_N3	141	6317	C	0	0	6306	36.9719314938154
A_NA_N3	142	6342	A	0	0	6327	38.001738580686
A_NA_N3	143	6501	C	0	0	6495	38.0090839107005
A_NA_N3	144	6506	C	0	0	6500	37.9653846153846
A_NA_N3	145	6561	A	0	0	6555	38.0662090007628
A_NA_N3	146	6580	A	0	0	6572	37.7594339622642
A_NA_N3	147	6589	A	0	0	6583	37.6808445997266
A_NA_N3	148	6680	A	0	0	6677	37.6652688333084
A_NA_N3	149	6679	T	0	0	6671	38.1155748763304
A_NA_N3	150	6973	G	0	0	6968	37.8167336394948
A_NA_N3	151	6944	T	0	0	6915	37.2247288503254
A_NA_N3	152	6950	A	0	0	6940	37.6975504322767
A_NA_N3	153	7063	G	0	0	7057	37.5787161683435
A_NA_N3	154	7063	T	0	0	7050	37.113475177305
A_NA_N3	155	7123	A	0	0	7117	37.8017423071519
A_NA_N3	156	7119	T	0	0	7112	37.7866985376828
A_NA_N3	157	7152	A	0	0	7143	37.8965420691586
A_NA_N3	158	7224	C	0	0	7219	37.8799002631944
A_NA_N3	159	7200	C	0	0	7191	37.8297872340426
A_NA_N3	160	7160	C	0	0	7154	37.8581213307241
A_NA_N3	161	7180	A	0	0	7174	37.9428491775857
A_NA_N3	162	7178	A	0	0	7172	37.8742331288344
A_NA_N3	163	7295	C	0	0	7288	37.1864709110867
A_NA_N3	164	7310	G	0	0	7304	37.2212486308872
A_NA_N3	165	7336	A	0	0	7325	37.2110580204778
A_NA_N3	166	7348	T	0	0	7341	37.720474049857
A_NA_N3	167	7350	A	0	0	7347	37.1445487954267
A_NA_N3	168	7341	A	0	0	7324	37.2887766247952
A_NA_N3	169	7416	C	0	0	7415	37.8964261631827
A_NA_N3	170	7512	A	0	0	7496	37.8732657417289
A_NA_N3	171	7626	C	0	0	7624	37.7725603357817
A_NA_N3	172	7648	C	0	0	7638	36.8901544907044
A_NA_N3	173	7648	T	1	0	7624	37.4573714585519
A_NA_N3	174	7663	C	0	0	7655	37.6884389288047
A_NA_N3	175	7686	C	0	0	7677	37.7243714992836
A_NA_N3	176	7684	A	0	0	7674	38.0538180870472
A_NA_N3	177	7700	G	0	0	7695	37.9281351526966
A_NA_N3	178	7675	T	1	0	7645	37.4272073250491
A_NA_N3	179	7678	G	1	0	7671	37.5687654803807
A_NA_N3	180	7653	G	0	0	7642	37.152839570793
A_NA_N3	181	7642	C	0	0	7632	36.7034853249476
A_NA_N3	182	7673	A	0	0	7654	37.740266527306
A_NA_N3	183	7708	C	37	0	7701	37.9535125308402
A_NA_N3	184	7733	C	0	0	7727	37.271256632587
A_NA_N3	185	7775	C	0	0	7769	37.2763547432102
A_NA_N3	186	7785	A	0	0	7780	37.4912596401028
A_NA_N3	187	7831	A	0	0	7825	37.9042811501597
A_NA_N3	188	7817	T	0	0	7808	37.9235399590164
A_NA_N3	189	7827	T	0	0	7818	37.8568687643899
A_NA_N3	190	7822	G	0	0	7812	37.8608550947261
A_NA_N3	191	7846	C	0	0	7837	37.8937093275488
A_NA_N3	192	7834	A	0	0	7821	38.1048459276307
A_NA_N3	193	7866	G	0	0	7863	37.922675823477
A_NA_N3	194	7744	T	0	0	7713	37.3294437961883
A_NA_N3	195	7759	G	0	0	7755	37.5744680851064
A_NA_N3	196	7764	A	0	0	7757	37.8884878174552
A_NA_N3	197	7867	C	0	0	7859	37.9218730118336
A_NA_N3	198	7881	A	0	0	7864	37.9406154628688
A_NA_N3	199	8182	C	0	0	8178	37.7784299339692
A_NA_N3	200	8159	C	0	0	8154	37.2393917095904
A_NA_N3	201	8164	A	0	0	8151	37.8275058275058
A_NA_N3	202	8346	T	0	0	8343	37.8802588996764
A_NA_N3	203	8355	A	0	0	8350	37.8785628742515
A_NA_N3	204	8321	A	0	0	8313	37.8175147359557
A_NA_N3	205	8321	T	1	0	8317	37.8303474810629
A_NA_N3	206	8285	T	0	0	8280	37.7492753623188
A_NA_N3	207	8460	A	0	0	8451	37.8104366347178
A_NA_N3	208	8222	C	0	0	8219	37.9059496289086
A_NA_N3	209	8235	A	0	0	8229	37.9293960384008
A_NA_N3	210	8514	T	0	0	8504	37.656632173095
A_NA_N3	211	8454	A	0	0	8449	37.7527518049473
A_NA_N3	212	8996	C	0	0	8989	37.569807542552
A_NA_N3	213	8950	A	1	0	8943	37.4618137090462
A_NA_N3	214	8736	A	0	0	8728	37.5341429880843
A_NA_N3	215	8715	C	0	0	8712	37.4902433425161
A_NA_N3	216	8627	A	0	0	8624	37.367926716141
A_NA_N3	217	8690	A	0	0	8683	37.2282621213866
A_NA_N3	218	8563	C	0	0	8558	37.146529562982
A_NA_N3	219	8482	A	0	0	8461	37.2503250206831
A_NA_N3	220	8364	C	0	0	8362	37.021884716575
A_NA_N3	221	8145	T	0	0	8138	37.7296633079381
A_NA_N3	222	8587	G	0	0	8576	37.6329291044776
A_NA_N3	223	8567	T	0	0	8540	37.2354800936768
A_NA_N3	224	8604	G	0	0	8597	37.4936605792718
A_NA_N3	225	8646	A	0	0	8619	37.5599257454461
A_NA_N3	226	8600	T	0	0	8591	37.7015481317658
A_NA_N3	227	8623	A	1	0	8618	37.7852169877002
A_NA_N3	228	8623	A	0	0	8615	37.6312246082414
A_NA_N3	229	8569	A	0	0	8555	37.8395090590298
A_NA_N3	230	8692	C	0	0	8689	37.8789273794453
A_NA_N3	231	8548	A	0	0	8543	37.9246166452066
A_NA_N3	232	8697	A	0	0	8690	37.6242807825086
A_NA_N3	233	8821	C	0	0	8810	37.749829738933
A_NA_N3	234	8812	A	0	0	8802	37.9313792319927
A_NA_N3	235	8861	T	0	0	8858	38.0097087378641
A_NA_N3	236	8886	A	0	0	8881	37.9254588447247
A_NA_N3	237	8814	A	0	0	8805	38.0340715502555
A_NA_N3	238	8918	C	0	0	8913	38.0465612027376
A_NA_N3	239	8877	A	0	0	8873	38.0228783951313
A_NA_N3	240	8880	A	0	0	8876	38.0011266336187
A_NA_N3	241	8921	C	0	0	8913	37.8957702232694
A_NA_N3	242	8895	A	0	0	8893	37.8515686494996
A_NA_N3	243	8911	A	0	0	8903	37.7842300348197
A_NA_N3	244	9053	C	0	0	9041	37.856984846809
A_NA_N3	245	9063	A	0	0	9048	37.7676834659593
A_NA_N3	246	9362	G	0	0	9355	37.7459112773918
A_NA_N3	247	9364	T	0	0	9336	37.3302270779777
A_NA_N3	248	9366	A	0	0	9363	37.7879953006515
A_NA_N3	249	9376	A	0	0	9368	37.8601622544833
A_NA_N3	250	9353	T	0	0	9346	37.8859405093088
A_NA_N3	251	9464	A	0	0	9446	37.967393605759
A_NA_N3	252	9458	G	0	0	9450	37.7432804232804
A_NA_N3	253	9354	C	0	0	9292	37.6662720619888
A_NA_N3	254	9297	T	0	0	9281	37.8517401142118
A_NA_N3	255	9276	G	0	0	9264	37.7969559585492
A_NA_N3	256	9303	A	0	0	9296	37.9868760757315
A_NA_N3	257	9306	A	0	0	9291	38.1462705844366
A_NA_N3	258	9251	G	0	0	9242	37.5473923393205
A_NA_N3	259	9247	C	0	0	9238	37.7930287941113
A_NA_N3	260	9204	A	0	1	9194	38.0895149010224
A_NA_N3	261	9207	G	0	0	9199	37.8613979780411
A_NA_N3	262	9207	A	0	0	9168	37.7885034904014
A_NA_N3	263	9242	G	0	0	9239	37.6252841216582
A_NA_N3	264	9249	A	0	0	9239	38.0060612620413
A_NA_N3	265	9342	G	0	0	9333	37.1796849887496
A_NA_N3	266	9305	G	0	0	9295	37.0954276492738
A_NA_N3	267	9245	C	0	0	9241	37.2520290011903
A_NA_N3	268	9253	A	0	0	9234	37.4312324019926
A_NA_N3	269	9401	T	2	0	9398	38.0267078101724
A_NA_N3	270	9422	T	0	0	9414	37.9959634586786
A_NA_N3	271	9409	T	0	0	9406	37.9701254518393
A_NA_N3	272	9396	C	0	0	9388	37.7648061354921
A_NA_N3	273	9387	A	0	0	9375	38.1025066666667
A_NA_N3	274	9410	A	0	0	9392	38.02949318569
A_NA_N3	275	9417	G	0	0	9411	37.5807034321539
A_NA_N3	276	9395	C	2	0	9387	37.2164695855971
A_NA_N3	277	9408	C	0	0	9401	36.9384108073609
A_NA_N3	278	9349	C	0	0	9341	37.475645005888
A_NA_N3	279	9393	T	0	0	9368	37.6936379163108
A_NA_N3	280	9459	C	0	0	9451	37.5875568722886
A_NA_N3	281	9461	A	0	0	9450	37.9164021164021
A_NA_N3	282	9497	C	0	0	9486	37.5047438330171
A_NA_N3	283	9480	T	0	0	9471	37.489071903706
A_NA_N3	284	9594	G	0	0	9584	37.1717445742905
A_NA_N3	285	9684	C	0	0	9666	37.0057935030002
A_NA_N3	286	9897	C	0	0	9884	37.158437879401
A_NA_N3	287	9945	C	0	0	9931	37.236632766086
A_NA_N3	288	9922	C	0	0	9917	37.1165675103358
A_NA_N3	289	9886	T	0	0	9871	37.6043967176578
A_NA_N3	290	9954	A	0	0	9951	37.290423073058
A_NA_N3	291	9951	T	0	0	9941	37.7500251483754
A_NA_N3	292	9951	G	0	0	9946	37.7148602453248
A_NA_N3	293	9901	C	0	0	9886	37.570807202104
A_NA_N3	294	9853	C	0	0	9839	37.5545278991767
A_NA_N3	295	9705	C	0	0	9698	37.7224169931945
A_NA_N3	296	9804	A	0	0	9796	37.9662106982442
A_NA_N3	297	9853	T	0	0	9848	37.890536149472
A_NA_N3	298	9844	T	0	0	9839	37.8791543856083
A_NA_N3	299	9799	C	0	0	9794	37.9704921380437
A_NA_N3	300	9762	A	0	1	9741	38.0444512883687
A_NA_N3	301	9640	G	0	0	9637	38.0087164055204
A_NA_N3	302	9642	A	0	0	9622	37.6853045104968
A_NA_N3	303	9648	G	0	0	9647	37.9553228983104
A_NA_N3	304	9665	G	0	0	9663	37.3819724723171
A_NA_N3	305	9645	T	0	0	9586	36.8614646359274
A_NA_N3	306	9656	T	0	0	9641	37.511565190333
A_NA_N3	307	9675	T	0	0	9671	37.8060179919347
A_NA_N3	308	9621	C	0	0	9609	37.8065355395983
A_NA_N3	309	9638	T	0	0	9616	38.0462770382696
A_NA_N3	310	9672	T	0	0	9656	38.0022783761392
A_NA_N3	311	9666	T	0	0	9652	37.9229175300456
A_NA_N3	312	9662	C	1	0	9660	37.6108695652174
A_NA_N3	313	9584	C	0	0	9573	37.7923326021101
A_NA_N3	314	9562	C	0	0	9551	37.9870170662758
A_NA_N3	315	9557	T	2	0	9539	38.0415137855121
A_NA_N3	316	9583	T	0	0	9578	38.0598245980372
A_NA_N3	317	9606	T	0	0	9596	38.0063568153397
A_NA_N3	318	10001	C	0	0	9997	37.8328498549565
A_NA_N3	319	10005	A	0	0	9996	37.8939575830332
A_NA_N3	320	10121	C	0	0	10117	38.0510032618365
A_NA_N3	321	10105	A	1	0	10096	38.0631933438986
A_NA_N3	322	10061	A	1	0	10054	37.8882037000199
A_NA_N3	323	10121	A	1	0	10107	37.8261600870684
A_NA_N3	324	10189	G	1	0	10180	37.6515717092338
A_NA_N3	325	10232	A	1	0	10213	37.7998629198081
A_NA_N3	326	10244	C	1	0	10235	37.8797264289204
A_NA_N3	327	9983	A	1	0	9972	38.1400922583233
A_NA_N3	328	10302	A	1	0	10287	37.7491980169146
A_NA_N3	329	10324	T	1	0	10319	37.7398003682527
A_NA_N3	330	10377	G	1	0	10365	37.6465026531597
A_NA_N3	331	10735	C	1	0	10728	37.6580909768829
A_NA_N3	332	10659	A	1	0	10649	37.8823363696122
A_NA_N3	333	10668	A	1	0	10656	37.8667417417417
A_NA_N3	334	10640	T	1	0	10634	37.8397592627421
A_NA_N3	335	10837	A	1	0	10821	37.3394325847888
A_NA_N3	336	10797	C	1	0	10793	37.6654312980636
A_NA_N3	337	10666	G	1	0	10663	37.6534746319047
A_NA_N3	338	10722	A	1	0	10697	37.0642236140974
A_NA_N3	339	10727	C	0	0	10719	37.1182013247504
A_NA_N3	340	10465	T	0	0	10457	36.9037008702305
A_NA_N3	341	10522	G	1	0	10517	37.4742797375677
A_NA_N3	342	10646	G	0	0	10632	37.6176636568849
A_NA_N3	343	10659	G	0	0	10650	37.8398122065728
A_NA_N3	344	10647	T	0	0	10595	37.2761680037754
A_NA_N3	345	10644	G	0	0	10640	37.1800751879699
A_NA_N3	346	10587	A	1	0	10563	37.7212912998201
A_NA_N3	347	10782	G	2	0	10772	37.8633494244337
A_NA_N3	348	10792	A	1	0	10772	37.9138507240995
A_NA_N3	349	10808	A	1	0	10790	38.0287303058387
A_NA_N3	350	10691	C	1	0	10681	38.0604812283494
A_NA_N3	351	10551	A	1	0	10544	38.0606031866464
A_NA_N3	352	10563	A	1	0	10533	38.0184183043767
A_NA_N3	353	10508	A	1	0	10484	37.7899656619611
A_NA_N3	354	10688	G	1	0	10681	37.9001966108042
A_NA_N3	355	10767	A	1	0	10756	37.6387132763109
A_NA_N3	356	10602	T	1	0	10591	37.8635634028892
A_NA_N3	357	10690	G	1	0	10686	37.9913906045293
A_NA_N3	358	10611	T	1	0	10586	37.7866994143208
A_NA_N3	359	10619	A	2	0	10611	37.9797380077278
A_NA_N3	360	10624	A	2	0	10613	37.9126542919062
A_NA_N3	361	10567	T	1	0	10562	38.0110774474531
A_NA_N3	362	10602	A	0	0	10592	37.9968844410876
A_NA_N3	363	10454	G	1	0	10447	37.8071216617211
A_NA_N3	364	10334	T	2	0	10308	37.5231858750485
A_NA_N3	365	10301	C	1	0	10290	37.7337220602527
A_NA_N3	366	10254	A	1	0	10236	37.7466783899961
A_NA_N3	367	10347	C	1	0	10342	37.9732160123767
A_NA_N3	368	10341	A	1	0	10332	38.0692992644212
A_NA_N3	369	10357	A	1	0	10343	37.8884269554288
A_NA_N3	370	10368	G	1	0	10360	37.8395752895753
A_NA_N3	371	10305	G	0	0	10299	37.5088843577046
A_NA_N3	372	10295	G	0	0	10288	37.0904937791602
A_NA_N3	373	10341	A	0	0	10309	37.3384421379377
A_NA_N3	374	10529	A	0	0	10499	37.4023240308601
A_NA_N3	375	10929	C	0	0	10919	37.2085355801813
A_NA_N3	376	10869	C	0	0	10854	37.3348074442602
A_NA_N3	377	11056	T	0	0	11038	37.632179742707
A_NA_N3	378	11067	T	1	0	11061	37.7984811499864
A_NA_N3	379	11143	A	2	0	11137	37.6597827062943
A_NA_N3	380	11231	T	0	0	11223	37.7364341085271
A_NA_N3	381	11184	A	0	0	11177	37.6141182786079
A_NA_N3	382	11205	T	4	0	11188	37.6353235609582
A_NA_N3	383	10959	T	0	0	10953	37.7787820688396
A_NA_N3	384	10623	A	0	0	10614	37.7585264744677
A_NA_N3	385	10630	G	0	0	10624	37.5020707831325
A_NA_N3	386	10566	T	0	0	10534	37.6728688057718
A_NA_N3	387	10673	T	0	0	10666	37.831895743484
A_NA_N3	388	10736	G	0	0	10730	38.0676607642125
A_NA_N3	389	10656	T	0	0	10624	37.5197665662651
A_NA_N3	390	10699	G	0	0	10692	37.441545080434
A_NA_N3	391	10754	A	0	0	10746	37.9102922017495
A_NA_N3	392	10743	T	0	0	10736	38.0107116244411
A_NA_N3	393	10723	A	0	0	10718	38.097872737451
A_NA_N3	394	10713	A	0	0	10703	38.0030832476876
A_NA_N3	395	10681	T	0	0	10671	38.0130259582045
A_NA_N3	396	10760	G	0	0	10751	38.1103153195052
A_NA_N3	397	10695	A	0	0	10672	37.9879122938531
A_NA_N3	398	10610	T	0	0	10605	38.0827911362565
A_NA_N3	399	10607	G	0	0	10604	38.1654092795172
A_NA_N3	400	10572	A	0	0	10558	38.0121235082402
A_NA_N3	401	10625	T	1	0	10619	37.9196722855259
A_NA_N3	402	10591	T	0	0	10581	37.9733484547774
A_NA_N3	403	10580	G	0	0	10576	37.893343419062
A_NA_N3	404	10556	C	0	0	10543	37.7865882576117
A_NA_N3	405	10507	T	0	0	10485	37.9216976633286
A_NA_N3	406	10555	G	2	0	10533	37.9674356783443
A_NA_N3	407	10601	G	0	0	10584	37.7585034013605
A_NA_N3	408	10628	T	1	0	10597	37.1849580069831
A_NA_N3	409	10667	C	1	0	10643	37.7460302546275
A_NA_N3	410	10603	T	4	0	10589	37.9490981206913
A_NA_N3	411	10607	T	1	0	10593	37.941093174738
A_NA_N3	412	10654	T	1	0	10640	37.6428571428571
A_NA_N3	413	10663	T	1	0	10658	37.6650403452805
A_NA_N3	414	10665	G	1	0	10659	37.5207805610282
A_NA_N3	415	10581	C	2	0	10563	37.2773833191328
A_NA_N3	416	10590	C	1	0	10578	37.1773492153526
A_NA_N3	417	10541	C	1	0	10535	37.3667774086379
A_NA_N3	418	10505	T	1	0	10486	37.1462902918177
A_NA_N3	419	10600	C	1	0	10587	37.3642202701426
A_NA_N3	420	10623	G	0	0	10613	37.2570432488458
A_NA_N3	421	10671	C	1	0	10660	37.0163227016886
A_NA_N3	422	10671	C	0	0	10661	37.3085076446862
A_NA_N3	423	10685	C	0	0	10672	37.3889617691154
A_NA_N3	424	10679	A	0	0	10609	37.478744462249
A_NA_N3	425	10664	A	0	0	10642	37.4914489757564
A_NA_N3	426	10674	G	0	0	10667	37.1222461798069
A_NA_N3	427	10775	G	0	0	10757	36.3526076043507
A_NA_N3	428	10668	G	0	0	10654	36.1211751454853
A_NA_N3	429	10686	G	1	0	10673	36.9386301883257
A_NA_N3	430	10637	C	1	0	10617	35.9908637091457
A_NA_N3	431	10618	C	0	0	10599	36.4651382205868
A_NA_N3	432	10727	C	0	0	10711	36.7943235925684
A_NA_N3	433	10711	T	0	0	10700	37.5741121495327
A_NA_N3	434	10844	A	0	0	10833	37.6033416412813
A_NA_N3	435	10674	C	0	0	10662	37.0926655411743
A_NA_N3	436	10595	T	1	0	10586	37.5189873417722
A_NA_N3	437	10598	G	5	0	10592	37.6496412386707
A_NA_N3	438	10539	G	0	0	10529	37.5427865894197
A_NA_N3	439	10702	G	0	0	10687	37.2171797510995
A_NA_N3	440	10737	G	0	0	10731	37.0711956015283
A_NA_N3	441	10646	A	0	0	10630	37.2191909689558
A_NA_N3	442	10651	C	0	0	10644	37.1482525366404
A_NA_N3	443	10521	T	0	0	10513	37.908399124893
A_NA_N3	444	10707	A	0	0	10702	37.8540459727154
A_NA_N3	445	10708	A	0	0	10704	37.7982997010463
A_NA_N3	446	10768	A	0	0	10759	37.7860395947579
A_NA_N3	447	10720	C	0	0	10709	37.6714912690261
A_NA_N3	448	10528	A	0	0	10508	37.5504377617054
A_NA_N3	449	10581	C	0	0	10571	37.8792924037461
A_NA_N3	450	10514	A	0	0	10494	37.632742519535
A_NA_N3	451	10669	G	1	0	10661	37.6950567488979
A_NA_N3	452	10782	C	0	0	10768	37.5612927191679
A_NA_N3	453	10645	A	0	0	10634	37.7441226255407
A_NA_N3	454	10665	A	0	0	10663	37.7441620557066
A_NA_N3	455	10587	T	0	0	10582	37.9636174636175
A_NA_N3	456	10587	G	1	0	10576	37.911308623298
A_NA_N3	457	10661	G	0	0	10652	37.6761171610965
A_NA_N3	458	10635	G	0	0	10627	37.5553778112355
A_NA_N3	459	10631	A	0	0	10596	37.6641185352963
A_NA_N3	460	10606	C	0	0	10593	37.6809213631644
A_NA_N3	461	10472	T	0	0	10463	37.925164866673
A_NA_N3	462	11491	A	0	0	11485	37.4434479756204
A_NA_N3	463	11473	T	0	0	11463	37.3835819593475
A_NA_N3	464	11493	C	0	0	11487	37.5027422303474
A_NA_N3	465	11485	A	0	0	11464	37.4633635729239
A_NA_N3	466	11399	A	0	0	11389	37.1716568618843
A_NA_N3	467	11500	G	0	0	11492	37.4554472676645
A_NA_N3	468	11533	G	0	0	11525	37.2876355748373
A_NA_N3	469	11368	A	0	0	11354	37.2843050907169
A_NA_N3	470	11414	C	0	0	11404	37.3717116801122
A_NA_N3	471	10715	A	0	0	10699	37.7110010281335
A_NA_N3	472	10789	G	0	0	10778	36.9640007422527
A_NA_N3	473	10855	A	0	0	10831	37.289354630228
A_NA_N3	474	10925	A	0	0	10903	36.9203888837934
A_NA_N3	475	10932	C	0	0	10925	36.8215102974828
A_NA_N3	476	10888	A	0	0	10834	36.8612700756876
A_NA_N3	477	11650	C	0	0	11642	37.1532382752104
A_NA_N3	478	11490	C	0	0	11477	36.6798815021347
A_NA_N3	479	11696	C	0	0	11679	36.8225019265348
A_NA_N3	480	11663	T	0	0	11649	37.2653446647781
A_NA_N3	481	11807	A	0	0	11798	37.0550093236142
A_NA_N3	482	11667	T	0	0	11659	37.3785058752895
A_NA_N3	483	11543	A	0	0	11543	37.2494152300095
A_NA_N3	484	11558	G	0	0	11549	37.4271365486189
A_NA_N3	485	11494	A	0	0	11489	37.2219514318043
A_NA_N3	486	10943	T	0	0	10928	37.3745424597365
A_NA_N3	487	10900	C	0	0	10890	37.4058769513315
A_NA_N3	488	10691	A	0	0	10661	37.4034330738205
A_NA_N3	489	11095	C	0	0	11082	37.5535101967154
A_NA_N3	490	11019	T	0	0	11013	37.679288114047
A_NA_N3	491	11182	G	0	0	11172	37.6740064446831
A_NA_N3	492	11197	A	0	0	11183	37.1672180989001
A_NA_N3	493	11133	T	1	0	11129	37.4467607152485
A_NA_N3	494	11145	T	0	0	11139	37.8086901876291
A_NA_N3	495	11094	A	1	1	11089	37.7078185589323
A_NA_N3	496	11123	G	0	1	11118	37.4723871199856
A_NA_N3	497	11230	G	0	1	11221	37.3955975403262
A_NA_N3	498	11007	T	1	1	10982	37.2664359861592
A_NA_N3	499	11050	T	0	0	11040	37.4213768115942
A_NA_N3	500	11093	C	1	1	11090	37.2518485121731
A_NA_N3	501	11099	C	0	0	11091	37.3325218645749
A_NA_N3	502	11333	C	0	1	11323	37.495010156319
A_NA_N3	503	11477	A	0	0	11467	37.5419028516613
A_NA_N3	504	11499	A	0	0	11485	37.3390509360035
A_NA_N3	505	11492	T	0	1	11489	37.7125076159805
A_NA_N3	506	11377	A	1	0	11355	37.5899603698811
A_NA_N3	507	11393	G	2	0	11390	37.6941176470588
A_NA_N3	508	11454	G	0	0	11445	37.3464394932285
A_NA_N3	509	11442	G	0	0	11434	37.3201854119293
A_NA_N3	510	11375	A	1	0	11338	37.2111483506791
A_NA_N3	511	11365	C	0	0	11355	36.9138705416116
A_NA_N3	512	11164	A	0	0	11134	37.0078139033591
A_NA_N3	513	11402	G	0	1	11399	36.8954294236337
A_NA_N3	514	12148	C	0	0	12133	36.9173328937608
A_NA_N3	515	12158	T	0	0	12128	36.944426121372
A_NA_N3	516	12182	C	0	0	12165	37.1840526099466
A_NA_N3	517	12056	C	0	0	12047	37.3530339503611
A_NA_N3	518	12043	A	0	0	12020	37.2178868552413
A_NA_N3	519	12453	G	0	0	12448	37.3440713367609
A_NA_N3	520	12770	T	0	0	12746	36.8910246351797
A_NA_N3	521	12801	A	0	0	12789	36.954257565095
A_NA_N3	522	12779	C	0	0	12768	37.34335839599
A_NA_N3	523	12018	T	0	0	12007	37.6817689681019
A_NA_N3	524	12163	A	0	0	12142	37.6067369461374
A_NA_N3	525	12115	G	0	0	12110	37.7008257638315
A_NA_N3	526	11992	G	0	0	11988	37.5860860860861
A_NA_N3	527	11983	T	0	1	11921	36.3555909739116
A_NA_N3	528	11720	A	1	0	11715	37.3428083653436
A_NA_N3	529	12497	A	0	0	12487	37.1797869784576
A_NA_N3	530	12585	T	0	0	12577	37.4575017889799
A_NA_N3	531	12542	T	0	0	12533	37.5650682198995
A_NA_N3	532	12593	A	0	0	12585	37.5673420738975
A_NA_N3	533	12517	T	0	0	12508	37.5551646945955
A_NA_N3	534	12562	A	3	0	12551	37.7408174647438
A_NA_N3	535	12510	A	0	0	12485	37.6334801762115
A_NA_N3	536	12530	G	0	0	12522	37.5828941063728
A_NA_N3	537	12539	G	0	0	12529	37.2899672759199
A_NA_N3	538	12115	A	0	0	12101	37.4208743079084
A_NA_N3	539	12324	G	0	0	12321	37.351513675838
A_NA_N3	540	12340	A	0	0	12284	37.0924780201889
A_NA_N3	541	12360	T	0	0	12347	37.6275208552685
A_NA_N3	542	12410	C	0	0	12398	37.7531053395709
A_NA_N3	543	12386	T	0	0	12380	37.9267366720517
A_NA_N3	544	12706	G	0	0	12696	37.5967233774417
A_NA_N3	545	12702	T	0	0	12661	37.4289550588421
A_NA_N3	546	12711	G	0	0	12705	37.6693427784337
A_NA_N3	547	12676	T	1	0	12656	37.7368046776233
A_NA_N3	548	12514	T	0	0	12502	37.728203487442
A_NA_N3	549	12556	G	0	0	12550	37.4054980079681
A_NA_N3	550	12578	C	0	0	12565	37.641862315957
A_NA_N3	551	12606	T	1	0	12592	37.7656448538755
A_NA_N3	552	12598	T	0	0	12591	38.032642363593
A_NA_N3	553	12505	G	0	0	12497	38.0316075858206
A_NA_N3	554	12807	G	0	0	12796	37.1609878086902
A_NA_N3	555	12810	T	0	0	12781	37.7327282685236
A_NA_N3	556	12785	C	0	0	12772	37.8384747886001
A_NA_N3	557	12789	A	0	0	12775	37.8958121330724
A_NA_N3	558	12836	A	0	0	12814	37.6626346183861
A_NA_N3	559	12850	G	0	0	12844	37.8962939894114
A_NA_N3	560	12885	T	0	0	12848	37.2771637608966
A_NA_N3	561	12877	A	0	0	12863	37.6589442587266
A_NA_N3	562	12863	G	0	0	12857	37.7101967799642
A_NA_N3	563	12789	C	0	0	12700	37.804094488189
A_NA_N3	564	12751	A	0	0	12733	37.9055210869395
A_NA_N3	565	12767	G	0	0	12756	37.9144716211979
A_NA_N3	566	12719	C	0	0	12706	37.8077286321423
A_NA_N3	567	12667	T	0	0	12653	37.9012882320398
A_NA_N3	568	12818	G	0	0	12813	38.1314290174042
A_NA_N3	569	12817	T	0	0	12792	37.5286898061288
A_NA_N3	570	12833	T	0	0	12827	37.7492009043424
A_NA_N3	571	12842	T	0	0	12831	37.9838671966332
A_NA_N3	572	12817	T	0	0	12807	38.1410166315296
A_NA_N3	573	12856	G	0	0	12851	38.0452883044121
A_NA_N3	574	12923	A	1	0	12900	37.0548837209302
A_NA_N3	575	12931	T	1	0	12917	38.092049237439
A_NA_N3	576	13008	G	2	0	13005	38.0981930026913
A_NA_N3	577	12945	G	2	0	12936	37.8366573902288
A_NA_N3	578	12975	G	2	0	12960	37.7842592592593
A_NA_N3	579	13124	A	2	0	13094	37.2995265006873
A_NA_N3	580	13076	A	2	0	13059	37.73941343135
A_NA_N3	581	13163	G	2	0	13152	37.2623175182482
A_NA_N3	582	13353	G	2	0	13344	37.0821342925659
A_NA_N3	583	13278	A	2	0	13244	37.3723950468137
A_NA_N3	584	13343	G	2	0	13329	37.7439417810789
A_NA_N3	585	13380	T	1	0	13358	37.537879922144
A_NA_N3	586	13477	G	1	0	13469	37.6818620536046
A_NA_N3	587	13473	G	1	0	13466	37.2425367592455
A_NA_N3	588	13562	A	1	0	13541	37.6463333579499
A_NA_N3	589	13603	T	0	0	13586	37.6392610039747
A_NA_N3	590	13481	G	0	0	13465	37.546528035648
A_NA_N3	591	13381	C	0	0	13365	37.7823419378975
A_NA_N3	592	13429	A	0	0	13416	37.9460345855695
A_NA_N3	593	13447	T	0	0	13436	38.0774039892825
A_NA_N3	594	13475	G	0	0	13473	38.1507459363171
A_NA_N3	595	13339	T	0	0	13317	37.9639558459112
A_NA_N3	596	13412	T	0	0	13401	37.9483620625326
A_NA_N3	597	13390	T	0	0	13379	38.026833096644
A_NA_N3	598	13397	G	0	0	13386	38.0938293739728
A_NA_N3	599	13579	C	0	0	13570	37.99027266028
A_NA_N3	600	13562	A	0	0	13536	38.0537086288416
A_NA_N3	601	13532	T	0	0	13527	38.1692171213129
A_NA_N3	602	13437	G	0	0	13434	38.2054488610987
A_NA_N3	603	13464	A	0	0	13445	38.0180736333209
A_NA_N3	604	13518	C	0	0	13511	37.8516764118126
A_NA_N3	605	13452	T	0	0	13427	38.0925746629925
A_NA_N3	606	13512	G	0	0	13508	38.0909831211134
A_NA_N3	607	13509	G	0	0	13503	37.9198696585944
A_NA_N3	608	13474	A	1	0	13462	37.5669291338583
A_NA_N3	609	13604	A	0	0	13580	37.4585419734904
A_NA_N3	610	13585	A	0	0	13563	37.5033547150335
A_NA_N3	611	13633	C	0	0	13619	37.6479183493649
A_NA_N3	612	13600	G	0	0	13587	37.5861485243247
A_NA_N3	613	13236	A	0	0	13210	37.4782740348221
A_NA_N3	614	13367	C	0	0	13359	37.331911071188
A_NA_N3	615	13330	A	0	0	13310	37.6303531179564
A_NA_N3	616	13436	A	0	0	13426	37.589453299568
A_NA_N3	617	13486	T	0	0	13478	38.1161151506158
A_NA_N3	618	13458	G	0	0	13451	37.7435878373355
A_NA_N3	619	13533	A	0	0	13516	37.6133471441255
A_NA_N3	620	13428	T	0	0	13414	37.3614134486358
A_NA_N3	621	13409	G	0	0	13397	37.5288497424797
A_NA_N3	622	13309	C	0	0	13301	37.4351552514849
A_NA_N3	623	13304	G	0	0	13297	37.5314732646462
A_NA_N3	624	13308	A	0	0	13279	37.2912869945026
A_NA_N3	625	13265	G	0	0	13259	36.9472056716193
A_NA_N3	626	13265	T	0	0	13236	36.9492293744334
A_NA_N3	627	13256	G	0	0	13246	37.685489959233
A_NA_N3	628	12944	G	0	0	12937	37.2676045451032
A_NA_N3	629	12868	C	0	0	12849	36.9167250369679
A_NA_N3	630	12912	C	0	0	12875	37.4673398058252
A_NA_N3	631	12898	A	0	0	12893	37.8987822849608
A_NA_N3	632	12960	G	0	0	12954	38.0612938088621
A_NA_N3	633	13050	A	0	0	13040	37.9549079754601
A_NA_N3	634	13075	T	0	0	13063	37.9985455102197
A_NA_N3	635	13141	A	0	0	13135	38.0789493719071
A_NA_N3	636	13239	A	0	0	13221	37.8383632100446
A_NA_N3	637	13258	T	0	0	13247	37.7280893787273
A_NA_N3	638	13026	C	0	0	13020	37.7963133640553
A_NA_N3	639	12898	T	0	0	12890	37.5324282389449
A_NA_N3	640	12982	A	0	0	12972	37.4735584335492
A_NA_N3	641	12836	T	0	0	12829	37.5082235560059
A_NA_N3	642	12744	G	0	0	12736	37.5080873115578
A_NA_N3	643	12739	C	1	0	12717	37.3934103955335
A_NA_N3	644	12694	G	4	0	12679	37.4726713463207
A_NA_N3	645	12705	G	0	0	12697	37.4262424194692
A_NA_N3	646	12803	G	0	0	12788	37.3931029089772
A_NA_N3	647	12981	G	0	0	12973	37.5257072381099
A_NA_N3	648	13026	A	0	0	13016	37.309004302397
A_NA_N3	649	12980	A	0	0	12968	37.4831893892659
A_NA_N3	650	13032	G	0	0	13021	37.4841410029952
A_NA_N3	651	13115	A	0	0	13093	37.7002214924005
A_NA_N3	652	13156	T	0	0	13137	37.6653726117074
A_NA_N3	653	13053	G	0	0	13046	37.7674382952629
A_NA_N3	654	12953	A	0	0	12913	37.8596762952064
A_NA_N3	655	12935	C	0	1	12921	37.6886463895983
A_NA_N3	656	12677	A	0	0	12659	37.9175290307291
A_NA_N3	657	12687	G	0	0	12682	37.7999526888503
A_NA_N3	658	12677	A	1	0	12660	37.7520537124803
A_NA_N3	659	12660	C	0	0	12654	37.5781571044729
A_NA_N3	660	12769	T	0	0	12744	37.4661801632141
A_NA_N3	661	13596	C	0	1	13580	37.2965390279823
A_NA_N3	662	13663	C	0	1	13656	37.5008787346221
A_NA_N3	663	13716	A	0	0	13704	37.6144921190893
A_NA_N3	664	13618	T	0	0	13610	37.673108008817
A_NA_N3	665	13338	T	0	0	13333	37.6824420610515
A_NA_N3	666	13355	A	0	1	12310	37.8261575954509
A_NA_N3	667	13357	A	0	0	13348	37.6750824093497
A_NA_N3	668	13431	A	0	0	13345	37.5597602098164
A_NA_N3	669	13420	T	0	1	13402	37.3903894941054
A_NA_N3	670	12560	C	0	1	12553	37.8363737751932
A_NA_N3	671	12314	A	0	0	12294	37.9952009110135
A_NA_N3	672	12273	T	0	1	12258	38.0653450807636
A_NA_N3	673	12320	G	1	1	12311	38.0952806433271
A_NA_N3	674	12386	G	0	1	12378	37.917434157376
A_NA_N3	675	12274	A	0	1	12250	37.7279183673469
A_NA_N3	676	12310	G	0	1	12303	37.8331301308624
A_NA_N3	677	12191	A	0	1	12177	37.8105444690811
A_NA_N3	678	12190	A	0	1	12181	37.8676627534685
A_NA_N3	679	12245	A	0	0	12221	37.9095818672776
A_NA_N3	680	12027	G	0	1	11945	37.8320636249477
A_NA_N3	681	11981	G	0	1	11974	37.7444463003174
A_NA_N3	682	11961	A	0	1	11926	37.747777964112
A_NA_N3	683	11864	T	0	1	11856	37.8467442645074
A_NA_N3	684	11887	A	0	1	11881	37.9027859607777
A_NA_N3	685	11838	T	0	0	11833	37.8951238063044
A_NA_N3	686	11903	T	0	1	11892	37.7678271106626
A_NA_N3	687	11887	C	0	1	11880	37.8696127946128
A_NA_N3	688	11784	T	0	1	11780	38.013921901528
A_NA_N3	689	11712	A	2	0	11708	37.9847967201913
A_NA_N3	690	11566	A	0	1	11558	37.9756013151064
A_NA_N3	691	11649	G	0	0	11643	37.8710813364253
A_NA_N3	692	11618	A	0	0	11609	37.7172883107934
A_NA_N3	693	11653	A	0	0	11621	37.5169950950865
A_NA_N3	694	11535	C	0	0	11523	37.720298533368
A_NA_N3	695	11524	T	0	0	11502	37.442792557816
A_NA_N3	696	11526	C	0	0	11519	37.7789738692595
A_NA_N3	697	11527	A	0	0	11515	37.912462006079
A_NA_N3	698	11531	A	0	0	11508	37.8695689954814
A_NA_N3	699	11534	G	0	0	11525	37.7619088937093
A_NA_N3	700	11369	A	0	0	11353	37.7385713027394
A_NA_N3	701	11490	G	0	0	11483	37.6856222241574
A_NA_N3	702	11550	T	0	0	11528	37.3574774462179
A_NA_N3	703	11474	C	0	0	11469	37.6496643124946
A_NA_N3	704	11421	T	0	0	11409	37.9237444123061
A_NA_N3	705	11462	G	0	0	11453	37.9880380686283
A_NA_N3	706	11471	A	0	0	11455	37.9303360977739
A_NA_N3	707	11491	A	0	0	11483	37.8988069319864
A_NA_N3	708	11547	T	0	0	11539	38.1710720166392
A_NA_N3	709	11576	G	0	0	11568	37.8882261410788
A_NA_N3	710	11518	T	0	0	11494	37.6759178701931
A_NA_N3	711	11510	C	0	0	11499	37.5959648665101
A_NA_N3	712	11586	A	0	0	11576	37.8496890117484
A_NA_N3	713	11660	A	0	0	11652	37.8411431513903
A_NA_N3	714	11686	T	0	0	11673	37.9085924783689
A_NA_N3	715	11870	G	0	0	11864	37.7296864463924
A_NA_N3	716	11997	C	0	0	11913	37.6032065810459
A_NA_N3	717	11999	A	0	0	11992	37.755086724483
A_NA_N3	718	11993	T	2	0	11983	37.729116248018
A_NA_N3	719	11854	T	0	0	11844	37.8900709219858
A_NA_N3	720	12115	G	0	0	12110	37.6772914946325
A_NA_N3	721	12158	A	0	0	12148	37.7578202173197
A_NA_N3	722	12151	T	0	0	12147	37.6796739935787
A_NA_N3	723	12132	G	0	0	12123	37.6861337952652
A_NA_N3	724	12284	G	0	0	12277	37.3169341044229
A_NA_N3	725	12342	T	0	0	12326	37.002352750284
A_NA_N3	726	12280	A	0	0	12221	36.7163079944358
A_NA_N3	727	12327	C	0	1	12315	37.1563946406821
A_NA_N3	728	12314	C	0	0	12303	37.2437616841421
A_NA_N3	729	11966	T	1	1	11939	37.5772677778708
A_NA_N3	730	12253	G	0	1	12242	37.5335729455971
A_NA_N3	731	12246	T	0	0	12229	37.3016599885518
A_NA_N3	732	12336	A	0	0	12325	37.4433265720081
A_NA_N3	733	12148	T	0	0	12140	37.020510708402
A_NA_N3	734	11900	T	0	0	11892	37.2416750756811
A_NA_N3	735	11872	G	0	1	11864	37.2039784221173
A_NA_N3	736	11817	T	0	1	11793	37.158568642415
A_NA_N3	737	11811	C	0	1	11801	37.1198203542073
A_NA_N3	738	11812	G	0	1	11807	37.1545693232828
A_NA_N3	739	12174	C	0	0	12167	37.3401002712254
A_NA_N3	740	12084	T	0	0	12072	37.4487243207422
A_NA_N3	741	12631	G	0	0	12625	37.3178613861386
A_NA_N3	742	12676	T	0	0	12648	37.2611480075901
A_NA_N3	743	12771	T	0	0	12764	37.6033375117518
A_NA_N3	744	12776	A	0	0	12755	37.5960015680125
A_NA_N3	745	12778	C	0	0	12769	37.5662933667476
A_NA_N3	746	12763	A	0	0	12755	37.7499803998432
A_NA_N3	747	12743	G	0	0	12738	37.7395195478097
A_NA_N3	748	12755	A	1	0	12741	37.6531669413704
A_NA_N3	749	12870	T	0	1	12857	37.453527261414
A_NA_N3	750	12386	G	0	0	12378	37.602924543545
A_NA_N3	751	12765	G	0	1	12759	37.4034015204953
A_NA_N3	752	12755	T	0	0	12726	36.965582272513
A_NA_N3	753	12718	C	0	1	12697	37.1597227691581
A_NA_N3	754	12685	C	0	1	12669	37.4484173967953
A_NA_N3	755	12577	T	0	0	12546	37.578989319305
A_NA_N3	756	12813	G	0	1	12802	37.683643180753
A_NA_N3	757	12821	C	0	1	12806	37.5200687177885
A_NA_N3	758	12921	A	0	0	12891	37.5467380342875
A_NA_N3	759	13035	G	0	1	13026	37.3992783663442
A_NA_N3	760	12828	C	0	1	12811	37.2539224104285
A_NA_N3	761	13001	T	0	1	12981	37.7740543871813
A_NA_N3	762	13025	A	1	1	13023	37.7583506104584
A_NA_N3	763	13049	A	0	0	13039	37.8052764782575
A_NA_N3	764	13002	T	0	1	12996	37.7680055401662
A_NA_N3	765	12685	A	0	1	12673	37.911702043715
A_NA_N3	766	12859	G	0	1	12849	37.7222351934003
A_NA_N3	767	12698	T	0	1	12659	37.2658977802354
A_NA_N3	768	12682	G	0	0	12672	37.5033933080808
A_NA_N3	769	12662	C	0	0	12648	37.6484029095509
A_NA_N3	770	12456	A	0	0	12441	37.865043002974
A_NA_N3	771	12631	G	0	0	12626	37.9081260890227
A_NA_N3	772	12701	A	0	0	12696	37.9057971014493
A_NA_N3	773	12896	T	0	0	12882	37.6990374165502
A_NA_N3	774	12892	C	0	1	12881	37.6195171182362
A_NA_N3	775	12761	A	0	0	12734	37.7145437411654
A_NA_N3	776	12792	C	0	0	12778	37.808733761152
A_NA_N3	777	12786	A	0	0	12774	37.9401127289807
A_NA_N3	778	13023	G	0	0	13016	37.7991702519975
A_NA_N3	779	13226	G	0	0	13218	37.5941897412619
A_NA_N3	780	13181	A	1	0	13170	37.5164009111617
A_NA_N3	781	13159	T	1	0	13149	37.6536618754278
A_NA_N3	782	12992	T	0	0	12989	37.867272307337
A_NA_N3	783	12958	T	0	0	12956	37.9320006174745
A_NA_N3	784	12983	A	0	0	12969	37.8772457398412
A_NA_N3	785	12906	C	0	0	12899	37.7714551515621
A_NA_N3	786	12834	T	0	0	12819	37.7318823621187
A_NA_N3	787	12963	G	1	0	12949	37.8249285659124
A_NA_N3	788	12901	G	0	0	12890	37.6972847168348
A_NA_N3	789	13074	A	0	0	13056	37.637025122549
A_NA_N3	790	13239	T	0	0	13218	36.710092298381
A_NA_N3	791	13174	A	1	0	13157	37.1806642851714
A_NA_N3	792	13327	C	1	0	13317	37.1536382068033
A_NA_N3	793	13320	G	1	0	13315	37.3701840030041
A_NA_N3	794	13306	A	2	0	12424	36.8188184159691
A_NA_N3	795	13332	G	1	0	13326	36.5351943568963
A_NA_N3	796	13090	A	3	0	13062	36.6743224621038
A_NA_N3	797	13140	G	3	0	13132	36.5162960706671
A_NA_N3	798	13026	G	1	0	13020	36.5963133640553
A_NA_N3	799	12890	G	1	0	12877	37.1659548031374
A_NA_N3	800	12952	G	1	0	12944	37.3371446229913
A_NA_N3	801	12747	A	1	0	12705	36.9215269578906
A_NA_N3	802	13061	G	1	1	12960	37.1819444444444
A_NA_N3	803	13111	G	1	0	13098	37.2548480684074
A_NA_N3	804	13178	A	0	1	13161	37.333865207811
A_NA_N3	805	13227	T	2	0	13218	37.7734150400968
A_NA_N3	806	13204	A	1	0	13197	37.8877017503978
A_NA_N3	807	13210	A	0	0	13201	37.9252329368987
A_NA_N3	808	13344	T	0	0	13342	37.8443261879778
A_NA_N3	809	13237	A	2	0	13236	38.0163946811726
A_NA_N3	810	13246	A	0	0	13241	37.9572539838381
A_NA_N3	811	12706	A	0	0	12694	38.0726327398771
A_NA_N3	812	12510	G	0	0	12502	37.8455447128459
A_NA_N3	813	12523	C	0	0	12516	37.9066794503036
A_NA_N3	814	12472	A	0	0	12458	38.133488521432
A_NA_N3	815	12468	T	0	0	12458	38.1574088938834
A_NA_N3	816	12469	G	0	0	12462	38.0605039319531
A_NA_N3	817	12511	A	0	0	12503	38.0612652963289
A_NA_N3	818	12712	A	0	0	12706	37.9949630096018
A_NA_N3	819	12686	A	0	0	12668	37.9750552573413
A_NA_N3	820	12707	A	0	0	12691	37.8216846584194
A_NA_N3	821	12751	C	0	0	12747	37.7352318192516
A_NA_N3	822	12595	A	0	0	12583	38.0337757291584
A_NA_N3	823	12612	T	0	1	12580	37.8352941176471
A_NA_N3	824	12670	C	1	0	12659	37.3924480606683
A_NA_N3	825	12676	C	0	0	12656	37.2681731984829
A_NA_N3	826	12753	C	0	0	12741	37.4780629463935
A_NA_N3	827	12745	A	5	0	12739	37.8318549336683
A_NA_N3	828	12756	A	0	0	12753	38.2169685564181
A_NA_N3	829	12757	A	0	0	12751	38.0857971923771
A_NA_N3	830	12754	A	0	0	12743	37.978027152162
A_NA_N3	831	12731	A	0	0	12711	37.8303044607033
A_NA_N3	832	12772	C	0	0	12768	37.1802161654135
A_NA_N3	833	12757	A	3	0	12750	38.2285490196078
A_NA_N3	834	12758	A	0	0	12750	38.0709019607843
A_NA_N3	835	12797	A	0	0	12787	38.1118323297099
A_NA_N3	836	12791	A	0	0	12782	38.1804099514943
A_NA_N3	837	12853	A	0	0	12835	38.0303856641995
A_NA_N3	838	12858	T	0	0	12848	37.7017434620174
A_NA_N3	839	12913	A	1	0	12891	37.6293538127376
A_NA_N3	840	12933	C	0	0	12930	37.9660479505027
A_NA_N3	841	12884	A	0	0	12857	37.9711441238236
A_NA_N3	842	12925	A	0	0	12890	37.6759503491078
A_NA_N3	843	12970	C	0	0	12958	37.5415959252971
A_NA_N3	844	13111	A	0	0	13055	36.8588280352355
A_NA_N3	845	13248	C	0	0	13243	37.2954013441063
A_NA_N3	846	13158	T	0	0	13121	37.2763508878896
A_NA_N3	847	13164	T	0	0	13149	37.7122975131189
A_NA_N3	848	13170	G	1	0	13158	37.7714698282414
A_NA_N3	849	13192	G	1	0	13188	37.7287685774947
A_NA_N3	850	13392	A	1	0	13357	37.4573631803549
A_NA_N3	851	13330	G	1	0	13321	37.6012311388034
A_NA_N3	852	13337	G	1	0	13327	37.25272004202
A_NA_N3	853	13026	A	1	0	13005	37.0692810457516
A_NA_N3	854	13177	G	1	0	13171	37.3497076911396
A_NA_N3	855	13092	T	0	0	13051	37.2428166424029
A_NA_N3	856	13193	G	0	0	13181	37.5382747894697
A_NA_N3	857	13229	T	0	0	13216	37.3168129539952
A_NA_N3	858	13200	T	0	0	13177	37.2404948015482
A_NA_N3	859	13222	C	0	0	13211	37.6525622587238
A_NA_N3	860	13186	T	0	0	13163	37.3471093215832
A_NA_N3	861	13189	T	0	0	13180	37.8381638846737
A_NA_N3	862	13296	G	1	0	13286	37.7848110793316
A_NA_N3	863	13079	T	1	0	13058	37.7436054525961
A_NA_N3	864	13053	T	1	0	13048	37.993025751073
A_NA_N3	865	13007	A	1	0	12997	37.99107486343
A_NA_N3	866	12791	T	1	0	12782	38.013691128149
A_NA_N3	867	12813	G	1	0	12801	37.9551597531443
A_NA_N3	868	12709	T	0	0	12682	37.6830152972717
A_NA_N3	869	12726	G	1	0	12702	37.6955597543694
A_NA_N3	870	12731	G	0	0	12721	37.4409244556246
A_NA_N3	871	12632	A	0	0	12602	37.7788446278369
A_NA_N3	872	12668	C	0	0	12661	37.7805070689519
A_NA_N3	873	12640	A	0	0	12631	37.7106325706595
A_NA_N3	874	12790	T	0	0	12778	37.4634528095164
A_NA_N3	875	12662	C	0	0	12566	37.2131147540984
A_NA_N3	876	12747	G	0	0	12740	37.4114599686028
A_NA_N3	877	12802	A	0	0	12779	37.5688238516316
A_NA_N3	878	12726	T	0	0	12715	37.4709398348407
A_NA_N3	879	12817	G	0	0	12811	37.7342908438061
A_NA_N3	880	12750	T	0	0	12718	37.1954709860041
A_NA_N3	881	13044	G	0	0	13032	37.4159760589319
A_NA_N3	882	13051	T	0	0	13032	37.2381062001228
A_NA_N3	883	12875	A	0	0	12871	37.4515577655194
A_NA_N3	884	12969	T	0	0	12951	37.3678480426222
A_NA_N3	885	12739	T	0	0	12732	37.3972667295005
A_NA_N3	886	12968	G	0	0	12958	37.3174100941503
A_NA_N3	887	12993	C	0	0	12982	37.206978893853
A_NA_N3	888	12849	A	0	0	12839	37.5405405405405
A_NA_N3	889	12881	T	0	0	12874	37.5266428460463
A_NA_N3	890	12198	A	1	0	12195	37.7443214432144
A_NA_N3	891	12419	T	0	0	12415	37.6810310108739
A_NA_N3	892	12240	G	0	0	12237	37.7946392089564
A_NA_N3	893	12173	T	0	0	12152	37.4191902567479
A_NA_N3	894	11983	A	1	0	11959	37.6481311146417
A_NA_N3	895	11765	G	0	0	11756	37.5264545763865
A_NA_N3	896	11715	G	0	0	11700	37.4311111111111
A_NA_N3	897	11703	G	0	0	11686	37.1096183467397
A_NA_N3	898	11780	A	0	0	11752	37.5250170183798
A_NA_N3	899	11861	C	0	0	11751	37.1412645732278
A_NA_N3	900	11532	A	1	0	11528	37.5588133240805
A_NA_N3	901	11564	A	0	0	11553	37.9316194927724
A_NA_N3	902	11449	T	0	0	11434	37.8701241910093
A_NA_N3	903	11446	T	0	0	11439	38.0728210507912
A_NA_N3	904	11438	G	0	0	11429	37.9646513255753
A_NA_N3	905	11431	G	0	0	11418	37.8131021194605
A_NA_N3	906	11418	A	3	0	11407	37.8294906636276
A_NA_N3	907	11362	A	0	0	11353	37.808332599313
A_NA_N3	908	11156	A	0	0	11131	37.9182463390531
A_NA_N3	909	11243	G	0	0	11233	37.0283984687973
A_NA_N3	910	11225	G	0	0	11202	36.6256025709695
A_NA_N3	911	11140	C	0	0	11050	37.3126696832579
A_NA_N3	912	11140	T	0	0	11103	36.9867603350446
A_NA_N3	913	11099	C	0	0	11089	37.0358914239336
A_NA_N3	914	11138	G	0	0	11127	37.4041520625506
A_NA_N3	915	11170	A	0	0	11162	37.3916860777638
A_NA_N3	916	11169	A	0	0	11152	37.8049677187948
A_NA_N3	917	11109	C	0	0	11102	37.1922176184471
A_NA_N3	918	10871	A	0	0	10853	37.3932553211094
A_NA_N3	919	11075	G	0	0	11067	37.5353754404988
A_NA_N3	920	11156	G	0	0	11143	37.1246522480481
A_NA_N3	921	11094	C	0	0	11076	36.1036475261827
A_NA_N3	922	10997	C	0	0	10978	37.0176717070505
A_NA_N3	923	10852	T	0	0	10833	37.6446967599003
A_NA_N3	924	10854	T	0	0	10847	37.894809624781
A_NA_N3	925	10881	G	0	0	10869	37.8664090532708
A_NA_N3	926	10904	G	0	0	10894	37.8205434183954
A_NA_N3	927	10885	A	0	0	10863	37.6412593206297
A_NA_N3	928	10482	T	0	0	10478	37.9330979194503
A_NA_N3	929	10375	G	0	0	10366	37.9611229017943
A_NA_N3	930	10295	A	0	0	10275	37.9729440389294
A_NA_N3	931	10408	G	1	0	10404	37.8873510188389
A_NA_N3	932	10479	A	0	0	10473	37.9660078296572
A_NA_N3	933	10492	A	0	0	10484	37.9461083555895
A_NA_N3	934	10589	T	0	0	10584	37.7425359032502
A_NA_N3	935	10524	T	0	0	10517	37.9445659408577
A_NA_N3	936	10547	A	0	0	10546	38.0895126114167
A_NA_N3	937	10550	A	0	0	10546	37.774701308553
A_NA_N3	938	10538	T	0	0	10523	37.511070987361
A_NA_N3	939	10488	A	0	0	10479	37.4015650348316
A_NA_N3	940	10346	A	0	0	10339	37.1971177096431
A_NA_N3	941	10198	C	0	0	10191	37.8940241389461
A_NA_N3	942	10195	G	0	0	10188	37.2488221436985
A_NA_N3	943	10122	A	0	0	10114	37.1950761320941
A_NA_N3	944	10145	G	0	0	10141	37.1056108865003
A_NA_N3	945	10181	A	0	0	10157	37.1468937678448
A_NA_N3	946	10228	C	0	0	10222	37.1712972021131
A_NA_N3	947	10195	C	0	0	10188	37.3610129564193
A_NA_N3	948	10427	A	0	0	10417	37.7391763463569
A_NA_N3	949	10501	T	2	0	10493	37.4958543791099
A_NA_N3	950	10774	A	0	0	10756	37.2127184827073
A_NA_N3	951	10691	C	0	0	10678	37.5840044952238
A_NA_N3	952	10635	T	0	0	10622	37.5622293353417
A_NA_N3	953	10579	A	0	0	10569	37.6982685211468
A_NA_N3	954	10621	G	0	0	10617	37.4289347273241
A_NA_N3	955	10650	A	0	0	10639	37.4652692922267
A_NA_N3	956	10696	A	0	0	10692	37.5172091283202
A_NA_N3	957	10533	A	0	0	10514	37.4100247289329
A_NA_N3	958	10585	C	0	0	10580	37.5431947069943
A_NA_N3	959	10220	A	0	0	10207	37.656804154012
A_NA_N3	960	10514	G	0	0	10510	37.5250237868696
A_NA_N3	961	10625	G	0	0	10614	37.2180139438478
A_NA_N3	962	10700	G	0	0	10695	37.1240766713417
A_NA_N3	963	10699	T	0	0	10649	36.8491877171565
A_NA_N3	964	10639	A	0	0	10623	37.2671561705733
A_NA_N3	965	10629	T	1	0	10617	36.9129697654705
A_NA_N3	966	10839	G	1	0	10836	36.8862126245847
A_NA_N3	967	10748	T	0	0	10727	37.3726111680805
A_NA_N3	968	10936	G	0	0	10863	37.3889349166897
A_NA_N3	969	10681	T	1	0	10662	37.4255299193397
A_NA_N3	970	10656	G	1	0	10651	37.4753544268144
A_NA_N3	971	10600	T	2	0	10575	37.4269503546099
A_NA_N3	972	10579	A	1	0	10565	37.5633696166588
A_NA_N3	973	10581	G	1	0	10570	37.4749290444655
A_NA_N3	974	10588	C	1	0	10578	37.485725089809
A_NA_N3	975	10402	A	1	0	10396	37.9257406694883
A_NA_N3	976	10370	A	1	0	10363	37.7224741870115
A_NA_N3	977	10243	G	1	0	10234	37.6374829001368
A_NA_N3	978	10277	T	1	0	10257	37.5957882421761
A_NA_N3	979	10307	T	0	0	10279	37.3396244770892
A_NA_N3	980	10348	C	0	0	10340	37.5323984526112
A_NA_N3	981	10354	C	0	0	10345	37.7226679555341
A_NA_N3	982	10382	A	0	0	10376	37.8613145720894
A_NA_N3	983	10406	T	0	0	10397	37.8277387707993
A_NA_N3	984	10411	T	0	0	10404	37.8354479046521
A_NA_N3	985	10416	C	0	0	10318	37.8381469276992
A_NA_N3	986	10302	A	0	0	10294	37.9219933942102
A_NA_N3	987	10329	G	0	0	10312	37.4294996121024
A_NA_N3	988	10312	A	0	0	10289	37.4115074351249
A_NA_N3	989	10311	C	0	0	10304	37.6219914596273
A_NA_N3	990	10344	A	0	0	10306	36.5417232679992
A_NA_N3	991	10809	C	0	0	10805	36.9068024062934
A_NA_N3	992	10796	T	0	0	10755	37.0050209205021
A_NA_N3	993	10785	C	2	0	10777	36.7710865732579
A_NA_N3	994	10706	C	0	0	10695	36.8877980364656
A_NA_N3	995	10664	C	0	0	10654	36.6848132156936
A_NA_N3	996	10567	A	0	0	10537	37.5513903388061
A_NA_N3	997	10592	G	0	0	10580	37.5309073724008
A_NA_N3	998	10602	G	1	0	10593	36.1361276314547
A_NA_N3	999	10591	C	1	0	10581	36.4296380304319
A_NA_N3	1000	10147	C	1	0	10136	36.5057221783741
A_NA_N3	1001	9997	A	1	0	9976	37.1904570970329
A_NA_N3	1002	10001	G	0	0	9995	37.1788894447224
A_NA_N3	1003	10028	C	0	0	10017	36.6088649296196
A_NA_N3	1004	9948	C	0	0	9934	36.8247433058184
A_NA_N3	1005	9946	G	0	0	9936	37.481884057971
A_NA_N3	1006	9961	A	0	0	9949	37.1944919087345
A_NA_N3	1007	10073	T	0	0	10061	37.1292118079714
A_NA_N3	1008	10090	C	0	0	10077	37.0678773444478
A_NA_N3	1009	10095	C	0	0	10093	37.3596552065788
A_NA_N3	1010	10098	T	0	0	10075	37.8884367245658
A_NA_N3	1011	10112	T	0	0	10100	37.8734653465347
A_NA_N3	1012	10237	C	0	0	10230	37.6478005865103
A_NA_N3	1013	10244	A	0	0	10239	37.8203926164664
A_NA_N3	1014	10284	A	0	0	10276	37.7557415336707
A_NA_N3	1015	10301	C	0	0	10293	37.8001554454484
A_NA_N3	1016	10163	A	0	0	10158	37.8985036424493
A_NA_N3	1017	10281	A	0	0	10277	37.7558626058188
A_NA_N3	1018	10208	T	0	0	10185	37.7652430044183
A_NA_N3	1019	10307	A	0	0	10299	37.7938634818914
A_NA_N3	1020	10330	T	0	0	10314	37.6468877254218
A_NA_N3	1021	10055	C	0	0	10047	37.8684184333632
A_NA_N3	1022	10089	A	0	0	10074	37.9741909866984
A_NA_N3	1023	10035	T	0	0	10025	37.9232917705736
A_NA_N3	1024	10062	G	0	0	10059	38.0353911919674
A_NA_N3	1025	9978	T	0	0	9958	37.8369150431814
A_NA_N3	1026	9860	G	0	0	9850	37.8064974619289
A_NA_N3	1027	9774	A	0	0	9764	37.7096476853748
A_NA_N3	1028	9782	T	0	0	9774	37.3485778596276
A_NA_N3	1029	9889	T	0	0	9879	37.319566757769
A_NA_N3	1030	9979	C	3	0	9959	37.0476955517622
A_NA_N3	1031	9824	C	0	0	9816	37.3045028524857
A_NA_N3	1032	9825	C	0	0	9817	37.4302740144647
A_NA_N3	1033	9827	C	0	0	9823	37.6498014863076
A_NA_N3	1034	9883	A	0	0	9429	37.8824901898399
A_NA_N3	1035	9872	A	0	0	9862	37.2107077671872
A_NA_N3	1036	9921	G	0	0	9919	37.6508720637161
A_NA_N3	1037	9845	T	0	0	9834	37.4304453935326
A_NA_N3	1038	9775	A	1	0	9698	37.7713961641576
A_NA_N3	1039	9753	A	0	0	9743	37.7855896541106
A_NA_N3	1040	9787	T	0	0	9777	37.7214892093689
A_NA_N3	1041	9813	G	0	0	9810	37.9627930682977
A_NA_N3	1042	9702	T	0	0	9686	37.1864546768532
A_NA_N3	1043	9614	T	0	0	9606	37.212367270456
A_NA_N3	1044	9612	A	0	0	9588	37.2676261994159
A_NA_N3	1045	9560	A	0	0	9548	37.7857142857143
A_NA_N3	1046	9583	C	0	0	9577	37.4343740210922
A_NA_N3	1047	9560	G	0	0	9554	37.486916474775
A_NA_N3	1048	9580	G	0	0	9575	37.3330548302872
A_NA_N3	1049	9354	T	0	0	9328	36.8659948542024
A_NA_N3	1050	9279	G	0	0	9274	37.3876428725469
A_NA_N3	1051	9368	G	0	0	9360	36.8998931623932
A_NA_N3	1052	9392	A	0	0	9360	36.9949786324786
A_NA_N3	1053	9418	C	1	0	9401	37.1801935964259
A_NA_N3	1054	9394	C	0	0	9381	37.4662615925808
A_NA_N3	1055	9341	T	0	0	9322	37.874919545162
A_NA_N3	1056	9365	G	0	0	9356	37.8270628473707
A_NA_N3	1057	9382	G	0	0	9373	37.7478928838152
A_NA_N3	1058	9389	A	0	0	9377	37.5855817425616
A_NA_N3	1059	9445	G	0	0	9443	37.7769776554061
A_NA_N3	1060	9343	T	0	0	9330	37.7117899249732
A_NA_N3	1061	9317	C	0	0	9312	37.5982603092784
A_NA_N3	1062	9262	A	0	0	9251	37.9792454869744
A_NA_N3	1063	9263	A	0	0	9250	37.9915675675676
A_NA_N3	1064	9264	G	0	0	9165	37.979705400982
A_NA_N3	1065	9289	G	0	0	9284	37.7860835846618
A_NA_N3	1066	9271	G	0	0	9263	37.5154917413365
A_NA_N3	1067	9329	A	0	0	9319	37.5804270844511
A_NA_N3	1068	9253	T	1	0	9241	37.6329401579916
A_NA_N3	1069	9251	T	0	0	9242	37.9014282622809
A_NA_N3	1070	9211	T	0	0	9211	37.9628704809467
A_NA_N3	1071	9218	G	0	0	9213	37.9775317486161
A_NA_N3	1072	9255	G	0	0	9250	37.9791351351351
A_NA_N3	1073	9265	T	1	0	9233	37.5290804722192
A_NA_N3	1074	9233	T	0	0	9220	37.7317787418655
A_NA_N3	1075	9265	T	0	0	9260	37.5255939524838
A_NA_N3	1076	9275	C	0	0	9265	37.7866162978953
A_NA_N3	1077	9296	A	0	0	9293	38.0859786936404
A_NA_N3	1078	9322	A	0	0	9315	37.9508319914117
A_NA_N3	1079	9327	A	0	0	9322	37.9217978974469
A_NA_N3	1080	9321	A	0	0	9290	37.7920344456405
A_NA_N3	1081	9269	C	0	0	9260	37.7697624190065
A_NA_N3	1082	9168	A	0	0	9159	37.8395021290534
A_NA_N3	1083	9288	G	0	0	9284	37.8752692804825
A_NA_N3	1084	9385	G	1	0	9377	37.7073690945932
A_NA_N3	1085	9417	T	1	0	9380	37.1468017057569
A_NA_N3	1086	9427	G	0	0	9419	37.5584456948721
A_NA_N3	1087	9450	A	0	0	9434	37.6421454314183
A_NA_N3	1088	9499	T	0	0	9486	37.6868016023614
A_NA_N3	1089	9593	G	0	0	9582	37.706950532248
A_NA_N3	1090	9827	A	0	0	9814	37.6099449765641
A_NA_N3	1091	9788	T	0	0	9774	37.6770002046245
A_NA_N3	1092	9816	G	0	0	9810	37.6748216106014
A_NA_N3	1093	9682	T	0	0	9667	37.5535326368056
A_NA_N3	1094	9678	A	0	0	9667	37.5493948484535
A_NA_N3	1095	9673	T	0	0	9667	37.1954070549291
A_NA_N3	1096	9627	G	0	0	9620	37.2097713097713
A_NA_N3	1097	9782	G	0	0	9777	36.8899457911425
A_NA_N3	1098	9550	T	0	0	9534	37.1404447241452
A_NA_N3	1099	9182	T	0	0	9174	37.6217571397427
A_NA_N3	1100	9279	G	0	0	9274	37.0957515635109
A_NA_N3	1101	9119	G	0	0	9114	37.074610489357
A_NA_N3	1102	9177	G	0	0	9171	37.1747900992258
A_NA_N3	1103	9165	A	1	0	9148	37.4908176650634
A_NA_N3	1104	9110	A	0	0	9094	37.5940180338685
A_NA_N3	1105	9259	G	0	0	9253	36.9725494434238
A_NA_N3	1106	9151	G	0	0	9147	36.9876462228053
A_NA_N3	1107	9314	A	0	0	9302	37.5169855944958
A_NA_N3	1108	9225	C	0	0	9214	37.4017799001519
A_NA_N3	1109	9012	T	0	0	9003	37.4778407197601
A_NA_N3	1110	9332	G	0	0	9325	36.8520107238606
A_NA_N3	1111	9327	T	0	0	9319	37.2008799227385
A_NA_N3	1112	9370	A	0	0	9366	37.0476190476191
A_NA_N3	1113	9347	T	0	0	9334	36.701735590315
A_NA_N3	1114	9056	C	0	0	9049	36.9238589899436
A_NA_N3	1115	9085	G	0	0	9074	37.1646462420101
A_NA_N3	1116	9082	A	0	0	9067	37.0109187162237
A_NA_N3	1117	8928	C	0	0	8919	36.9292521583137
A_NA_N3	1118	8913	T	0	0	8901	37.1761599820245
A_NA_N3	1119	8497	A	0	0	8489	37.3667098598186
A_NA_N3	1120	8578	G	0	0	8577	37.8599743500058
A_NA_N3	1121	8547	T	0	0	8520	37.4552816901408
A_NA_N3	1122	8547	G	0	0	8537	37.6432001874195
A_NA_N3	1123	8550	G	0	0	8537	37.6252782007731
A_NA_N3	1124	8551	A	3	0	8540	37.7036299765808
A_NA_N3	1125	8545	A	0	0	8525	37.7299706744868
A_NA_N3	1126	8538	G	0	0	8530	37.7575615474795
A_NA_N3	1127	8551	A	0	0	8535	37.5479789103691
A_NA_N3	1128	8490	T	0	0	8478	37.640127388535
A_NA_N3	1129	8385	C	0	0	8377	37.7994508774024
A_NA_N3	1130	8302	A	1	0	8279	37.8394733663486
A_NA_N3	1131	8381	G	1	0	8378	37.2320362855097
A_NA_N3	1132	8439	G	1	0	8432	37.7328036053131
A_NA_N3	1133	8530	T	1	0	8521	37.6119000117357
A_NA_N3	1134	8513	T	1	0	8509	37.7067810553532
A_NA_N3	1135	8633	T	1	0	8627	37.8074649356671
A_NA_N3	1136	8605	T	1	0	8599	37.533782998023
A_NA_N3	1137	8606	G	1	0	8601	37.792582257877
A_NA_N3	1138	8759	A	0	0	8741	37.2482553483583
A_NA_N3	1139	8776	G	0	0	8769	37.2405063291139
A_NA_N3	1140	8757	G	0	0	8752	37.5611288848263
A_NA_N3	1141	8396	T	0	0	8367	37.3607027608462
A_NA_N3	1142	8233	C	0	0	8229	37.6931583424474
A_NA_N3	1143	8236	A	0	0	8179	37.8243061498961
A_NA_N3	1144	8234	T	0	0	8224	37.7862354085603
A_NA_N3	1145	8302	C	0	0	8297	37.9102085090997
A_NA_N3	1146	8371	A	0	0	8369	38.0403871430278
A_NA_N3	1147	8549	A	0	0	8541	38.0561995082543
A_NA_N3	1148	8541	A	0	0	8528	38.0541744840525
A_NA_N3	1149	8597	G	0	0	8590	37.972526193248
A_NA_N3	1150	8657	T	0	0	8631	37.4756111690418
A_NA_N3	1151	8744	C	0	0	8736	37.6248855311355
A_NA_N3	1152	8740	A	0	0	8724	37.7113709307657
A_NA_N3	1153	8774	C	0	0	8770	37.9046750285063
A_NA_N3	1154	8767	A	0	0	8759	37.9381207900445
A_NA_N3	1155	8792	G	0	0	8786	37.9614158889142
A_NA_N3	1156	8829	A	1	0	8824	37.9017452402539
A_NA_N3	1157	8808	A	0	0	8802	37.8611679163826
A_NA_N3	1158	8701	G	0	0	8694	37.2378651943869
A_NA_N3	1159	8666	G	0	0	8660	37.6792147806005
A_NA_N3	1160	8678	G	0	0	8670	37.3889273356401
A_NA_N3	1161	8681	T	0	0	8644	37.0377140212864
A_NA_N3	1162	8694	G	0	0	8684	37.1154997696914
A_NA_N3	1163	8696	G	0	0	8689	37.2693060191046
A_NA_N3	1164	8693	A	0	0	8684	37.603638876094
A_NA_N3	1165	8743	T	0	0	8735	37.7434459072696
A_NA_N3	1166	8699	T	0	0	8696	37.8644204231831
A_NA_N3	1167	8658	A	1	0	8652	37.7782015718909
A_NA_N3	1168	8614	A	0	0	8601	36.906057435182
A_NA_N3	1169	8671	C	0	0	8662	36.6923343338721
A_NA_N3	1170	8583	T	0	0	8558	36.5341201215237
A_NA_N3	1171	8691	C	5	0	8683	36.6466658988829
A_NA_N3	1172	8599	C	0	0	8589	36.570380719525
A_NA_N3	1173	8605	C	0	0	8596	36.4181014425314
A_NA_N3	1174	8596	C	0	1	8586	35.9666899604007
A_NA_N3	1175	8581	C	0	0	8578	36.2166006062019
A_NA_N3	1176	8607	A	0	0	8601	37.0569701197535
A_NA_N3	1177	8635	A	0	0	8616	36.7570798514392
A_NA_N3	1178	8632	C	0	0	8625	37.0200579710145
A_NA_N3	1179	8400	C	0	0	8392	37.379528122021
A_NA_N3	1180	8208	A	0	0	8200	37.640487804878
A_NA_N3	1181	8201	T	0	0	8186	37.9673833374053
A_NA_N3	1182	8186	G	0	0	8177	37.81252293017
A_NA_N3	1183	8260	C	0	0	8252	37.5244789142026
A_NA_N3	1184	8213	C	0	0	8207	37.605946143536
A_NA_N3	1185	8136	A	0	0	8125	37.9848615384615
A_NA_N3	1186	8110	A	0	0	8105	37.894139420111
A_NA_N3	1187	8113	G	0	0	8105	37.8053053670574
A_NA_N3	1188	8125	T	0	0	8108	37.6658855451406
A_NA_N3	1189	8114	C	0	0	8112	37.8677268244576
A_NA_N3	1190	8009	A	0	0	7992	37.9963713713714
A_NA_N3	1191	7984	G	0	0	7979	37.450933700965
A_NA_N3	1192	8053	T	0	0	8049	37.4150826189589
A_NA_N3	1193	8145	T	0	0	8142	37.4400638663719
A_NA_N3	1194	8262	A	0	0	8252	37.2796897721764
A_NA_N3	1195	8424	C	0	0	8419	37.3874569426298
A_NA_N3	1196	8414	G	0	0	8405	37.7096966091612
A_NA_N3	1197	8484	C	0	0	8478	36.6462609105921
A_NA_N3	1198	8467	A	0	0	8463	37.737799834574
A_NA_N3	1199	8477	A	0	0	8468	37.4735474728389
A_NA_N3	1200	8529	A	0	0	8503	37.2213336469481
A_NA_N3	1201	8691	C	0	0	8688	37.2729051565378
A_NA_N3	1202	8692	G	1	0	8687	37.8132842177967
A_NA_N3	1203	8651	T	0	0	8645	37.9639097744361
A_NA_N3	1204	8637	T	0	0	8633	38.0962585428009
A_NA_N3	1205	8634	A	0	0	8624	37.832560296846
A_NA_N3	1206	8660	G	0	0	8654	37.865726831523
A_NA_N3	1207	8765	T	0	0	8745	37.8631217838765
A_NA_N3	1208	8839	G	0	0	8830	37.9457531143828
A_NA_N3	1209	8829	T	0	0	8818	37.813789975051
A_NA_N3	1210	8706	C	0	0	8700	37.8874712643678
A_NA_N3	1211	8713	A	1	0	8707	38.1850235442747
A_NA_N3	1212	8783	A	0	0	8782	38.0839216579367
A_NA_N3	1213	8812	A	0	0	8807	38.0106733280345
A_NA_N3	1214	8811	T	0	0	8806	37.7800363388599
A_NA_N3	1215	8723	A	0	0	8721	37.9947253755303
A_NA_N3	1216	8720	A	0	0	8715	37.9218588640275
A_NA_N3	1217	8676	T	0	0	8664	37.8002077562327
A_NA_N3	1218	8677	G	0	0	8670	37.8845444059977
A_NA_N3	1219	8668	A	0	0	8665	37.868782458165
A_NA_N3	1220	8639	T	0	0	8634	37.4869122075515
A_NA_N3	1221	8543	T	0	0	8539	38.0227192879728
A_NA_N3	1222	8555	G	0	0	8547	37.8998478998479
A_NA_N3	1223	8556	G	0	0	8551	37.7863407788563
A_NA_N3	1224	8573	T	0	0	8559	37.6587218132959
A_NA_N3	1225	8567	C	0	0	8541	37.2887249736565
A_NA_N3	1226	8494	A	0	0	8484	37.9354078264969
A_NA_N3	1227	8549	G	0	0	8546	37.8749122396443
A_NA_N3	1228	8602	G	0	0	8597	37.9453297661975
A_NA_N3	1229	8585	T	0	0	8573	37.8737898052024
A_NA_N3	1230	8637	T	0	0	8634	37.8005559416261
A_NA_N3	1231	8614	A	0	0	8598	37.7162130728076
A_NA_N3	1232	8589	C	0	0	8583	37.5965280205057
A_NA_N3	1233	8563	T	0	0	8554	37.6548982931962
A_NA_N3	1234	8559	C	0	0	8547	37.6906516906517
A_NA_N3	1235	8213	A	0	0	8205	37.8324192565509
A_NA_N3	1236	8166	G	1	0	8163	37.2361876760995
A_NA_N3	1237	8144	G	0	0	8130	37.6734317343173
A_NA_N3	1238	8147	G	0	0	8139	37.6296842363927
A_NA_N3	1239	8097	A	0	1	8070	37.3686493184634
A_NA_N3	1240	7995	G	0	0	7987	37.3764867910354
A_NA_N3	1241	7937	C	0	1	7933	37.5261565612001
A_NA_N3	1242	7924	T	0	0	7871	37.7563206708169
A_NA_N3	1243	7968	T	0	0	7960	37.8400753768844
A_NA_N3	1244	7968	C	0	0	7960	37.7569095477387
A_NA_N3	1245	7922	A	0	0	7917	38.0025262094228
A_NA_N3	1246	7915	T	0	0	7910	37.5045512010114
A_NA_N3	1247	7855	T	0	0	7852	38.0087875700458
A_NA_N3	1248	7907	G	0	0	7905	37.9525616698292
A_NA_N3	1249	7866	T	0	0	7862	38.0005087763928
A_NA_N3	1250	7792	T	0	0	7789	38.0201566311465
A_NA_N3	1251	7774	G	0	0	7773	37.9225524250611
A_NA_N3	1252	7622	A	1	0	7619	37.6911668197926
A_NA_N3	1253	7643	G	1	0	7636	37.7097957045574
A_NA_N3	1254	7642	A	1	0	7627	37.5872558017569
A_NA_N3	1255	7633	A	1	0	7618	37.4961932265686
A_NA_N3	1256	7635	C	0	0	7631	37.5688638448434
A_NA_N3	1257	7142	A	0	0	7140	38.0453781512605
A_NA_N3	1258	7327	A	0	0	7319	38.0793824292936
A_NA_N3	1259	7321	T	0	0	7312	37.8689824945295
A_NA_N3	1260	7322	G	0	0	7314	37.8870659010118
A_NA_N3	1261	7267	G	0	0	7263	37.788517141677
A_NA_N3	1262	7250	C	0	0	7241	37.5086314045021
A_NA_N3	1263	7298	T	0	0	7292	38.039358200768
A_NA_N3	1264	7312	G	0	0	7308	37.537903667214
A_NA_N3	1265	7303	C	0	0	7292	37.2297037849698
A_NA_N3	1266	7308	T	0	0	7289	37.824255727809
A_NA_N3	1267	7305	T	0	0	7294	37.5304359747738
A_NA_N3	1268	7307	C	1	0	7247	36.8737408582862
A_NA_N3	1269	7290	C	0	0	7286	37.6859730990942
A_NA_N3	1270	7276	A	0	0	7268	37.7771051183269
A_NA_N3	1271	7270	G	0	0	7264	37.4708149779736
A_NA_N3	1272	7367	C	0	0	7355	36.6014955812373
A_NA_N3	1273	7314	C	0	0	7309	37.2213709125735
A_NA_N3	1274	7215	T	0	0	7208	37.7164261931188
A_NA_N3	1275	7203	T	1	0	7183	37.8347487122372
A_NA_N3	1276	7279	G	1	0	7279	37.2365709575491
A_NA_N3	1277	7303	T	4	0	7298	37.947382844615
A_NA_N3	1278	7310	T	0	0	7303	37.8682733123374
A_NA_N3	1279	7316	T	0	0	7309	37.7390887946367
A_NA_N3	1280	7353	T	0	0	7346	37.6886741083583
A_NA_N3	1281	7340	T	0	0	7335	37.6282208588957
A_NA_N3	1282	7358	A	0	0	7348	37.4556341861731
A_NA_N3	1283	7372	C	0	0	7371	37.668430335097
A_NA_N3	1284	7185	A	0	0	7183	37.9575386328832
A_NA_N3	1285	7142	T	0	0	7139	37.7377784003362
A_NA_N3	1286	6862	T	0	0	6861	37.9835300976534
A_NA_N3	1287	6905	G	0	0	6899	37.799246267575
A_NA_N3	1288	6903	A	0	0	6889	37.47481492234
A_NA_N3	1289	6953	G	0	0	6946	37.734235531241
A_NA_N3	1290	6993	C	0	0	6981	37.3499498639163
A_NA_N3	1291	6925	T	3	0	6908	37.7007817023741
A_NA_N3	1292	6919	T	1	0	6914	37.7972230257449
A_NA_N3	1293	6949	A	1	0	6943	37.6325795765519
A_NA_N3	1294	6961	T	0	0	6958	36.6080770336304
A_NA_N3	1295	6964	A	0	0	6948	36.9578295912493
A_NA_N3	1296	6771	C	0	0	6767	36.6308556228757
A_NA_N3	1297	6626	G	0	0	6622	37.5517970401691
A_NA_N3	1298	6294	A	1	0	6279	37.4752349100175
A_NA_N3	1299	6287	G	2	0	6279	36.7572861920688
A_NA_N3	1300	6301	G	0	0	6300	37.4184126984127
A_NA_N3	1301	6274	G	0	0	6267	37.4938567097495
A_NA_N3	1302	6280	A	0	0	6268	36.9821314613912
A_NA_N3	1303	6244	G	0	0	6243	37.4098990869774
A_NA_N3	1304	6278	G	0	0	6274	37.184093082563
A_NA_N3	1305	6266	C	1	0	6244	35.5225816784113
A_NA_N3	1306	6293	C	1	0	6226	36.6194988756826
A_NA_N3	1307	6261	C	1	0	6258	37.3414829018856
A_NA_N3	1308	6243	A	1	0	6231	37.6450008024394
A_NA_N3	1309	6243	A	1	0	6228	37.6692357096981
A_NA_N3	1310	6246	C	1	0	6245	37.8244995996797
A_NA_N3	1311	6221	A	0	0	6217	37.8196879523886
A_NA_N3	1312	6132	A	0	0	6125	37.9296326530612
A_NA_N3	1313	6108	G	0	0	6106	37.916311824435
A_NA_N3	1314	6072	A	0	0	6066	37.9955489614243
A_NA_N3	1315	6073	A	0	0	6070	37.9937397034596
A_NA_N3	1316	5918	T	0	0	5915	37.9722738799662
A_NA_N3	1317	5908	G	0	0	5901	38.0998135909168
A_NA_N3	1318	5887	A	1	0	5885	37.9663551401869
A_NA_N3	1319	5826	T	0	1	5819	37.2584636535487
A_NA_N3	1320	5824	G	0	1	5820	37.6876288659794
A_NA_N3	1321	5814	A	0	0	5792	37.529523480663
A_NA_N3	1322	5749	C	0	0	5745	37.161183637946
A_NA_N3	1323	5736	G	0	0	5730	37.9420593368237
A_NA_N3	1324	5714	T	0	0	5707	37.9306115297004
A_NA_N3	1325	5718	T	0	0	5715	37.8048993875766
A_NA_N3	1326	5711	T	0	0	5707	37.7411950236552
A_NA_N3	1327	5709	C	0	0	5705	37.6965819456617
A_NA_N3	1328	5694	T	0	0	5687	37.8213469315984
A_NA_N3	1329	5684	T	0	0	5678	37.7777386403663
A_NA_N3	1330	5683	G	0	0	5676	37.6231501057082
A_NA_N3	1331	5669	G	0	0	5663	37.5541232562246
A_NA_N3	1332	5665	A	0	0	5658	37.6442205726405
A_NA_N3	1333	5657	C	0	0	5653	37.5128250486467
A_NA_N3	1334	5474	A	0	0	5471	37.7830378358618
A_NA_N3	1335	5461	A	0	0	5457	37.7971412864211
A_NA_N3	1336	5460	G	0	0	5458	37.8173323561744
A_NA_N3	1337	5456	T	0	0	5454	37.7396406307297
A_NA_N3	1338	5453	A	0	0	5450	37.6823853211009
A_NA_N3	1339	5417	A	0	0	5407	37.5603846865175
A_NA_N3	1340	5406	T	0	0	5400	37.2812962962963
A_NA_N3	1341	5379	A	0	0	5370	37.2711359404097
A_NA_N3	1342	5379	G	0	0	5375	37.2277209302326
A_NA_N3	1343	5255	T	0	0	5251	36.9451533041325
A_NA_N3	1344	5051	A	0	0	5050	37.1980198019802
A_NA_N3	1345	4876	T	0	0	4872	37.1038587848933
A_NA_N3	1346	4464	A	0	0	4461	37.4546065904506
A_NA_N3	1347	4464	G	0	0	4463	37.3076406004929
A_NA_N3	1348	4269	T	0	0	4263	37.2880600516068
A_NA_N3	1349	4237	T	0	0	4233	36.867706118592
A_NA_N3	1350	4216	A	0	0	4192	36.0985209923664
A_NA_N3	1351	4029	C	1	0	4029	37.1975676346488
A_NA_N3	1352	3834	T	2	0	3829	37.4993470880125
A_NA_N3	1353	3831	T	1	0	3825	37.3952941176471
A_NA_N3	1354	3783	T	1	0	3780	37.3074074074074
A_NA_N3	1355	3780	C	1	0	3779	37.4506483196613
A_NA_N3	1356	3578	T	0	0	3575	36.9776223776224
A_NA_N3	1357	3575	G	0	0	3573	36.9510215505178
A_NA_N3	1358	3503	T	0	0	3501	37.530991145387
A_NA_N3	1359	3486	G	0	0	3483	37.609819121447
A_NA_N3	1360	3464	G	0	0	3462	37.5439052570768
A_NA_N3	1361	3463	G	0	0	3460	37.2771676300578
A_NA_N3	1362	3460	C	0	0	3455	36.7881331403763
A_NA_N3	1363	3437	T	0	0	3436	37.5454016298021
A_NA_N3	1364	3407	A	0	0	3404	37.2003525264395
A_NA_N3	1365	3407	G	0	0	3407	37.4916348693866
A_NA_N3	1366	3400	A	0	0	3390	37.3265486725664
A_NA_N3	1367	3398	C	0	0	3396	37.1760895170789
A_NA_N3	1368	3128	A	0	0	3125	37.75104
A_NA_N3	1369	3121	A	0	0	3120	37.7919871794872
A_NA_N3	1370	3106	T	0	0	3104	37.6311211340206
A_NA_N3	1371	3100	G	0	0	3100	37.3648387096774
A_NA_N3	1372	3088	A	0	0	3085	37.1215559157212
A_NA_N3	1373	3030	A	0	0	3017	36.4030493868081
A_NA_N3	1374	3026	C	0	0	3024	37.1623677248677
A_NA_N3	1375	2981	C	0	0	2979	37.4766700234978
A_NA_N3	1376	2872	T	0	0	2866	37.655617585485
A_NA_N3	1377	2870	G	0	0	2865	36.8184991273997
A_NA_N3	1378	2866	G	0	0	2865	36.7703315881326
A_NA_N3	1379	2858	A	0	0	2854	36.6618780658725
A_NA_N3	1380	2853	T	0	0	2852	36.5852033660589
A_NA_N3	1381	2751	C	0	0	2749	36.8588577664605
A_NA_N3	1382	2743	G	0	0	2742	37.7093362509117
A_NA_N3	1383	2742	G	0	0	2740	37.7835766423358
A_NA_N3	1384	2742	G	0	0	2736	37.7441520467836
A_NA_N3	1385	2737	A	1	0	2735	37.9038391224863
A_NA_N3	1386	2708	A	0	0	2708	37.7917282127031
A_NA_N3	1387	2698	A	0	0	2698	37.8117123795404
A_NA_N3	1388	2689	T	0	0	2687	37.186453293636
A_NA_N3	1389	2623	T	0	0	2621	37.5566577642121
A_NA_N3	1390	2621	G	0	0	2621	37.0793590232736
A_NA_N3	1391	2618	G	0	0	2616	37.3719418960245
A_NA_N3	1392	2612	C	0	0	2604	36.7269585253456
A_NA_N3	1393	2603	C	0	0	2599	37.0234705656022
A_NA_N3	1394	2574	T	0	0	2570	37.656420233463
A_NA_N3	1395	2574	G	0	0	2574	37.6324786324786
A_NA_N3	1396	2572	A	0	0	2570	37.6517509727626
A_NA_N3	1397	2572	T	0	0	2569	37.5687037757882
A_NA_N3	1398	2569	G	0	0	2567	36.3731982859369
A_NA_N3	1399	2519	G	0	0	2519	37.3056768558952
A_NA_N3	1400	2500	T	0	0	2498	37.5928742994396
A_NA_N3	1401	2499	T	0	0	2495	37.0456913827655
A_NA_N3	1402	2497	C	1	0	2494	36.8761026463512
A_NA_N3	1403	2497	C	0	0	2495	36.8805611222445
A_NA_N3	1404	2469	A	0	0	2468	36.6592382495948
A_NA_N3	1405	2467	A	0	0	2466	36.8138686131387
A_NA_N3	1406	2458	T	0	0	2457	36.6361416361416
A_NA_N3	1407	2410	A	0	0	2410	36.8900414937759
A_NA_N3	1408	2313	T	0	0	2310	36.2805194805195
A_NA_N3	1409	1979	T	0	0	1979	36.3102577059121
A_NA_N3	1410	1974	G	0	0	1972	36.2570993914807
A_NA_N3	1411	1959	G	0	0	1956	36.8353783231084
A_NA_N3	1412	1957	G	0	0	1954	36.9631525076766
A_NA_N3	1413	1867	T	1	0	1866	37.0734190782422
A_NA_N3	1414	1695	T	0	0	1692	37.0703309692671
A_NA_N3	1415	1675	T	0	0	1674	37.2347670250896
A_NA_N3	1416	1643	A	0	0	1642	37.1211936662607
A_NA_N3	1417	1641	T	0	0	1637	37.0690287110568
A_NA_N3	1418	1640	G	0	0	1638	36.8821733821734
A_NA_N3	1419	1626	C	0	0	1623	35.6426370918053
A_NA_N3	1420	1594	C	0	0	1592	36.3913316582915
A_NA_N3	1421	1419	C	0	0	1418	37.0550070521862
A_NA_N3	1422	1408	A	0	0	1407	37.1890547263682
A_NA_N3	1423	1408	A	0	0	1407	37.4570007107321
A_NA_N3	1424	1408	G	0	0	1408	37.4275568181818
A_NA_N3	1425	1367	T	0	0	1367	37.7278712509144
A_NA_N3	1426	1328	A	0	0	1328	37.2409638554217
A_NA_N3	1427	1298	A	0	0	1297	37.2151117964534
A_NA_N3	1428	1294	T	0	0	1290	37.1046511627907
A_NA_N3	1429	1278	A	0	0	1275	36.96
A_NA_N3	1430	1278	G	0	0	1278	36.4632237871675
A_NA_N3	1431	1143	A	1	0	1143	36.6841644794401
A_NA_N3	1432	1127	A	0	0	1127	37.1561668145519
A_NA_N3	1433	1062	A	0	0	1062	37.364406779661
A_NA_N3	1434	1040	A	0	0	1039	37.1029836381136
A_NA_N3	1435	1040	A	0	0	1040	36.975
A_NA_N3	1436	1017	A	0	0	1012	36.6205533596838
A_NA_N3	1437	1016	G	0	0	1016	36.2706692913386
A_NA_N3	1438	1011	C	0	0	1008	36.0297619047619
A_NA_N3	1439	952	A	1	0	940	35.6670212765957
A_NA_N3	1440	953	C	0	0	952	33.4275210084034
A_NA_N3	1441	922	C	0	0	922	35.9468546637744
A_NA_N3	1442	917	T	0	0	915	33.1901639344262
A_NA_N3	1443	907	T	0	0	904	35.9856194690265
A_NA_N3	1444	906	G	0	0	906	35.5441501103753
A_NA_N3	1445	891	T	0	0	891	35.9573512906846
A_NA_N3	1446	879	T	0	0	879	35.8839590443686
A_NA_N3	1447	875	T	0	0	871	32.48794489093
A_NA_N3	1448	854	C	0	0	852	32.8169014084507
A_NA_N3	1449	780	T	0	0	780	32.725641025641
A_NA_N3	1450	778	A	0	0	778	32.6992287917738
A_NA_N3	1451	777	C	0	0	777	32.5637065637066
