Reference_Name	Position	Coverage Depth	Consensus	Deletions	Ambiguous	Consensus_Count	Consensus_Average_Quality
A_NP	1	50	C	0	0	50	33.98
A_NP	2	86	A	0	0	86	32.7674418604651
A_NP	3	143	G	0	0	143	33.1958041958042
A_NP	4	145	C	0	0	145	33.3931034482759
A_NP	5	150	A	0	0	150	32.9733333333333
A_NP	6	172	A	0	0	172	33.7325581395349
A_NP	7	209	A	0	0	209	34.3923444976077
A_NP	8	210	A	0	0	210	35.3571428571429
A_NP	9	222	G	0	0	222	35.2657657657658
A_NP	10	225	C	0	0	225	35.4577777777778
A_NP	11	226	A	0	0	226	35.7787610619469
A_NP	12	308	G	0	0	307	34.4788273615635
A_NP	13	313	G	0	0	313	32.370607028754
A_NP	14	408	G	0	0	408	33.4436274509804
A_NP	15	408	T	0	0	404	34.3762376237624
A_NP	16	413	A	0	0	413	34.728813559322
A_NP	17	522	G	0	0	521	33.7600767754319
A_NP	18	526	A	0	0	526	35.1121673003802
A_NP	19	556	T	0	0	556	35.8776978417266
A_NP	20	558	A	0	0	558	36.0824372759857
A_NP	21	658	A	0	0	658	35.6884498480243
A_NP	22	671	T	0	0	671	36.2891207153502
A_NP	23	685	C	0	0	685	36.0978102189781
A_NP	24	685	A	0	0	684	36.624269005848
A_NP	25	727	C	0	0	726	36.3787878787879
A_NP	26	727	T	0	0	725	36.8496551724138
A_NP	27	762	C	0	0	761	36.7700394218134
A_NP	28	767	A	0	0	767	36.890482398957
A_NP	29	793	C	0	0	793	36.7679697351829
A_NP	30	794	C	0	0	793	37.0542244640605
A_NP	31	799	G	0	0	798	35.9248120300752
A_NP	32	820	A	0	0	820	35.9707317073171
A_NP	33	858	G	0	0	858	36.002331002331
A_NP	34	859	T	0	0	854	35.7763466042155
A_NP	35	894	G	0	0	893	36.1511758118701
A_NP	36	900	A	0	0	898	37.0723830734967
A_NP	37	979	C	0	0	978	37.1308793456033
A_NP	38	1013	A	0	0	1011	37.11078140455
A_NP	39	1021	T	0	0	1021	37.126346718903
A_NP	40	1076	C	0	0	1075	37.0874418604651
A_NP	41	1080	C	0	0	1078	36.9730983302412
A_NP	42	1106	A	0	0	1103	37.1350861287398
A_NP	43	1170	C	0	0	1170	37.3324786324786
A_NP	44	1175	A	0	0	1167	37.299057412168
A_NP	45	1185	T	0	0	1183	37.3896872358411
A_NP	46	1187	C	0	0	1187	37.2687447346251
A_NP	47	1188	A	0	0	1187	37.3369839932603
A_NP	48	1192	T	0	0	1189	37.3280067283431
A_NP	49	1194	G	0	0	1191	36.0226700251889
A_NP	50	1198	G	0	0	1196	36.5016722408027
A_NP	51	1209	C	0	0	1208	37.2458609271523
A_NP	52	1231	G	0	0	1229	36.1236777868186
A_NP	53	1280	T	1	0	1278	36.2190923317684
A_NP	54	1309	C	1	0	1309	36.3269671504966
A_NP	55	1314	T	0	0	1313	36.4645849200305
A_NP	56	1316	C	0	0	1315	37.5855513307985
A_NP	57	1316	A	0	0	1316	37.6770516717325
A_NP	58	1319	A	0	0	1316	37.4756838905775
A_NP	59	1325	G	0	0	1325	37.331320754717
A_NP	60	1359	G	0	0	1358	37.0110456553756
A_NP	61	1360	C	0	0	1357	37.1672807663965
A_NP	62	1360	A	0	0	1360	37.5455882352941
A_NP	63	1379	C	0	0	1378	37.5507982583454
A_NP	64	1380	C	0	0	1378	36.688679245283
A_NP	65	1389	A	0	0	1387	37.9336697909156
A_NP	66	1389	A	0	0	1387	37.6928622927181
A_NP	67	1392	A	0	0	1390	37.5906474820144
A_NP	68	1394	C	0	0	1392	37.7708333333333
A_NP	69	1399	G	0	0	1397	37.0400858983536
A_NP	70	1461	A	0	0	1457	36.1304049416609
A_NP	71	1463	T	0	0	1461	37.2203969883641
A_NP	72	1602	C	0	0	1600	37.17375
A_NP	73	1602	T	0	0	1601	37.3260462211118
A_NP	74	1622	T	0	0	1620	37.4648148148148
A_NP	75	1624	A	0	0	1622	37.5610357583231
A_NP	76	1624	T	0	0	1623	37.7412199630314
A_NP	77	1643	G	0	0	1641	37.9146861669714
A_NP	78	1644	A	0	0	1642	37.7204628501827
A_NP	79	1644	A	0	0	1643	37.8387096774194
A_NP	80	1655	C	0	0	1652	37.8129539951574
A_NP	81	1655	A	0	0	1655	37.8429003021148
A_NP	82	1805	G	0	0	1805	37.4759002770083
A_NP	83	1811	A	0	0	1804	36.84977827051
A_NP	84	1812	T	0	0	1811	37.4053009387079
A_NP	85	1817	G	0	0	1816	37.5154185022026
A_NP	86	1821	G	0	0	1819	37.1198460692688
A_NP	87	1825	A	0	0	1823	37.2292923752057
A_NP	88	1846	A	0	0	1844	37.3226681127983
A_NP	89	1846	A	0	0	1846	37.7529794149512
A_NP	90	1911	C	0	0	1907	37.6434189826953
A_NP	91	1911	T	0	0	1909	37.7695128339445
A_NP	92	1932	G	0	0	1931	37.7270844122217
A_NP	93	1941	G	0	0	1939	37.5817431665807
A_NP	94	1941	T	0	0	1919	36.0937988535696
A_NP	95	1946	G	0	0	1945	37.2987146529563
A_NP	96	1950	G	0	0	1950	36.5276923076923
A_NP	97	1950	A	0	0	1944	36.9501028806584
A_NP	98	1964	G	0	0	1964	37.0030549898167
A_NP	99	1963	A	0	0	1960	37.430612244898
A_NP	100	1968	A	0	0	1963	37.6765155374427
A_NP	101	1994	C	0	0	1992	37.7926706827309
A_NP	102	1994	G	0	0	1994	37.1940822467402
A_NP	103	2016	C	0	0	2013	36.9960258320914
A_NP	104	2016	C	0	0	2015	37.1776674937965
A_NP	105	2034	A	0	0	2032	37.2923228346457
A_NP	106	2056	G	0	0	2056	37.2869649805447
A_NP	107	2057	A	0	0	2055	37.6408759124088
A_NP	108	2092	A	0	0	2090	37.9028708133971
A_NP	109	2092	T	0	0	2090	38.0196172248804
A_NP	110	2103	G	0	0	2101	37.6520704426464
A_NP	111	2143	C	0	0	2140	37.7107476635514
A_NP	112	2146	C	0	0	2146	37.8126747437092
A_NP	113	2165	A	0	0	2163	37.9805825242718
A_NP	114	2165	C	0	0	2163	38.1308368007397
A_NP	115	2165	T	0	0	2164	38.1247689463956
A_NP	116	2188	G	0	0	2188	38.0521023765996
A_NP	117	2220	A	0	0	2217	37.6851601262968
A_NP	118	2383	G	0	0	2382	37.5927791771621
A_NP	119	2383	A	0	0	2381	37.1642167156657
A_NP	120	2384	T	0	0	2381	37.4561108777824
A_NP	121	2388	T	0	0	2388	37.5820770519263
A_NP	122	2388	A	0	0	2386	37.6642917015926
A_NP	123	2405	G	1	0	2405	37.6698544698545
A_NP	124	2408	G	0	0	2407	37.3830494391359
A_NP	125	2411	G	0	0	2408	37.2765780730897
A_NP	126	2419	C	0	0	2418	37.6538461538462
A_NP	127	2413	A	0	0	2411	36.9921194525093
A_NP	128	2486	T	0	0	2483	37.7672170761176
A_NP	129	2553	C	0	0	2553	37.5922444183314
A_NP	130	2556	T	0	0	2556	37.6701877934272
A_NP	131	2839	G	0	0	2838	37.1860465116279
A_NP	132	2840	T	0	0	2834	36.8348623853211
A_NP	133	2840	T	0	0	2803	37.3674634320371
A_NP	134	2846	G	1	0	2845	37.3869947275923
A_NP	135	2872	G	0	0	2871	37.002438174852
A_NP	136	2878	G	0	0	2877	36.5683003128259
A_NP	137	2878	A	0	0	2873	37.0723981900452
A_NP	138	2884	G	0	0	2884	36.9514563106796
A_NP	139	2879	A	0	0	2877	36.7010775112965
A_NP	140	2882	A	0	0	2878	37.6660875608061
A_NP	141	2891	T	0	0	2890	37.6301038062284
A_NP	142	2916	G	0	0	2916	37.8333333333333
A_NP	143	2917	G	0	0	2915	37.6253859348199
A_NP	144	2916	T	0	0	2906	37.2202339986235
A_NP	145	2921	T	0	0	2919	37.6327509421035
A_NP	146	2932	G	0	0	2931	37.007847151143
A_NP	147	2951	G	0	0	2951	36.8688580142325
A_NP	148	2949	T	0	0	2924	35.6860465116279
A_NP	149	2959	G	0	0	2958	36.6517917511832
A_NP	150	2966	G	0	0	2965	36.6340640809443
A_NP	151	2977	A	0	0	2975	37.3388235294118
A_NP	152	2967	A	0	0	2965	37.4731871838111
A_NP	153	2942	T	0	0	2936	37.7554495912807
A_NP	154	2919	C	0	0	2916	37.9002057613169
A_NP	155	2925	G	0	0	2923	37.8925761204242
A_NP	156	2936	G	0	0	2934	36.8643490115883
A_NP	157	2934	G	0	0	2932	36.956002728513
A_NP	158	2920	A	0	0	2911	36.6956372380625
A_NP	159	2925	G	0	0	2925	37.0755555555556
A_NP	160	2958	A	0	0	2952	36.9908536585366
A_NP	161	3004	T	0	0	3004	37.7040612516644
A_NP	162	3036	T	0	0	3036	37.8679183135705
A_NP	163	2962	C	0	0	2958	37.7339418526031
A_NP	164	2965	T	0	0	2961	37.7348868625464
A_NP	165	3066	A	0	0	3064	37.6857049608355
A_NP	166	3081	C	0	0	3079	37.8379343942839
A_NP	167	3179	A	0	0	3178	37.7300188797986
A_NP	168	3133	T	0	0	3129	37.7654202620646
A_NP	169	3113	C	0	0	3100	37.5941935483871
A_NP	170	3123	C	0	0	3121	37.7010573534124
A_NP	171	3120	A	0	0	3108	37.7133204633205
A_NP	172	3179	G	0	0	3179	37.681660899654
A_NP	173	3170	A	0	0	3165	37.5848341232227
A_NP	174	3147	T	0	0	3147	37.5691134413727
A_NP	175	3155	G	0	0	3153	37.6993339676499
A_NP	176	3119	T	0	0	3107	37.2838751206952
A_NP	177	3161	G	0	0	3158	37.5085497150095
A_NP	178	3143	C	0	0	3139	37.5068493150685
A_NP	179	3145	A	0	0	3138	37.8463989802422
A_NP	180	3123	C	0	0	3121	37.7411086190324
A_NP	181	3093	T	0	0	3092	37.9508408796895
A_NP	182	3278	G	0	0	3277	37.4324076899603
A_NP	183	3292	A	0	0	3289	37.2444512009729
A_NP	184	3298	A	0	0	3297	37.5247194419169
A_NP	185	3310	C	0	0	3310	37.2978851963746
A_NP	186	3300	T	0	0	3298	37.5718617343845
A_NP	187	3288	C	0	0	3285	37.7811263318113
A_NP	188	3286	A	0	0	3282	37.8991468616697
A_NP	189	3284	A	0	0	3276	37.6184371184371
A_NP	190	3291	A	0	0	3289	37.7230161143205
A_NP	191	3295	C	0	0	3292	37.6801336573512
A_NP	192	3292	T	0	0	3288	37.6344282238443
A_NP	193	3271	C	0	0	3267	37.8138965411693
A_NP	194	3263	A	0	0	3258	37.9840392879067
A_NP	195	3283	G	0	0	3279	37.8151875571821
A_NP	196	3281	T	0	0	3264	37.3716299019608
A_NP	197	3308	G	0	0	3306	37.6073805202662
A_NP	198	3333	A	0	0	3331	37.7027919543681
A_NP	199	3409	C	0	0	3409	37.5004400117336
A_NP	200	3445	C	0	0	3441	37.5666957279861
A_NP	201	3449	A	0	0	3446	37.6337782936738
A_NP	202	3444	T	0	0	3440	37.8651162790698
A_NP	203	3442	G	0	0	3439	37.7787147426577
A_NP	204	3433	A	0	0	3429	37.7031204432779
A_NP	205	3440	A	0	0	3425	37.5743065693431
A_NP	206	3436	G	1	0	3431	37.677936461673
A_NP	207	3435	G	0	0	3433	37.4742207981357
A_NP	208	3433	G	0	0	3428	36.6855309218203
A_NP	209	3382	A	0	0	3371	37.1106496588549
A_NP	210	3412	G	0	0	3411	36.7185576077397
A_NP	211	3406	A	0	0	3396	37.1283863368669
A_NP	212	3399	C	0	0	3399	37.2409532215357
A_NP	213	3377	T	0	0	3375	38.0177777777778
A_NP	214	3371	A	0	0	3367	37.9417879417879
A_NP	215	3540	A	0	0	3530	37.7410764872521
A_NP	216	3540	T	0	0	3537	37.845914616907
A_NP	217	3545	C	0	0	3541	37.5509743010449
A_NP	218	3545	C	0	0	3538	37.6370830977954
A_NP	219	3536	A	1	0	3535	37.7425742574257
A_NP	220	3545	A	0	0	3540	37.7915254237288
A_NP	221	3517	A	0	0	3510	37.7706552706553
A_NP	222	3514	A	0	0	3511	37.5972657362575
A_NP	223	3474	C	0	0	3470	37.8397694524496
A_NP	224	3418	A	0	0	3412	37.6781946072685
A_NP	225	3436	G	0	0	3434	37.9036109493302
A_NP	226	3466	C	0	0	3464	37.7176674364896
A_NP	227	3465	A	0	0	3460	37.8566473988439
A_NP	228	3614	T	0	0	3610	37.6163434903047
A_NP	229	3656	C	0	0	3653	37.5754174650972
A_NP	230	3800	A	0	0	3796	37.5160695468915
A_NP	231	3935	C	0	0	3934	37.4395017793594
A_NP	232	3957	A	0	0	3955	37.6303413400759
A_NP	233	3919	A	0	0	3915	37.3844189016603
A_NP	234	3905	T	0	0	3902	37.3270117888262
A_NP	235	3937	A	0	0	3935	37.4602287166455
A_NP	236	3954	G	0	0	3952	37.480516194332
A_NP	237	3908	A	0	0	3900	37.3007692307692
A_NP	238	3925	G	0	0	3923	37.6257965842467
A_NP	239	3834	A	0	0	3830	37.5396866840731
A_NP	240	3902	G	0	0	3901	36.73981030505
A_NP	241	3887	A	0	0	3883	36.6670100437806
A_NP	242	3896	A	0	0	3894	37.4627632254751
A_NP	243	3897	T	0	0	3893	37.6128949396352
A_NP	244	3888	G	0	0	3886	37.6250643335049
A_NP	245	3918	G	0	0	3915	37.8135376756066
A_NP	246	3911	T	0	0	3892	36.8825796505653
A_NP	247	3911	T	0	0	3907	37.2244689019708
A_NP	248	3913	C	0	0	3911	37.5098440296599
A_NP	249	3937	T	0	0	3933	37.6620900076278
A_NP	250	3934	C	0	0	3930	37.7547073791349
A_NP	251	3927	T	0	0	3917	37.8164411539443
A_NP	252	3947	C	0	0	3945	37.8899873257288
A_NP	253	3937	A	0	0	3931	38.0325616891376
A_NP	254	3985	G	0	0	3984	37.7745983935743
A_NP	255	3994	C	0	0	3989	37.8475808473302
A_NP	256	3993	A	0	0	3992	38.0460921843687
A_NP	257	4025	T	1	0	4019	37.8449863150037
A_NP	258	4020	T	0	0	4018	37.9579392732703
A_NP	259	4000	T	0	0	3997	38.1433575181386
A_NP	260	4013	G	0	0	4012	38.0578265204387
A_NP	261	4009	A	0	0	4004	37.7922077922078
A_NP	262	3991	T	0	0	3985	38.024843161857
A_NP	263	3988	G	0	0	3985	38.0858218318695
A_NP	264	3965	A	0	0	3959	37.8497095226067
A_NP	265	4025	G	0	0	4023	37.8496147153865
A_NP	266	4021	A	0	0	4013	37.6730625467232
A_NP	267	4277	G	0	0	4272	37.4934456928839
A_NP	268	4259	A	0	0	4250	36.8254117647059
A_NP	269	4179	A	0	0	4174	37.477719214183
A_NP	270	4201	G	0	0	4201	37.5305879552487
A_NP	271	4216	A	0	0	4206	37.2206371849738
A_NP	272	4216	A	0	0	4202	37.6035221323179
A_NP	273	4248	A	0	0	4245	37.8914016489988
A_NP	274	4246	C	0	0	4244	37.888548539114
A_NP	275	4247	A	0	0	4247	38.0642806687073
A_NP	276	4245	A	0	0	4243	37.5665802498232
A_NP	277	4251	A	0	0	4246	37.8099387658973
A_NP	278	4260	T	0	0	4258	37.7184124001879
A_NP	279	4305	A	0	0	4303	37.8689286544271
A_NP	280	4269	T	1	0	4268	37.8451265229616
A_NP	281	4113	C	1	0	4108	37.7241966893866
A_NP	282	4110	T	0	0	4110	37.9401459854015
A_NP	283	4127	G	0	0	4127	37.8274775866247
A_NP	284	4137	G	0	0	4136	37.6455512572534
A_NP	285	4146	A	0	0	4139	37.8098574534912
A_NP	286	4133	A	0	0	4129	37.8411237587794
A_NP	287	4171	G	0	0	4168	37.649472168906
A_NP	288	4146	A	0	0	4134	37.8200290275762
A_NP	289	4169	G	0	0	4168	37.6545105566219
A_NP	290	4159	C	0	0	4157	37.5325956218427
A_NP	291	4169	A	0	0	4163	37.7857314436704
A_NP	292	4322	T	0	0	4318	37.69546086151
A_NP	293	4327	C	0	0	4322	37.7336881073577
A_NP	294	4332	C	0	0	4322	37.4914391485423
A_NP	295	4328	C	0	0	4292	37.5342497670084
A_NP	296	4299	A	0	0	4288	37.6921641791045
A_NP	297	4444	G	0	0	4442	37.6490319675822
A_NP	298	4446	T	0	0	4430	37.1618510158014
A_NP	299	4462	G	0	0	4462	37.4049753473779
A_NP	300	4457	C	0	0	4451	37.3531790608852
A_NP	301	4406	T	0	0	4398	37.6834924965894
A_NP	302	4459	G	1	0	4458	37.7691790040377
A_NP	303	4468	G	0	0	4467	37.4929482874412
A_NP	304	4482	G	0	0	4481	36.8544967641152
A_NP	305	4491	A	1	0	4483	37.6091902743698
A_NP	306	4394	A	0	0	4392	37.9437613843352
A_NP	307	4375	A	0	0	4358	37.6984855438274
A_NP	308	4388	G	0	0	4383	37.4985169974903
A_NP	309	4410	A	0	0	4399	37.5846783359855
A_NP	310	4448	C	0	0	4445	37.6823397075366
A_NP	311	4410	C	0	0	4404	37.3628519527702
A_NP	312	4387	C	0	0	4381	37.4690709883588
A_NP	313	4414	T	0	0	4405	37.783427922815
A_NP	314	4420	A	0	0	4418	37.9667270258035
A_NP	315	4414	A	0	0	4413	37.9311126217992
A_NP	316	4392	G	0	0	4390	37.879271070615
A_NP	317	4396	A	0	0	4394	37.9035047792444
A_NP	318	4346	A	0	0	4345	37.9258918296893
A_NP	319	4323	A	0	0	4320	37.9259259259259
A_NP	320	4325	A	0	0	4318	37.9198703103289
A_NP	321	4273	C	0	0	4268	37.9165885660731
A_NP	322	4249	T	0	0	4248	37.8006120527307
A_NP	323	4251	G	0	0	4248	37.7911958568738
A_NP	324	4263	G	0	0	4261	37.3632950011734
A_NP	325	4263	A	0	0	4253	37.448154244063
A_NP	326	4446	G	0	0	4444	37.4131413141314
A_NP	327	4477	G	0	0	4476	36.670017873101
A_NP	328	4490	T	0	0	4458	35.911619560341
A_NP	329	4529	C	0	0	4527	36.9770267285178
A_NP	330	4519	C	0	0	4475	37.2268156424581
A_NP	331	4522	A	0	0	4521	37.7312541473125
A_NP	332	4640	A	0	0	4635	37.4392664509169
A_NP	333	4522	T	0	0	4518	37.6814962372731
A_NP	334	4565	C	0	0	4564	37.5293602103418
A_NP	335	4545	T	0	0	4542	37.6433289299868
A_NP	336	4523	A	1	0	4519	37.6532418676698
A_NP	337	4547	C	0	0	4545	37.7969196919692
A_NP	338	4533	A	0	0	4525	37.8187845303867
A_NP	339	4610	G	0	0	4609	37.7405077023215
A_NP	340	4619	G	0	0	4614	37.5186389250108
A_NP	341	4534	A	1	0	4526	37.3075563411401
A_NP	342	4513	G	0	0	4513	37.0722357633503
A_NP	343	4510	A	0	0	4506	37.205281846427
A_NP	344	4509	A	0	0	4500	37.6264444444444
A_NP	345	4512	G	0	0	4509	37.7677977378576
A_NP	346	4501	A	0	0	4487	37.4831736126588
A_NP	347	4536	G	0	0	4531	37.3924078569852
A_NP	348	4499	A	0	0	4491	37.5032286795814
A_NP	349	4456	C	0	0	4452	37.4146451033243
A_NP	350	4456	G	0	0	4453	37.3051875140355
A_NP	351	4454	G	0	0	4450	37.3139325842697
A_NP	352	4479	G	0	0	4477	37.3153897699352
A_NP	353	4499	A	1	0	4495	36.8883203559511
A_NP	354	4490	A	0	0	4484	37.2187778768956
A_NP	355	4500	A	0	0	4493	37.5034498108168
A_NP	356	4485	T	0	0	4482	37.8567603748327
A_NP	357	4547	G	1	0	4543	37.8928021131411
A_NP	358	4556	G	0	0	4554	37.6958717610892
A_NP	359	4558	A	0	0	4550	37.2971428571429
A_NP	360	4527	T	0	0	4519	37.5622925425979
A_NP	361	4504	G	0	0	4502	37.6936916925811
A_NP	362	4516	A	0	0	4512	37.5044326241135
A_NP	363	4522	G	1	0	4521	37.683698296837
A_NP	364	4529	G	0	0	4525	37.5089502762431
A_NP	365	4621	G	0	0	4618	36.7914681680381
A_NP	366	4527	A	0	0	4519	36.757911042266
A_NP	367	4532	G	0	0	4528	36.8984098939929
A_NP	368	4561	T	0	0	4547	36.5069276446008
A_NP	369	4565	T	0	0	4555	37.3712403951701
A_NP	370	4586	G	0	0	4582	37.5493234395461
A_NP	371	4736	A	0	0	4727	37.1669134757774
A_NP	372	4756	T	0	0	4743	37.2043010752688
A_NP	373	4752	C	0	0	4749	37.3000631711939
A_NP	374	4906	C	0	0	4905	37.3290519877676
A_NP	375	4872	T	0	0	4868	37.5583401807724
A_NP	376	4946	A	0	0	4942	37.6586402266289
A_NP	377	4943	T	0	0	4940	37.7141700404858
A_NP	378	4955	A	0	0	4948	37.605497170574
A_NP	379	4873	T	0	0	4870	37.7889117043121
A_NP	380	4774	G	0	0	4771	37.6883252986795
A_NP	381	4826	A	0	0	4820	37.502489626556
A_NP	382	4795	C	0	0	4791	37.4652473387602
A_NP	383	4689	A	0	0	4687	37.7947514401536
A_NP	384	4685	A	0	0	4681	37.6673787652211
A_NP	385	4652	A	0	0	4648	37.7319277108434
A_NP	386	4718	G	0	0	4714	37.6635553669919
A_NP	387	4733	A	0	0	4724	37.6261642675699
A_NP	388	4717	A	0	0	4710	37.6365180467091
A_NP	389	4716	G	0	0	4714	37.6567670767925
A_NP	390	4631	A	0	0	4614	37.560251408756
A_NP	391	4638	G	0	0	4636	37.6121656600518
A_NP	392	4667	A	0	0	4662	37.5714285714286
A_NP	393	4680	T	0	0	4680	37.4326923076923
A_NP	394	4685	C	0	0	4682	37.6029474583511
A_NP	395	4639	A	0	0	4635	37.7769147788565
A_NP	396	4669	G	0	0	4666	37.8606943849121
A_NP	397	4698	A	1	0	4692	37.8147911338448
A_NP	398	4690	A	0	0	4681	37.7263405255287
A_NP	399	4696	G	0	0	4695	37.6651757188498
A_NP	400	4723	G	0	0	4722	37.4379500211775
A_NP	401	4736	A	0	0	4700	37.5372340425532
A_NP	402	4741	T	0	0	4737	37.6263457884737
A_NP	403	4710	C	0	0	4706	37.3106672333192
A_NP	404	4707	T	0	0	4696	37.3626490630324
A_NP	405	4715	G	0	0	4712	37.3558998302207
A_NP	406	4722	G	0	0	4720	37.3271186440678
A_NP	407	4700	C	0	0	4695	37.0828541001065
A_NP	408	4694	G	0	0	4687	37.3368892681886
A_NP	409	4673	T	0	0	4662	36.8322608322608
A_NP	410	4702	C	0	0	4699	36.4743562460098
A_NP	411	4702	A	0	0	4696	37.1062606473595
A_NP	412	4714	A	0	0	4706	36.4849128771781
A_NP	413	4723	G	0	0	4721	37.3634823130693
A_NP	414	4708	C	0	0	4701	37.6234843650287
A_NP	415	4760	G	0	0	4756	37.4671993271657
A_NP	416	4744	A	0	0	4742	37.0638970898355
A_NP	417	4763	A	0	0	4759	37.0867829375919
A_NP	418	4634	T	0	0	4632	37.4674006908463
A_NP	419	4630	A	0	0	4628	37.425885911841
A_NP	420	4671	A	0	0	4661	37.8901523278266
A_NP	421	4651	T	0	0	4646	37.9515712440809
A_NP	422	4655	G	0	0	4652	37.8849957007739
A_NP	423	4660	G	0	0	4659	37.619875509766
A_NP	424	4569	A	0	0	4561	37.3999122999342
A_NP	425	4572	G	0	0	4567	37.5778410335012
A_NP	426	4565	A	0	1	4562	37.320254274441
A_NP	427	4572	A	0	1	4567	37.4002627545435
A_NP	428	4574	G	0	0	4574	37.3253170091823
A_NP	429	4633	A	0	0	4625	37.3883243243243
A_NP	430	4600	C	0	0	4594	37.3909447104919
A_NP	431	4584	G	0	0	4531	37.1507393511366
A_NP	432	4600	C	0	0	4590	37.1337690631808
A_NP	433	4599	A	0	0	4592	37.1938153310105
A_NP	434	4578	A	0	0	4572	37.2685914260717
A_NP	435	4622	C	0	0	4619	37.1524139424118
A_NP	436	4585	T	0	0	4583	37.7698014401047
A_NP	437	4592	G	0	0	4590	37.6328976034858
A_NP	438	4599	C	0	0	4592	37.5977787456446
A_NP	439	4595	T	0	0	4588	37.7316913687881
A_NP	440	4636	G	0	0	4632	37.2422279792746
A_NP	441	4650	G	0	0	4649	37.6063669606367
A_NP	442	4650	T	0	0	4639	37.3806854925631
A_NP	443	4576	C	0	0	4571	37.5351126668125
A_NP	444	4511	T	0	0	4509	37.5577733422045
A_NP	445	4542	C	0	0	4540	37.0264317180617
A_NP	446	4542	A	0	0	4528	37.1356007067138
A_NP	447	4498	C	0	0	4493	37.6327620743379
A_NP	448	4527	C	0	0	4525	37.5356906077348
A_NP	449	4525	C	0	0	4524	37.8191865605659
A_NP	450	4561	A	0	0	4557	37.3482554312047
A_NP	451	4603	T	1	0	4597	37.7628888405482
A_NP	452	4619	T	0	0	4618	37.9482459939368
A_NP	453	4592	T	0	0	4588	38.0629904097646
A_NP	454	4575	G	0	0	4574	38.074333187582
A_NP	455	4575	A	0	0	4570	37.82647702407
A_NP	456	4549	T	0	0	4548	38.0028583992964
A_NP	457	4556	G	0	0	4553	37.8897430265759
A_NP	458	4599	A	0	0	4596	37.7495648389904
A_NP	459	4616	T	0	0	4610	37.5260303687636
A_NP	460	4589	C	0	0	4587	37.7700021800741
A_NP	461	4585	T	0	0	4581	37.7897838899804
A_NP	462	4594	G	0	0	4591	37.6397299063385
A_NP	463	4595	G	0	0	4587	37.4754741661216
A_NP	464	4633	C	0	0	4627	37.6226496650097
A_NP	465	4649	A	0	0	4635	37.6047464940669
A_NP	466	4690	C	0	0	4686	37.7872385830132
A_NP	467	4634	T	1	0	4624	37.6756055363322
A_NP	468	4636	C	0	0	4631	37.6830058302742
A_NP	469	4639	C	0	0	4634	37.8077255071213
A_NP	470	4729	A	0	0	4725	37.911746031746
A_NP	471	4772	A	0	0	4768	37.6944211409396
A_NP	472	4776	T	0	0	4772	37.7764040234702
A_NP	473	4793	C	0	0	4791	37.7294927989981
A_NP	474	4759	T	0	0	4752	37.8510101010101
A_NP	475	4796	G	0	0	4791	37.9517845961177
A_NP	476	4796	A	0	0	4792	37.6780050083472
A_NP	477	4666	A	0	0	4657	37.7794717629375
A_NP	478	4681	T	0	0	4660	37.8551502145923
A_NP	479	4603	G	0	0	4602	37.9363320295524
A_NP	480	4593	A	0	0	4590	37.9287581699346
A_NP	481	4588	T	0	0	4585	37.9079607415485
A_NP	482	4584	G	0	0	4578	37.7758846657929
A_NP	483	4560	C	0	0	4559	36.9203772757184
A_NP	484	4486	C	0	0	4482	37.3491744756805
A_NP	485	4572	A	0	0	4556	37.0324846356453
A_NP	486	4603	C	0	0	4598	37.6376685515442
A_NP	487	4649	C	0	0	4647	37.8252636109318
A_NP	488	4655	T	0	0	4654	37.8560378169317
A_NP	489	4688	A	0	0	4683	37.7418321588725
A_NP	490	4657	T	0	0	4652	37.5765262252795
A_NP	491	4654	C	0	0	4650	37.8427956989247
A_NP	492	4632	A	0	0	4628	37.9310717372515
A_NP	493	4662	G	0	0	4659	37.7394290620305
A_NP	494	4582	A	0	0	4578	37.3020969855832
A_NP	495	4619	G	0	0	4615	37.6242686890574
A_NP	496	4536	A	0	0	4531	37.3467225777974
A_NP	497	4555	A	0	0	4551	37.4269391342562
A_NP	498	4517	C	0	0	4509	37.4604125083167
A_NP	499	4516	G	0	0	4514	37.3706247230837
A_NP	500	4506	A	0	0	4493	37.3432005341643
A_NP	501	4527	G	0	0	4524	36.802608311229
A_NP	502	4479	A	0	0	4471	37.203086557817
A_NP	503	4510	G	0	0	4505	36.9485016648169
A_NP	504	4514	C	0	0	4508	37.3247559893523
A_NP	505	4512	A	0	0	4503	37.33466577837
A_NP	506	4556	C	0	0	4554	37.5509442248573
A_NP	507	4531	T	0	0	4519	37.7067935383934
A_NP	508	4574	T	0	0	4572	37.3786089238845
A_NP	509	4596	G	0	0	4593	37.341171347703
A_NP	510	4576	T	0	0	4568	36.9141856392294
A_NP	511	4579	G	0	0	4577	37.0362682980118
A_NP	512	4549	C	0	0	4544	37.0437940140845
A_NP	513	4616	G	0	0	4615	37.0158179848321
A_NP	514	4675	T	0	0	4673	36.9199657607533
A_NP	515	4576	A	0	0	4570	36.7004376367615
A_NP	516	4565	C	0	0	4562	36.9559403770276
A_NP	517	4519	T	0	0	4513	37.4043873255041
A_NP	518	4600	G	0	0	4596	37.4621409921671
A_NP	519	4652	G	0	0	4650	37.2576344086022
A_NP	520	4697	G	0	0	4695	37.1401490947817
A_NP	521	4690	A	0	0	4683	37.2654281443519
A_NP	522	4517	T	0	0	4514	37.3571112095702
A_NP	523	4495	G	0	0	4490	37.0510022271715
A_NP	524	4555	G	0	0	4551	36.3553065260382
A_NP	525	4509	A	0	0	4500	37.1824444444444
A_NP	526	4538	T	0	0	4529	37.156767498344
A_NP	527	4509	C	0	0	4504	36.651865008881
A_NP	528	4485	C	0	0	4476	37.1128239499553
A_NP	529	4483	C	0	0	4478	37.4888343010272
A_NP	530	4479	A	0	0	4470	37.544966442953
A_NP	531	4598	G	0	0	4590	37.4664488017429
A_NP	532	4599	G	0	0	4595	36.7499455930359
A_NP	533	4565	A	0	0	4560	37.0565789473684
A_NP	534	4497	T	0	0	4492	37.3470614425646
A_NP	535	4534	G	0	0	4530	37.6068432671082
A_NP	536	4479	T	0	0	4467	37.2498321020819
A_NP	537	4498	G	0	0	4497	37.1987991994663
A_NP	538	4486	T	0	0	4473	37.4095685222446
A_NP	539	4493	T	0	0	4484	36.9819357716325
A_NP	540	4544	C	0	0	4536	37.0963403880071
A_NP	541	4437	C	0	0	4435	37.0121758737317
A_NP	542	4459	C	0	0	4453	37.4233101280036
A_NP	543	4459	T	0	0	4456	37.7165619389587
A_NP	544	4555	G	0	0	4553	37.6646167362179
A_NP	545	4688	A	0	0	4681	37.4114505447554
A_NP	546	4665	T	0	0	4661	37.6350568547522
A_NP	547	4659	G	0	0	4657	37.6182091475199
A_NP	548	4659	C	0	0	4658	37.6060541004723
A_NP	549	4628	A	0	0	4623	37.8518278174346
A_NP	550	4657	A	0	0	4643	37.4083566659487
A_NP	551	4619	G	0	0	4619	37.5109331024031
A_NP	552	4744	G	0	0	4743	36.8134092346616
A_NP	553	4728	T	0	0	4706	36.9334891627709
A_NP	554	4695	T	0	0	4691	37.3675122575144
A_NP	555	4683	C	0	0	4673	37.3353306227263
A_NP	556	4712	A	0	0	4703	37.5575164788433
A_NP	557	4728	A	0	0	4722	37.5969927996612
A_NP	558	4740	C	0	0	4737	37.7055098163395
A_NP	559	4711	T	0	0	4708	37.5312234494478
A_NP	560	4837	C	0	0	4834	37.2836160529582
A_NP	561	4754	T	0	0	4750	37.3728421052632
A_NP	562	4787	T	0	0	4785	37.2185997910136
A_NP	563	4782	C	0	0	4776	37.1386097152429
A_NP	564	4762	C	0	0	4755	37.3560462670873
A_NP	565	4772	G	0	0	4766	37.2874527906001
A_NP	566	4752	A	0	0	4742	36.4822859552931
A_NP	567	4751	G	0	0	4748	37.1000421229992
A_NP	568	4769	G	0	0	4763	37.059206382532
A_NP	569	4723	A	0	0	4706	36.4383765405865
A_NP	570	4842	G	0	0	4839	36.7774333539988
A_NP	571	4887	A	0	0	4872	37.0268883415435
A_NP	572	4890	T	0	0	4886	37.3301268931641
A_NP	573	4873	C	0	0	4869	37.5964263709181
A_NP	574	4870	T	0	0	4868	37.822514379622
A_NP	575	4873	G	0	0	4868	37.7232949876746
A_NP	576	4876	G	0	0	4870	37.3201232032854
A_NP	577	4863	A	0	0	4839	37.3936763794172
A_NP	578	4852	G	0	0	4851	37.6619253762111
A_NP	579	4785	C	0	0	4780	37.3786610878661
A_NP	580	4771	T	0	0	4765	37.6843651626443
A_NP	581	4836	G	0	0	4834	37.7401737691353
A_NP	582	4820	C	0	0	4814	37.6456169505609
A_NP	583	4824	T	0	0	4815	37.9406022845275
A_NP	584	4823	G	1	0	4815	37.8583592938733
A_NP	585	4840	G	0	1	4832	37.582988410596
A_NP	586	4797	A	0	1	4782	37.056043496445
A_NP	587	4797	G	0	1	4793	37.5944085124139
A_NP	588	4791	C	0	1	4786	37.503969912244
A_NP	589	4745	A	0	0	4741	37.4979962033326
A_NP	590	4808	G	0	1	4806	37.5865584685809
A_NP	591	4797	C	0	0	4787	37.5268435345728
A_NP	592	4845	A	0	1	4837	37.6111225966508
A_NP	593	5009	G	0	0	5006	37.6242508989213
A_NP	594	5072	T	0	0	5058	36.9883353103994
A_NP	595	5078	A	0	1	5074	37.3275522270398
A_NP	596	5064	A	0	0	5058	37.3297746144721
A_NP	597	5072	A	0	0	5064	37.2883096366509
A_NP	598	5049	A	0	0	5038	37.4561333862644
A_NP	599	5003	G	0	0	5002	37.5289884046381
A_NP	600	5141	G	0	0	5137	36.6988514697294
A_NP	601	5044	A	0	0	5034	37.3075089392133
A_NP	602	4997	G	0	0	4994	37.3702442931518
A_NP	603	4974	T	0	1	4969	37.3680821090763
A_NP	604	4977	T	0	0	4971	37.6014886340776
A_NP	605	5001	G	0	0	5000	37.7084
A_NP	606	5142	G	0	0	5137	37.4282655246253
A_NP	607	5154	A	0	0	5135	37.2909444985394
A_NP	608	5146	A	0	0	5134	37.6591351772497
A_NP	609	5128	C	0	0	5122	37.5769230769231
A_NP	610	5054	A	0	0	5052	37.4940617577197
A_NP	611	5136	A	0	0	5129	37.3677130044843
A_NP	612	5154	T	0	0	5150	37.667572815534
A_NP	613	5169	G	0	0	5164	37.763942680093
A_NP	614	5211	G	0	1	5206	37.6861313868613
A_NP	615	5135	T	0	1	5096	36.1638540031397
A_NP	616	5131	G	0	1	5125	37.292487804878
A_NP	617	5260	A	0	0	5252	37.5447448591013
A_NP	618	5245	T	0	0	5241	37.6596069452395
A_NP	619	5244	G	0	0	5240	37.9095419847328
A_NP	620	5317	G	0	0	5314	37.7222431313511
A_NP	621	5271	A	0	0	5266	37.5237371819218
A_NP	622	5274	A	0	0	5268	37.66192103265
A_NP	623	5252	T	0	0	5248	37.7641006097561
A_NP	624	5220	T	0	0	5215	37.8669223394056
A_NP	625	5255	G	0	0	5252	37.528941355674
A_NP	626	5258	A	0	0	5255	37.1092293054234
A_NP	627	5359	T	0	0	5354	36.9889802017183
A_NP	628	5370	C	0	0	5364	37.5005592841163
A_NP	629	5288	C	0	0	5277	37.7331817320447
A_NP	630	5310	G	0	0	5303	38.0837261927211
A_NP	631	5305	A	0	0	5299	37.2515568975278
A_NP	632	5315	A	0	0	5309	37.3422490111132
A_NP	633	5316	T	0	0	5312	37.2300451807229
A_NP	634	5314	G	0	0	5314	37.9298080541965
A_NP	635	5323	A	0	0	5312	37.7586596385542
A_NP	636	5277	T	0	0	5273	37.6262089891902
A_NP	637	5230	C	0	0	5227	37.4138128945858
A_NP	638	5234	A	1	0	5229	37.9284758079939
A_NP	639	5283	A	0	0	5279	37.645955673423
A_NP	640	5267	G	0	0	5263	37.497814934448
A_NP	641	5273	C	0	0	5268	37.3208048595292
A_NP	642	5270	G	0	0	5263	37.5329659889797
A_NP	643	5253	A	0	0	5242	37.4215948111408
A_NP	644	5229	G	0	0	5225	37.4302392344498
A_NP	645	5304	G	0	0	5297	37.3147064376062
A_NP	646	5294	A	0	0	5291	37.4199584199584
A_NP	647	5307	A	0	0	5304	37.902149321267
A_NP	648	5257	T	0	0	5253	37.6457262516657
A_NP	649	5240	C	1	0	5233	37.7387731702656
A_NP	650	5243	A	0	0	5241	38.0442663613814
A_NP	651	5246	A	0	0	5243	37.9095937440397
A_NP	652	5215	T	0	0	5210	37.6786948176583
A_NP	653	5228	G	0	0	5227	37.6152668834896
A_NP	654	5180	A	0	0	5177	37.4288197797952
A_NP	655	5162	T	0	0	5156	37.4103956555469
A_NP	656	5110	C	0	0	5104	37.7923197492163
A_NP	657	5109	G	0	0	5108	37.6299921691464
A_NP	658	5147	G	0	0	5140	37.4031128404669
A_NP	659	5130	A	0	0	5126	37.3778774873195
A_NP	660	5115	A	0	0	5114	37.3232303480641
A_NP	661	5226	T	0	0	5225	37.2264114832536
A_NP	662	5232	T	0	0	5228	37.6526396327467
A_NP	663	5226	T	0	0	5221	37.6607929515419
A_NP	664	5124	C	0	0	5118	37.6969519343494
A_NP	665	5116	T	0	1	5115	37.8846529814272
A_NP	666	5125	G	0	0	5123	37.9750146398595
A_NP	667	5120	G	0	0	5117	37.7594293531366
A_NP	668	5075	A	0	0	5064	37.6135466034755
A_NP	669	5019	G	0	0	5018	37.3045037863691
A_NP	670	4903	A	0	1	4852	37.2978153338829
A_NP	671	4927	G	1	0	4923	36.7316676823075
A_NP	672	4935	G	0	1	4927	36.3606657195048
A_NP	673	4955	C	0	0	4948	36.5681083265966
A_NP	674	4955	G	0	1	4950	37.4470707070707
A_NP	675	4932	A	5	1	4927	37.4944185102496
A_NP	676	4912	A	0	1	4908	37.4824775876121
A_NP	677	4994	A	0	1	4988	37.6004410585405
A_NP	678	4964	A	0	1	4959	37.4406130268199
A_NP	679	4967	T	0	0	4965	37.3645518630413
A_NP	680	4934	G	0	0	4931	37.3964713039951
A_NP	681	4929	G	0	0	4923	36.9666869794841
A_NP	682	4855	G	0	0	4852	37.0647155812036
A_NP	683	4816	C	1	0	4810	37.1613305613306
A_NP	684	4809	G	0	0	4804	37.398834304746
A_NP	685	4848	G	0	0	4841	37.2912621359223
A_NP	686	4801	A	1	0	4797	37.3633520950594
A_NP	687	4951	G	0	0	4949	37.2798545160638
A_NP	688	5075	A	0	0	5071	37.4442910668507
A_NP	689	5076	A	0	0	5072	37.8937302839117
A_NP	690	5068	C	0	0	5061	37.7976684449714
A_NP	691	5080	A	0	0	5074	37.8632242806464
A_NP	692	5092	A	0	0	5086	37.831301612269
A_NP	693	5092	G	0	0	5087	37.7847454295262
A_NP	694	5169	A	0	0	5165	37.8458857696031
A_NP	695	5079	A	0	0	5076	37.7698975571316
A_NP	696	4935	T	0	0	4931	37.6367876698438
A_NP	697	4956	T	0	0	4952	37.9414378029079
A_NP	698	5026	G	0	0	5024	37.8829617834395
A_NP	699	5016	C	0	0	5012	37.6799680766161
A_NP	700	5023	T	0	0	5014	37.7465097726366
A_NP	701	5029	T	0	0	5026	37.9717469160366
A_NP	702	5082	A	0	0	5081	37.9159614249164
A_NP	703	5026	T	0	0	5022	37.9442453205894
A_NP	704	5036	G	0	0	5031	38.0113297555158
A_NP	705	5048	A	0	0	5046	37.9195402298851
A_NP	706	5045	A	0	0	5039	37.8551299861084
A_NP	707	4978	A	0	0	4975	37.9380904522613
A_NP	708	4994	G	0	0	4991	37.8074534161491
A_NP	709	5016	A	0	0	5007	37.8735769922109
A_NP	710	5054	A	0	0	5054	37.7987732489118
A_NP	711	4919	T	0	0	4913	37.8064319153267
A_NP	712	4987	G	0	0	4985	37.9083249749248
A_NP	713	4981	T	0	0	4969	37.4827933185752
A_NP	714	4989	G	0	0	4982	37.5373344038539
A_NP	715	5026	C	0	0	5022	37.5085623257666
A_NP	716	5001	A	0	0	4993	37.8461846585219
A_NP	717	4997	A	0	0	4986	37.7101885278781
A_NP	718	4987	C	0	0	4983	37.733895243829
A_NP	719	4963	A	0	0	4957	37.870486181158
A_NP	720	4988	T	0	0	4983	37.5456552277744
A_NP	721	4921	C	1	0	4915	37.4581892166836
A_NP	722	4979	C	0	0	4977	37.0516375326502
A_NP	723	4971	T	0	0	4954	37.5611626968107
A_NP	724	4973	C	0	0	4969	37.6790098611391
A_NP	725	4970	A	0	0	4969	37.8633527872811
A_NP	726	4977	A	0	0	4971	37.7793200563267
A_NP	727	4970	A	0	0	4962	37.8246674727932
A_NP	728	4973	G	0	0	4969	37.7939223183739
A_NP	729	4961	G	0	0	4956	37.7253833736885
A_NP	730	4918	G	0	0	4913	37.4186851211073
A_NP	731	4858	A	0	0	4853	37.855553266021
A_NP	732	4815	A	0	0	4809	37.8654605947182
A_NP	733	4957	G	0	0	4951	37.388406382549
A_NP	734	4973	T	0	0	4960	37.2983870967742
A_NP	735	4989	T	0	0	4981	37.1921300943586
A_NP	736	4999	C	1	0	4994	36.8181818181818
A_NP	737	5060	C	0	0	5051	37.4056622451
A_NP	738	5068	A	0	0	5065	37.8252714708786
A_NP	739	5096	A	0	0	5092	37.7246661429694
A_NP	740	5094	A	0	0	5086	37.7520644907589
A_NP	741	5146	C	0	0	5142	37.49008168028
A_NP	742	4997	A	0	0	4993	37.8497897055878
A_NP	743	5035	G	0	0	5026	37.5891364902507
A_NP	744	5136	C	0	0	5131	37.6337945819528
A_NP	745	5115	A	0	0	5110	37.6610567514677
A_NP	746	5146	G	0	0	5141	37.5705115736238
A_NP	747	5157	C	0	0	5153	37.3425189210169
A_NP	748	5159	A	0	0	5147	36.8694385078687
A_NP	749	5166	C	0	0	5163	37.0852217702886
A_NP	750	5007	A	0	0	4999	37.4588917783557
A_NP	751	4988	G	0	0	4987	37.0407058351714
A_NP	752	5006	C	0	0	4999	36.7309461892378
A_NP	753	5040	G	0	0	5038	37.3953949980151
A_NP	754	5057	A	0	0	5045	37.1133795837463
A_NP	755	5044	G	0	0	5041	37.1505653640151
A_NP	756	5051	C	0	0	5043	37.0918104302994
A_NP	757	5043	A	0	0	5042	37.4537881792939
A_NP	758	5276	A	0	0	5271	37.6188579017264
A_NP	759	5326	T	0	0	5321	37.5171960157865
A_NP	760	5308	G	0	0	5302	37.6154281403244
A_NP	761	5311	A	0	0	5304	37.5603318250377
A_NP	762	5206	T	0	0	5200	37.4301923076923
A_NP	763	5190	G	0	0	5183	37.4798379316998
A_NP	764	5212	G	0	0	5209	37.2104050681513
A_NP	765	5214	A	1	0	5202	37.2224144559785
A_NP	766	5272	C	0	0	5262	37.0150133029266
A_NP	767	5088	C	0	0	5085	37.3844641101278
A_NP	768	5023	A	0	0	5013	37.4775583482944
A_NP	769	5221	G	0	0	5217	37.5355568334292
A_NP	770	5239	G	0	0	5233	36.9516529715268
A_NP	771	5188	T	0	0	5164	36.3727730441518
A_NP	772	5183	G	0	0	5179	37.0770418999807
A_NP	773	5132	A	0	0	5103	37.2210464432687
A_NP	774	5141	G	1	0	5137	37.4082149114269
A_NP	775	5153	G	0	0	5146	37.3111154294598
A_NP	776	5140	G	0	0	5133	36.9142801480616
A_NP	777	5083	A	0	0	5077	37.1890880441205
A_NP	778	4885	A	0	0	4881	37.1530424093423
A_NP	779	4859	A	0	0	4845	37.0324045407637
A_NP	780	4892	G	0	0	4887	37.0407202782893
A_NP	781	4898	C	0	0	4886	36.8334015554646
A_NP	782	4907	C	0	0	4902	37.7407180742554
A_NP	783	4899	G	0	0	4897	37.539513988156
A_NP	784	4928	A	0	0	4925	37.4263959390863
A_NP	785	4910	A	0	0	4907	37.3780313837375
A_NP	786	4968	A	0	0	4966	37.2821184051551
A_NP	787	5002	T	0	0	4997	37.4566740044026
A_NP	788	5077	C	0	0	5073	37.0764833431894
A_NP	789	5012	C	0	0	5007	37.7501497902936
A_NP	790	4979	T	1	0	4971	37.9625829812915
A_NP	791	5005	G	1	0	5001	37.8538292341532
A_NP	792	5007	G	0	0	5002	37.6031587365054
A_NP	793	5036	G	0	0	5034	37.5085419149781
A_NP	794	5047	A	0	0	5045	37.8321110009911
A_NP	795	5002	A	0	0	5000	37.9584
A_NP	796	4979	T	0	0	4976	38.0775723472669
A_NP	797	4979	G	0	0	4976	37.9555868167203
A_NP	798	5024	C	0	0	5020	37.8065737051793
A_NP	799	5021	T	0	0	5014	38.0967291583566
A_NP	800	5033	G	0	0	5029	38.0457347385166
A_NP	801	5032	A	0	0	5030	38.0840954274354
A_NP	802	5035	A	0	0	5028	37.9653937947494
A_NP	803	5139	A	0	0	5136	37.9998052959502
A_NP	804	5215	T	0	0	5212	37.6895625479662
A_NP	805	5197	T	0	0	5192	37.9753466872111
A_NP	806	5200	G	0	0	5197	37.9847989224553
A_NP	807	5194	A	0	0	5190	37.8666666666667
A_NP	808	5195	A	0	0	5187	37.65336417968
A_NP	809	5190	G	0	0	5184	37.1277006172839
A_NP	810	5205	A	0	0	5177	36.4591462236817
A_NP	811	5202	C	0	0	5199	37.4824004616272
A_NP	812	5189	C	0	0	5186	37.5595834940224
A_NP	813	5169	T	0	0	5156	37.4780837858805
A_NP	814	5228	C	0	0	5222	37.6382612026044
A_NP	815	5230	A	0	0	5225	37.5613397129187
A_NP	816	5241	T	0	0	5208	37.6664746543779
A_NP	817	5237	C	0	0	5234	37.6738632021399
A_NP	818	5221	T	0	0	5213	37.8841358143104
A_NP	819	5437	T	0	0	5428	37.6350405305822
A_NP	820	5403	T	0	0	5400	37.5640740740741
A_NP	821	5383	C	0	0	5378	37.5885087393083
A_NP	822	5391	T	1	0	5382	37.5432924563359
A_NP	823	5420	T	0	0	5415	37.3881809787627
A_NP	824	5423	G	0	0	5421	36.8701346615016
A_NP	825	5409	C	0	0	5404	37.1902294596595
A_NP	826	5407	A	0	0	5382	36.4323671497585
A_NP	827	5446	C	0	0	5440	36.8944852941176
A_NP	828	5296	G	0	0	5291	37.006804006804
A_NP	829	5502	G	0	0	5495	36.8571428571429
A_NP	830	5503	T	0	0	5489	36.9697576972126
A_NP	831	5510	C	0	0	5509	36.9224904701398
A_NP	832	5498	T	0	0	5491	37.1602622473138
A_NP	833	5622	G	0	0	5615	36.993232413179
A_NP	834	5700	C	0	0	5696	37.1255266853933
A_NP	835	5701	T	0	0	5681	37.2172152790002
A_NP	836	5681	C	0	0	5675	37.0209691629956
A_NP	837	5640	T	0	0	5627	37.161364848054
A_NP	838	5672	C	0	0	5621	37.066358299235
A_NP	839	5636	A	0	0	5632	37.2876420454545
A_NP	840	5654	T	0	0	5648	37.2875354107649
A_NP	841	5646	T	0	0	5640	37.4725177304965
A_NP	842	5634	C	0	0	5628	37.407604832978
A_NP	843	5451	T	0	0	5448	37.7259544787078
A_NP	844	5490	G	0	0	5487	37.2030253326043
A_NP	845	5492	A	0	0	5479	36.8450447161891
A_NP	846	5503	G	0	0	5502	37.0330788804071
A_NP	847	5435	G	0	0	5432	36.3453608247423
A_NP	848	5362	G	0	0	5358	36.8809257185517
A_NP	849	5379	G	0	0	5374	36.9047264607369
A_NP	850	5422	G	0	0	5416	37.0755169867061
A_NP	851	5407	T	0	0	5390	36.9371057513915
A_NP	852	5378	C	0	0	5375	36.9183255813954
A_NP	853	5352	A	0	0	5344	37.5924401197605
A_NP	854	5377	G	0	0	5374	37.8617417193897
A_NP	855	5371	T	0	0	5354	37.5263354501307
A_NP	856	5347	G	0	0	5343	37.6204379562044
A_NP	857	5395	G	0	0	5392	37.2759643916914
A_NP	858	5328	C	0	0	5319	36.9353261891333
A_NP	859	5342	T	0	0	5326	37.2852046564026
A_NP	860	5351	C	0	0	5346	37.347923681257
A_NP	861	5489	A	0	0	5483	37.3806310414007
A_NP	862	5477	C	0	0	5473	37.6957792801023
A_NP	863	5453	A	0	0	5449	37.870985501927
A_NP	864	5546	A	0	0	5539	37.5356562556418
A_NP	865	5550	G	0	0	5547	37.5300162249865
A_NP	866	5508	T	0	0	5490	37.3469945355191
A_NP	867	5491	C	0	0	5485	37.1686417502279
A_NP	868	5490	T	0	0	5476	37.5288531775018
A_NP	869	5492	T	0	0	5482	37.6701933600876
A_NP	870	5489	G	0	0	5486	36.8672985781991
A_NP	871	5470	C	0	0	5466	36.8004024881083
A_NP	872	5459	C	0	0	5455	37.1571035747021
A_NP	873	5385	T	0	0	5381	37.2283962088831
A_NP	874	5395	G	0	0	5391	37.1554442589501
A_NP	875	5417	C	36	0	5412	36.8994826311899
A_NP	876	5459	C	0	0	5456	36.8685850439883
A_NP	877	5462	C	0	0	5454	37.1685001833517
A_NP	878	5459	G	0	0	5457	37.0692688290269
A_NP	879	5583	C	0	0	5581	36.7914352266619
A_NP	880	5584	T	0	0	5576	36.5706599713056
A_NP	881	5629	T	0	0	5622	37.2321237993597
A_NP	882	5832	G	0	0	5828	37.1817089910776
A_NP	883	5827	T	0	0	5818	37.118941216913
A_NP	884	6023	G	0	0	6018	37.2791625124626
A_NP	885	6085	T	0	0	6075	37.003621399177
A_NP	886	6134	A	0	0	6126	37.0990858635325
A_NP	887	6130	T	0	0	6124	37.3535271064664
A_NP	888	6075	A	0	0	6071	37.2088618020096
A_NP	889	6088	T	0	0	6083	37.4530659214204
A_NP	890	6040	G	0	0	6038	37.3986419344154
A_NP	891	6053	G	0	0	6047	37.1738051926575
A_NP	892	5961	A	0	0	5940	36.7097643097643
A_NP	893	5828	C	0	0	5826	37.2775489186406
A_NP	894	5686	T	0	0	5678	37.275977456851
A_NP	895	5674	T	0	0	5652	37.5566171266808
A_NP	896	5846	G	0	0	5843	37.4136573677905
A_NP	897	5822	C	0	0	5819	37.3492008936243
A_NP	898	5863	T	0	0	5854	37.6450290399727
A_NP	899	5874	G	0	0	5868	37.2193251533742
A_NP	900	5748	T	0	0	5734	37.3843739100105
A_NP	901	5801	G	0	0	5797	37.3155080213904
A_NP	902	5791	G	0	0	5789	37.1993435826568
A_NP	903	5802	C	0	0	5791	36.7568640994647
A_NP	904	5795	C	0	0	5788	37.2816171389081
A_NP	905	5661	A	0	0	5654	37.6036434382738
A_NP	906	5773	G	1	0	5771	37.5817016115058
A_NP	907	5799	T	1	0	5786	37.3403041825095
A_NP	908	5960	G	0	0	5957	37.3508477421521
A_NP	909	5872	G	0	0	5869	37.4182995399557
A_NP	910	5826	A	0	0	5817	37.3917827058621
A_NP	911	5821	T	0	0	5817	37.5062747120509
A_NP	912	5813	A	0	0	5805	37.621188630491
A_NP	913	5811	T	0	0	5803	37.6868860934
A_NP	914	5816	G	1	0	5815	37.3730008598452
A_NP	915	5746	A	1	0	5732	36.9563852058618
A_NP	916	5795	C	1	0	5745	37.3364664926023
A_NP	917	5688	T	1	0	5682	37.3787398803238
A_NP	918	5703	T	1	0	5696	37.2942415730337
A_NP	919	5582	C	1	0	5579	37.4669295572683
A_NP	920	5581	G	1	0	5577	37.3733189887036
A_NP	921	5596	A	1	0	5591	37.4466106242175
A_NP	922	5616	A	1	0	5614	37.6745635910224
A_NP	923	5612	A	1	0	5603	37.2828841691951
A_NP	924	5651	G	2	0	5647	36.7023198158314
A_NP	925	5696	G	1	0	5693	37.0326717020903
A_NP	926	5746	G	1	0	5744	36.9798050139276
A_NP	927	5734	A	1	0	5716	37.3647655703289
A_NP	928	5787	G	1	0	5785	36.8890233362144
A_NP	929	5874	G	1	0	5865	36.7713554987212
A_NP	930	5895	G	1	0	5887	36.8612196364872
A_NP	931	5913	A	0	0	5898	36.7782299084435
A_NP	932	5906	T	0	0	5902	37.3237885462555
A_NP	933	5887	A	0	0	5876	36.749659632403
A_NP	934	5935	C	0	0	5932	37.2053270397842
A_NP	935	5900	T	0	0	5891	37.0808012222034
A_NP	936	5974	C	0	0	5970	36.9340033500837
A_NP	937	5949	C	0	0	5941	36.8197273186332
A_NP	938	5901	C	0	0	5898	37.2175313665649
A_NP	939	5801	T	0	0	5797	37.1869932723823
A_NP	940	5900	G	0	0	5889	36.8298522669384
A_NP	941	5908	G	0	0	5905	36.6348856900931
A_NP	942	5904	T	0	0	5890	36.6672325976231
A_NP	943	5852	C	0	0	5849	37.0401778081723
A_NP	944	5838	G	0	0	5823	36.9738966168642
A_NP	945	5957	G	0	0	5949	36.7165910237015
A_NP	946	5967	G	0	0	5962	36.8550821871855
A_NP	947	5957	A	0	0	5952	36.7691532258064
A_NP	948	5959	T	0	0	5955	36.9259445843829
A_NP	949	5856	T	0	0	5852	37.6659261790841
A_NP	950	5906	G	0	0	5899	37.2742837769113
A_NP	951	6000	A	0	0	5980	37.2083612040134
A_NP	952	6039	C	0	0	6032	37.0958222811671
A_NP	953	6030	C	0	0	6024	37.4088645418327
A_NP	954	5945	C	0	0	5880	37.5534013605442
A_NP	955	5866	T	0	0	5862	37.5075059706585
A_NP	956	5906	T	0	0	5900	37.5098305084746
A_NP	957	5906	T	0	0	5896	37.370420624152
A_NP	958	5906	C	0	0	5905	37.3993226079594
A_NP	959	5857	C	0	0	5849	37.4558044110104
A_NP	960	5857	G	0	0	5846	37.0708176530961
A_NP	961	5853	T	0	0	5837	37.6390268973788
A_NP	962	5812	C	0	0	5811	37.7167441060058
A_NP	963	5776	T	0	0	5770	37.7927209705373
A_NP	964	5813	G	0	0	5809	37.2241349629885
A_NP	965	5862	C	0	0	5850	37.7102564102564
A_NP	966	5858	T	0	0	5844	37.8141683778234
A_NP	967	5859	T	0	0	5851	37.5086310032473
A_NP	968	5895	C	0	0	5891	38.0548294007809
A_NP	969	5913	A	1	0	5911	38.0118423278633
A_NP	970	5827	A	0	0	5825	38.0377682403433
A_NP	971	5829	A	0	0	5826	38.0010298661174
A_NP	972	5852	A	0	0	5828	37.9143788606726
A_NP	973	5832	T	0	0	5831	37.7141142171154
A_NP	974	5735	A	1	0	5727	38.0010476689366
A_NP	975	5737	G	0	0	5731	37.4641423835282
A_NP	976	5766	C	0	0	5763	37.6642373763665
A_NP	977	5754	C	0	0	5751	37.8073378542862
A_NP	978	5707	A	0	0	5702	38.0315678709225
A_NP	979	5730	G	0	0	5727	37.6722542343286
A_NP	980	5733	G	0	0	5730	37.3287958115183
A_NP	981	5799	T	0	0	5774	36.8385867682716
A_NP	982	5775	C	0	0	5770	37.4441941074523
A_NP	983	5781	T	0	0	5760	37.5947916666667
A_NP	984	5778	T	0	0	5775	37.6815584415584
A_NP	985	5735	C	0	0	5732	37.9141660851361
A_NP	986	5765	A	0	0	5761	37.8279812532546
A_NP	987	5795	G	0	0	5786	37.8598340822675
A_NP	988	5774	T	0	0	5765	37.6359063313096
A_NP	989	5661	C	0	0	5657	37.5971362913205
A_NP	990	5665	T	0	0	5653	37.6784008491067
A_NP	991	5804	C	0	0	5802	37.8896932092382
A_NP	992	5809	A	0	0	5804	37.8702618883529
A_NP	993	5804	T	0	0	5800	37.7203448275862
A_NP	994	5789	C	0	0	5789	37.9421316289515
A_NP	995	5713	A	0	0	5708	37.9490189208129
A_NP	996	5736	G	0	0	5731	37.7646135054964
A_NP	997	5736	A	0	0	5724	37.3579664570231
A_NP	998	5735	C	0	0	5733	37.5728240013954
A_NP	999	5693	C	0	0	5690	37.3595782073814
A_NP	1000	5615	A	0	0	5612	37.4144689950107
A_NP	1001	5643	A	0	0	5630	37.5181172291297
A_NP	1002	5651	A	0	0	5640	37.5567375886525
A_NP	1003	5679	C	0	0	5676	37.4621212121212
A_NP	1004	5676	G	0	0	5671	37.4464821019221
A_NP	1005	5641	A	0	0	5639	37.4990246497606
A_NP	1006	5661	A	0	0	5657	37.4693300335867
A_NP	1007	5662	A	0	0	5653	37.2823279674509
A_NP	1008	5678	A	0	0	5673	37.0898995240613
A_NP	1009	5677	T	0	0	5672	37.4277150916784
A_NP	1010	5652	C	1	0	5650	37.7741592920354
A_NP	1011	5646	C	0	0	5645	37.8115146147033
A_NP	1012	5423	A	0	0	5415	38.0812557710065
A_NP	1013	5473	G	0	0	5467	37.667642216938
A_NP	1014	5466	C	0	0	5413	37.7203029743211
A_NP	1015	5492	A	0	0	5479	37.7685709070998
A_NP	1016	5631	C	0	0	5631	37.9085419996448
A_NP	1017	5605	A	0	0	5605	37.9297056199822
A_NP	1018	5605	T	0	0	5603	37.7770837051579
A_NP	1019	5606	A	0	0	5602	37.8825419493038
A_NP	1020	5606	A	0	0	5597	37.6850098266929
A_NP	1021	5618	G	0	0	5617	37.4392024212213
A_NP	1022	5555	A	0	0	5537	37.2913129853711
A_NP	1023	5558	G	0	0	5554	36.8815268275117
A_NP	1024	5686	C	0	0	5680	37.3753521126761
A_NP	1025	5590	C	0	0	5586	37.6743644826352
A_NP	1026	5573	A	0	0	5561	37.7335011688545
A_NP	1027	5599	G	0	0	5597	37.5217080578882
A_NP	1028	5580	C	1	0	5571	37.1348052414288
A_NP	1029	5625	T	1	0	5617	37.7509346626313
A_NP	1030	5822	G	2	0	5820	37.6833333333333
A_NP	1031	5860	G	1	0	5857	37.5429400717091
A_NP	1032	5862	T	1	0	5848	37.2287961696306
A_NP	1033	5780	A	0	0	5776	37.5560941828255
A_NP	1034	5768	T	0	0	5764	37.3717904233171
A_NP	1035	5636	G	1	0	5633	37.5693236286171
A_NP	1036	5608	G	0	0	5603	37.3958593610566
A_NP	1037	5609	A	0	0	5600	37.5632142857143
A_NP	1038	5618	T	0	0	5609	37.4032804421466
A_NP	1039	5396	G	0	0	5391	37.4501947690595
A_NP	1040	5451	G	0	0	5444	36.9061351947098
A_NP	1041	5378	C	0	0	5370	37.6793296089385
A_NP	1042	5420	A	0	0	5409	37.8341652800887
A_NP	1043	5423	T	0	0	5413	37.9660077590985
A_NP	1044	5394	G	0	0	5391	37.1105546280838
A_NP	1045	5451	C	0	0	5439	36.9466813752528
A_NP	1046	5348	C	0	0	5340	37.571722846442
A_NP	1047	5390	A	0	0	5374	37.4049125418683
A_NP	1048	5415	C	0	0	5409	37.5222776853392
A_NP	1049	5355	T	0	0	5344	37.4962574850299
A_NP	1050	5352	C	0	0	5346	37.7861952861953
A_NP	1051	5412	T	0	0	5400	37.8916666666667
A_NP	1052	5412	G	0	0	5410	37.8286506469501
A_NP	1053	5410	C	0	0	5405	37.8780758556892
A_NP	1054	5353	A	0	0	5342	38.0967802321228
A_NP	1055	5373	G	0	0	5371	37.8452802085273
A_NP	1056	5388	C	0	0	5366	37.223816623183
A_NP	1057	5371	T	0	0	5357	37.4915064401717
A_NP	1058	5372	T	0	0	5369	37.886384801639
A_NP	1059	5275	T	0	0	5270	37.888045540797
A_NP	1060	5263	C	0	0	5261	38.0528416650827
A_NP	1061	5260	G	0	0	5258	37.7731076454926
A_NP	1062	5389	A	1	0	5383	37.7997399219766
A_NP	1063	5389	A	0	1	5383	38.0026007802341
A_NP	1064	5417	G	0	0	5415	37.6943674976916
A_NP	1065	5541	A	0	0	5534	37.5959522949042
A_NP	1066	5567	T	0	0	5562	37.7700467457749
A_NP	1067	5529	C	0	0	5524	37.8481173062998
A_NP	1068	5514	T	0	0	5503	38.0301653643467
A_NP	1069	5517	G	0	0	5509	37.9733163913596
A_NP	1070	5507	A	0	0	5498	37.6733357584576
A_NP	1071	5506	G	0	0	5503	38.0119934581138
A_NP	1072	5533	A	0	1	5525	37.8642533936652
A_NP	1073	5558	G	0	0	5556	38.0314974802016
A_NP	1074	5467	T	0	0	5448	37.6013215859031
A_NP	1075	5483	G	0	0	5477	37.8511959101698
A_NP	1076	5488	T	0	0	5472	37.7483552631579
A_NP	1077	5470	C	0	0	5470	37.7919561243144
A_NP	1078	5469	A	0	0	5460	38.0373626373626
A_NP	1079	5490	A	0	0	5487	37.9258246765081
A_NP	1080	5480	G	0	0	5478	37.8026652062797
A_NP	1081	5481	C	0	0	5478	37.6244979919679
A_NP	1082	5421	T	0	0	5402	37.8631988152536
A_NP	1083	5463	T	0	0	5456	37.8784824046921
A_NP	1084	5456	C	0	0	5452	37.8655539251651
A_NP	1085	5455	A	0	0	5449	37.9772435309231
A_NP	1086	5480	T	0	0	5476	37.8115412710007
A_NP	1087	5446	C	0	0	5439	37.9792241220813
A_NP	1088	5369	A	0	1	5367	38.1594931991802
A_NP	1089	5385	G	0	0	5383	38.1738807356493
A_NP	1090	5390	A	0	0	5381	37.980486898346
A_NP	1091	5353	G	0	0	5351	37.9573911418426
A_NP	1092	5494	G	0	0	5490	37.4854280510018
A_NP	1093	5526	A	1	0	5517	37.7275693311582
A_NP	1094	5530	A	0	0	5523	37.7861669382582
A_NP	1095	5501	C	0	0	5497	37.7587775150082
A_NP	1096	5500	A	0	0	5496	37.8480713245997
A_NP	1097	5506	A	0	0	5503	37.7434126839905
A_NP	1098	5552	G	0	0	5548	37.7404470079308
A_NP	1099	5575	A	0	0	5564	37.6782890007189
A_NP	1100	5579	G	0	0	5576	37.5616929698709
A_NP	1101	5420	T	1	0	5413	37.5723258821356
A_NP	1102	5367	A	0	0	5358	37.7394550205301
A_NP	1103	5431	G	0	0	5425	37.5299539170507
A_NP	1104	5455	T	0	0	5443	37.11850082675
A_NP	1105	5451	C	0	0	5447	36.9803561593538
A_NP	1106	5437	C	0	0	5434	37.1956201693044
A_NP	1107	5409	C	0	0	5407	37.5833179212132
A_NP	1108	5411	A	0	0	5408	37.833949704142
A_NP	1109	5406	A	0	0	5401	37.7885576745047
A_NP	1110	5511	G	0	0	5509	37.5732437829007
A_NP	1111	5482	A	0	0	5475	37.6856621004566
A_NP	1112	5442	G	0	0	5439	37.5982717411289
A_NP	1113	5409	G	0	0	5405	37.3197039777983
A_NP	1114	5423	A	0	0	5407	37.6622896245608
A_NP	1115	5411	C	0	0	5406	37.4062153163152
A_NP	1116	5385	A	0	0	5382	37.6239316239316
A_NP	1117	5420	A	0	0	5410	37.4913123844732
A_NP	1118	5456	C	0	0	5454	36.9730473047305
A_NP	1119	5369	T	0	0	5361	37.9179257601194
A_NP	1120	5422	G	0	0	5417	37.7410005538121
A_NP	1121	5520	T	0	0	5511	37.2690981673018
A_NP	1122	5534	C	0	0	5528	36.6410998552822
A_NP	1123	5624	C	0	0	5621	37.3298345490126
A_NP	1124	5605	A	0	0	5582	37.0790039412397
A_NP	1125	5647	C	0	0	5644	37.3816442239546
A_NP	1126	5633	C	0	0	5622	37.693525435788
A_NP	1127	5568	A	0	0	5563	37.6890167175984
A_NP	1128	5588	G	0	0	5584	37.7686246418338
A_NP	1129	5542	A	0	0	5536	37.6976156069364
A_NP	1130	5534	G	0	0	5532	37.5251265365148
A_NP	1131	5530	G	0	0	5525	37.2258823529412
A_NP	1132	5418	A	0	0	5402	37.7069603850426
A_NP	1133	5507	G	0	0	5504	37.3339389534884
A_NP	1134	5576	T	0	0	5568	37.5774066091954
A_NP	1135	5578	C	0	0	5574	37.4153211338357
A_NP	1136	5558	C	0	0	5556	37.6567674586033
A_NP	1137	5536	A	0	0	5531	37.8067257277165
A_NP	1138	5521	G	0	0	5518	37.929322218195
A_NP	1139	5593	A	0	0	5589	37.7978171408123
A_NP	1140	5590	T	0	0	5586	37.7484783387039
A_NP	1141	5518	T	0	0	5512	37.9749637155298
A_NP	1142	5362	G	0	0	5358	37.9710712952594
A_NP	1143	5383	C	0	0	5373	37.7223152801042
A_NP	1144	5432	T	0	0	5427	37.9524599226092
A_NP	1145	5433	T	0	0	5427	37.9119218721209
A_NP	1146	5408	C	0	0	5405	38.0366327474561
A_NP	1147	5424	A	0	0	5421	38.298468917174
A_NP	1148	5452	A	0	0	5450	38.1699082568807
A_NP	1149	5466	A	0	0	5460	38.0686813186813
A_NP	1150	5471	T	0	0	5466	37.9586534943286
A_NP	1151	5460	G	0	0	5457	38.1374381528312
A_NP	1152	5449	A	0	0	5444	38.1296840558413
A_NP	1153	5443	A	0	0	5436	38.1416482707873
A_NP	1154	5449	A	0	0	5446	38.0082629452809
A_NP	1155	5468	A	0	0	5458	37.9122389153536
A_NP	1156	5530	C	0	0	5525	38.1047963800905
A_NP	1157	5503	A	0	0	5495	38.0553230209281
A_NP	1158	5500	T	0	0	5494	37.8909719694212
A_NP	1159	5491	G	0	0	5488	37.9624635568513
A_NP	1160	5524	G	0	0	5518	37.7593330916999
A_NP	1161	5522	A	0	0	5506	37.5081729022884
A_NP	1162	5531	G	0	0	5527	37.7492310475846
A_NP	1163	5554	A	0	0	5546	37.6004327443202
A_NP	1164	5566	C	0	0	5562	37.4385113268608
A_NP	1165	5459	A	0	0	5454	38.0221855518885
A_NP	1166	5489	A	0	0	5428	37.7850036845984
A_NP	1167	5445	T	0	0	5438	37.6548363368886
A_NP	1168	5453	G	0	0	5451	37.6492386718033
A_NP	1169	5456	G	0	0	5446	37.5358060962174
A_NP	1170	5420	A	0	0	5416	37.4695347119645
A_NP	1171	5465	T	0	0	5458	37.269146207402
A_NP	1172	5456	T	0	0	5447	37.2098402790527
A_NP	1173	5456	C	0	0	5454	37.2266226622662
A_NP	1174	5461	C	0	0	5455	37.4410632447296
A_NP	1175	5169	A	0	0	5160	37.7877906976744
A_NP	1176	5186	G	0	0	5183	37.809376808798
A_NP	1177	5179	T	0	0	5170	37.5462282398453
A_NP	1178	5171	A	0	0	5129	37.4373172158315
A_NP	1179	5248	C	0	0	5244	37.3831045003814
A_NP	1180	5143	A	0	0	5129	37.1257555078963
A_NP	1181	5073	C	0	0	5069	37.6671927401854
A_NP	1182	5015	T	0	0	5007	37.4885160774915
A_NP	1183	4988	T	0	0	4979	37.7376983329986
A_NP	1184	5027	G	0	0	5017	37.7665935818218
A_NP	1185	5041	A	0	0	5036	37.6463463065925
A_NP	1186	5038	A	0	0	5026	37.6305212892957
A_NP	1187	5092	C	0	0	5089	37.703478089998
A_NP	1188	4948	T	0	0	4940	37.7702429149798
A_NP	1189	4991	G	0	0	4988	37.8319967923015
A_NP	1190	4960	A	0	0	4948	37.6602667744543
A_NP	1191	4963	G	1	0	4956	37.6963276836158
A_NP	1192	5039	G	0	0	5025	37.2710447761194
A_NP	1193	5048	A	0	0	5041	37.3745288633208
A_NP	1194	5055	G	0	0	5051	37.1645218768561
A_NP	1195	5155	C	0	0	5107	37.271783826121
A_NP	1196	5126	A	0	0	5104	37.6808385579937
A_NP	1197	5155	G	0	0	5151	37.4721413317802
A_NP	1198	5311	G	0	0	5304	37.1610105580694
A_NP	1199	5304	T	0	0	5289	37.115711854793
A_NP	1200	5278	A	0	0	5268	37.2828397873956
A_NP	1201	5298	C	1	0	5294	37.0238005289006
A_NP	1202	5139	T	1	0	5133	37.214884083382
A_NP	1203	5306	G	0	0	5302	37.4439834024896
A_NP	1204	5330	G	0	0	5326	37.1569658280135
A_NP	1205	5386	G	0	0	5383	37.0566598550994
A_NP	1206	5395	C	0	0	5393	36.8737251993325
A_NP	1207	5199	T	0	0	5190	37.6464354527938
A_NP	1208	5272	A	0	0	5271	37.6871561373553
A_NP	1209	5272	T	0	0	5269	37.7090529512241
A_NP	1210	5269	A	0	0	5266	37.7331940751994
A_NP	1211	5268	A	0	0	5255	37.6017126546147
A_NP	1212	5041	G	1	0	5035	37.6989076464747
A_NP	1213	5096	G	0	0	5087	37.407509337527
A_NP	1214	5083	A	0	0	5068	37.1189818468824
A_NP	1215	5041	C	2	0	5037	37.3629144331944
A_NP	1216	5045	C	0	0	5040	37.6335317460317
A_NP	1217	4989	A	0	0	4982	37.8331995182658
A_NP	1218	5034	G	0	0	5031	37.3164380838799
A_NP	1219	5046	A	0	0	5044	37.4050356859635
A_NP	1220	5048	A	0	0	5040	37.3501984126984
A_NP	1221	5054	G	0	0	5053	37.2089847615278
A_NP	1222	5002	C	0	0	4997	37.2195317190314
A_NP	1223	4994	G	0	0	4987	36.8331662322037
A_NP	1224	5048	G	0	0	5047	37.5318010699425
A_NP	1225	5040	A	0	0	5027	37.261189576288
A_NP	1226	5040	G	0	0	5037	37.4363708556681
A_NP	1227	5038	G	0	0	5030	37.320675944334
A_NP	1228	5073	G	0	0	5062	37.208020545239
A_NP	1229	5068	A	0	0	5062	37.1493480837614
A_NP	1230	5059	A	0	0	5051	37.6574935656306
A_NP	1231	5079	C	0	0	5075	37.3946798029557
A_NP	1232	5083	A	0	0	5065	37.4086870681145
A_NP	1233	5231	C	0	0	5229	37.8793268311341
A_NP	1234	5178	T	0	0	5172	37.849381283836
A_NP	1235	5325	A	1	0	5322	37.9160090191657
A_NP	1236	5328	A	0	0	5322	37.7273581360391
A_NP	1237	5297	T	0	0	5292	37.5083144368859
A_NP	1238	5315	C	0	0	5311	37.8392016569384
A_NP	1239	5263	A	0	0	5257	37.8183374548221
A_NP	1240	5290	A	0	0	5279	37.7634021594999
A_NP	1241	5308	C	0	0	5305	38.0214891611687
A_NP	1242	5235	A	1	0	5232	38.1215596330275
A_NP	1243	5214	A	0	0	5212	37.8967766692249
A_NP	1244	5125	A	0	0	5118	37.9915982805784
A_NP	1245	5148	G	2	0	5146	37.8843762145356
A_NP	1246	5124	A	2	0	5114	37.7737583105201
A_NP	1247	5116	G	2	0	5111	37.7204069653688
A_NP	1248	5075	C	2	0	5068	37.1057616416732
A_NP	1249	5043	A	2	0	5036	37.154090548054
A_NP	1250	5036	T	2	0	5023	36.7479593868206
A_NP	1251	5053	C	2	0	5049	37.2885719944543
A_NP	1252	5040	C	0	0	5034	37.3454509336512
A_NP	1253	5084	G	0	0	5078	37.2995273729815
A_NP	1254	5057	C	1	0	5054	37.5506529481599
A_NP	1255	5002	A	1	0	4993	37.5699979971961
A_NP	1256	5068	G	0	0	5062	37.5644014223627
A_NP	1257	5078	G	0	0	5070	37.4285996055227
A_NP	1258	5087	G	0	0	5081	37.4985239126156
A_NP	1259	5113	C	0	0	5110	37.5874755381605
A_NP	1260	5098	A	0	0	5091	37.7228442349244
A_NP	1261	5119	A	0	0	5113	37.7201251711324
A_NP	1262	5143	A	0	0	5142	37.8238039673279
A_NP	1263	5250	T	0	0	5243	36.8909021552546
A_NP	1264	5251	C	0	0	5248	37.1189024390244
A_NP	1265	5150	A	0	0	5141	37.1565843221163
A_NP	1266	5181	G	0	0	5178	37.07280803399
A_NP	1267	5160	C	0	0	5160	37.487984496124
A_NP	1268	5185	G	0	0	5185	37.3008678881389
A_NP	1269	5160	T	0	0	5154	37.0556849049282
A_NP	1270	5123	A	1	0	5113	36.9642088793272
A_NP	1271	5122	C	1	0	5120	36.4748046875
A_NP	1272	4898	A	1	0	4893	37.3529531984468
A_NP	1273	5027	G	1	0	5022	36.9980087614496
A_NP	1274	5057	C	1	0	5051	36.6277964759454
A_NP	1275	5044	C	1	0	5039	37.3260567572931
A_NP	1276	5112	C	1	0	5110	37.1592954990215
A_NP	1277	5083	A	1	0	5066	37.3335965258587
A_NP	1278	5093	C	1	0	5092	37.3515318146112
A_NP	1279	5091	A	1	0	5088	37.1733490566038
A_NP	1280	5082	T	2	0	5072	37.4893533123028
A_NP	1281	5208	T	1	0	5201	36.781388194578
A_NP	1282	5187	C	1	0	5186	36.7651369070575
A_NP	1283	5045	T	1	1	5036	36.3042096902303
A_NP	1284	5063	C	1	0	5060	36.9146245059289
A_NP	1285	5025	C	1	0	5021	37.5220075682135
A_NP	1286	5098	G	1	0	5093	37.4009424700569
A_NP	1287	5092	T	1	0	5081	37.379059240307
A_NP	1288	5089	A	1	0	5082	37.6615505706415
A_NP	1289	5128	C	1	0	5124	37.3210382513661
A_NP	1290	4962	A	1	0	4958	37.5661557079468
A_NP	1291	4987	G	1	0	4985	37.9368104312939
A_NP	1292	5002	A	1	0	4996	37.8662930344275
A_NP	1293	5006	G	1	0	5003	37.7493503897661
A_NP	1294	5013	A	3	0	5010	37.8097804391218
A_NP	1295	4908	A	1	0	4904	37.7383768352365
A_NP	1296	4909	A	0	0	4885	36.8802456499488
A_NP	1297	4933	C	0	0	4929	37.3410428078718
A_NP	1298	4899	C	0	0	4896	37.3796977124183
A_NP	1299	4886	T	0	0	4867	37.4136018080953
A_NP	1300	4876	C	1	0	4875	37.8510769230769
A_NP	1301	4904	C	0	0	4901	37.7510712099572
A_NP	1302	4901	C	0	0	4899	37.6107368850786
A_NP	1303	4947	A	0	0	4943	37.9872547036213
A_NP	1304	4950	T	0	0	4943	37.5466316002428
A_NP	1305	4941	T	0	0	4928	37.5493100649351
A_NP	1306	4883	C	1	0	4880	37.5284836065574
A_NP	1307	4881	G	1	0	4878	38.0354653546535
A_NP	1308	4884	A	0	0	4879	37.8276286124206
A_NP	1309	4885	G	0	0	4883	37.8674994880197
A_NP	1310	4824	A	0	0	4820	37.8190871369295
A_NP	1311	4830	G	0	0	4827	37.4174435467164
A_NP	1312	4774	A	0	0	4750	36.8861052631579
A_NP	1313	4778	G	0	0	4776	36.6637353433836
A_NP	1314	4768	C	0	0	4762	37.1656866862663
A_NP	1315	4769	G	0	0	4764	37.524349286314
A_NP	1316	4787	A	0	0	4779	37.4086629001883
A_NP	1317	4780	C	0	0	4779	37.3394015484411
A_NP	1318	4777	C	0	0	4774	37.5253456221198
A_NP	1319	4780	A	0	0	4778	37.5184177480117
A_NP	1320	4806	T	0	0	4800	37.633125
A_NP	1321	4777	C	0	0	4776	38.0309882747069
A_NP	1322	4781	A	0	0	4769	37.6296917592787
A_NP	1323	4789	T	0	0	4783	37.5187121053732
A_NP	1324	4770	G	0	0	4763	37.3825320176359
A_NP	1325	4758	G	0	0	4756	37.0555088309504
A_NP	1326	4751	C	0	0	4749	37.3581806696147
A_NP	1327	4761	G	0	0	4756	37.2935239697225
A_NP	1328	4780	G	0	0	4774	37.1640134059489
A_NP	1329	4764	C	0	0	4759	37.119142677033
A_NP	1330	4784	A	0	0	4716	37.4474130619169
A_NP	1331	4817	T	0	0	4815	37.2118380062305
A_NP	1332	4834	T	0	0	4832	37.6926738410596
A_NP	1333	4835	T	0	0	4834	37.6584609019446
A_NP	1334	4852	A	0	0	4850	37.7026804123711
A_NP	1335	4935	C	1	0	4928	37.6503652597403
A_NP	1336	4861	A	1	0	4850	37.7435051546392
A_NP	1337	4886	G	1	0	4883	37.602703256195
A_NP	1338	4829	G	1	0	4825	37.4895336787565
A_NP	1339	4870	G	1	0	4865	37.064542651593
A_NP	1340	4830	A	1	0	4792	37.1997078464107
A_NP	1341	4841	A	1	0	4833	37.4367887440513
A_NP	1342	4856	C	1	0	4854	37.0638648537289
A_NP	1343	4836	A	1	0	4823	37.2519178934273
A_NP	1344	4839	C	1	0	4839	37.5087828063649
A_NP	1345	4630	T	1	0	4616	37.6111351819757
A_NP	1346	4630	G	1	0	4628	37.7802506482282
A_NP	1347	4613	A	1	0	4606	37.834780720799
A_NP	1348	4537	A	1	0	4533	37.6984337083609
A_NP	1349	4502	G	1	0	4499	37.7855078906424
A_NP	1350	4494	G	2	0	4491	37.5755956357159
A_NP	1351	4491	C	2	0	4484	37.4636485280999
A_NP	1352	4424	A	2	0	4419	38.0328128535868
A_NP	1353	4445	G	1	0	4444	37.4516201620162
A_NP	1354	4403	A	2	0	4401	37.4196773460577
A_NP	1355	4424	A	1	0	4414	37.4494789306751
A_NP	1356	4500	C	0	0	4497	37.6419835445853
A_NP	1357	4589	T	0	0	4572	37.582239720035
A_NP	1358	4635	T	0	0	4598	37.6509351892127
A_NP	1359	4617	C	0	0	4612	37.728317432784
A_NP	1360	4611	A	0	0	4603	37.8138170758201
A_NP	1361	4627	G	0	0	4624	37.7906574394464
A_NP	1362	4636	A	0	0	4629	37.699503132426
A_NP	1363	4673	C	0	0	4667	37.6278122991215
A_NP	1364	4589	A	0	0	4586	37.7616659398168
A_NP	1365	4543	T	0	0	4539	37.7589777484027
A_NP	1366	4545	G	0	0	4543	37.8084965881576
A_NP	1367	4521	A	0	0	4513	37.7199202304454
A_NP	1368	4573	G	0	0	4572	37.6504811898513
A_NP	1369	4605	A	0	0	4556	37.6404741000878
A_NP	1370	4591	A	0	0	4582	37.4947621126146
A_NP	1371	4596	C	0	0	4592	37.6001742160279
A_NP	1372	4511	A	0	0	4506	37.517310252996
A_NP	1373	4539	G	0	0	4533	37.6730641958968
A_NP	1374	4459	A	0	0	4450	37.0642696629213
A_NP	1375	4621	G	0	0	4618	37.448895625812
A_NP	1376	4689	A	0	0	4684	37.286293766012
A_NP	1377	4677	T	0	0	4675	37.4577540106952
A_NP	1378	4687	T	0	0	4680	37.4504273504273
A_NP	1379	4815	A	0	0	4811	37.5244231968406
A_NP	1380	4808	T	0	0	4804	37.2703996669442
A_NP	1381	4818	A	1	0	4814	37.5261736601579
A_NP	1382	4758	A	0	0	4752	37.4810606060606
A_NP	1383	4766	G	0	0	4766	37.6527486361729
A_NP	1384	4594	G	0	0	4592	37.5827526132404
A_NP	1385	4535	A	0	0	4534	37.5110277900309
A_NP	1386	4338	T	0	0	4333	37.2974844218786
A_NP	1387	4332	G	0	0	4332	37.9443674976916
A_NP	1388	4499	A	0	0	4493	37.7863342977966
A_NP	1389	4512	T	0	0	4503	37.5627359538086
A_NP	1390	4521	G	0	0	4519	37.9546359814118
A_NP	1391	4530	G	0	0	4526	37.6475916924437
A_NP	1392	4489	A	0	0	4488	38.1804812834225
A_NP	1393	4464	A	0	0	4462	38.1465710443747
A_NP	1394	4454	A	0	0	4452	38.1019766397125
A_NP	1395	4481	A	0	0	4477	37.9137815501452
A_NP	1396	4501	T	0	0	4492	37.3677649154052
A_NP	1397	4496	G	0	0	4494	37.7992879394749
A_NP	1398	4499	C	0	0	4497	37.6281965754948
A_NP	1399	4493	C	0	0	4484	37.3657448706512
A_NP	1400	4461	A	0	0	4452	37.3101976639713
A_NP	1401	4481	G	0	0	4480	37.4926339285714
A_NP	1402	4497	A	0	0	4462	36.7628865979381
A_NP	1403	4551	C	0	0	4550	37.3810989010989
A_NP	1404	4543	C	0	0	4521	37.561601415616
A_NP	1405	4568	T	0	0	4553	37.4915440368987
A_NP	1406	4583	G	0	0	4583	37.8053676631028
A_NP	1407	4586	A	0	0	4583	37.9423958106044
A_NP	1408	4592	A	0	0	4588	37.5250653879686
A_NP	1409	4590	G	0	0	4586	37.74291321413
A_NP	1410	4536	A	0	0	4531	37.6634297064666
A_NP	1411	4504	T	0	0	4490	37.2817371937639
A_NP	1412	4444	G	0	0	4439	37.8069384996621
A_NP	1413	4411	T	0	1	4403	37.3640699523052
A_NP	1414	4401	G	0	0	4394	37.6845698680018
A_NP	1415	4590	T	0	0	4577	37.2128031461656
A_NP	1416	4595	C	0	0	4594	37.3350021767523
A_NP	1417	4591	T	2	0	4586	37.7640645442652
A_NP	1418	4613	T	0	0	4608	37.5887586805556
A_NP	1419	4612	T	0	0	4599	37.0547945205479
A_NP	1420	4633	C	0	0	4631	37.2554523860937
A_NP	1421	4615	C	0	0	4611	36.8453697679462
A_NP	1422	4565	A	0	0	4554	37.3058849363197
A_NP	1423	4555	G	1	0	4550	37.2417582417582
A_NP	1424	4538	G	0	0	4531	36.9695431472081
A_NP	1425	4525	G	0	0	4518	36.5774679061532
A_NP	1426	4508	G	12	0	4503	36.4043970686209
A_NP	1427	4389	C	13	0	4352	36.2892922794118
A_NP	1428	4401	G	4	0	4398	36.9465666211915
A_NP	1429	4407	G	0	0	4405	37.6910329171396
A_NP	1430	4406	G	0	0	4394	37.332043695949
A_NP	1431	4406	G	0	0	4401	37.7400590774824
A_NP	1432	4381	A	0	0	4368	37.5815018315018
A_NP	1433	4402	G	0	0	4399	37.654466924301
A_NP	1434	4331	T	0	0	4322	36.5562239703841
A_NP	1435	4333	C	0	0	4325	36.5493641618497
A_NP	1436	4329	T	0	0	4319	37.4903912942811
A_NP	1437	4329	T	0	0	4324	36.4507400555042
A_NP	1438	4324	C	0	0	4317	36.7118369237897
A_NP	1439	4325	G	0	0	4316	37.571594068582
A_NP	1440	4317	A	0	0	4307	37.3856512653819
A_NP	1441	4317	G	0	0	4311	37.1570401299003
A_NP	1442	4227	C	0	0	4221	36.2914001421464
A_NP	1443	4206	T	0	0	4199	36.0392950702548
A_NP	1444	4177	C	0	0	4174	36.6336847149018
A_NP	1445	4173	T	0	0	4167	36.2754979601632
A_NP	1446	4172	C	0	0	4169	36.9227632525786
A_NP	1447	4172	G	0	0	4167	36.8312934965203
A_NP	1448	4170	G	0	0	4168	36.7612763915547
A_NP	1449	4169	A	0	0	4161	37.5996154770488
A_NP	1450	4162	C	0	0	4158	36.8492063492063
A_NP	1451	4153	G	0	0	4149	37.9322728368282
A_NP	1452	4150	A	0	0	4146	38.0935841775205
A_NP	1453	4124	A	0	0	4124	38.1042677012609
A_NP	1454	4121	A	0	0	4120	38.1711165048544
A_NP	1455	4118	A	0	0	4112	38.1782587548638
A_NP	1456	4114	G	0	0	4113	37.987843423292
A_NP	1457	4098	G	0	0	4095	36.7787545787546
A_NP	1458	4092	C	0	0	4088	37.5423189823875
A_NP	1459	4075	A	0	0	4069	37.654460555419
A_NP	1460	4075	A	0	0	4065	36.6066420664207
A_NP	1461	4064	C	0	0	4061	36.5429697118936
A_NP	1462	4057	G	0	0	4050	37.4261728395062
A_NP	1463	4056	A	0	0	4055	36.4295930949445
A_NP	1464	4051	A	0	0	4024	36.6856361829026
A_NP	1465	4050	C	0	0	4046	36.2194760257044
A_NP	1466	4033	C	0	0	4030	36.3808933002481
A_NP	1467	4012	C	0	0	4010	36.688029925187
A_NP	1468	4013	G	0	0	4009	37.4794213020703
A_NP	1469	4010	A	0	0	3998	37.0680340170085
A_NP	1470	4009	T	0	0	4001	36.7838040489878
A_NP	1471	3955	C	0	0	3951	36.7876486965325
A_NP	1472	3938	G	0	0	3932	37.9320956256358
A_NP	1473	3903	T	0	0	3898	37.6993329912776
A_NP	1474	3898	G	0	0	3896	37.5207905544148
A_NP	1475	3895	C	0	0	3889	36.1380817690923
A_NP	1476	3881	C	0	0	3850	37.0228571428571
A_NP	1477	3864	T	0	0	3855	37.4591439688716
A_NP	1478	3854	T	0	0	3849	36.9493374902572
A_NP	1479	3855	C	0	0	3854	37.1533471717696
A_NP	1480	3851	C	0	0	3850	37.5716883116883
A_NP	1481	3789	T	6	0	3779	37.4353003440064
A_NP	1482	3784	T	0	0	3783	37.7137192704203
A_NP	1483	3763	T	0	0	3761	37.5259239563946
A_NP	1484	3759	G	0	0	3757	37.6204418418951
A_NP	1485	3752	A	0	0	3743	37.5281859471013
A_NP	1486	3747	C	0	0	3744	37.4212072649573
A_NP	1487	3713	A	0	0	3712	37.6182650862069
A_NP	1488	3492	T	0	0	3488	37.5627866972477
A_NP	1489	3491	G	0	0	3488	37.7150229357798
A_NP	1490	3481	A	0	0	3470	37.492507204611
A_NP	1491	3481	G	0	0	3480	36.4922413793103
A_NP	1492	3479	C	0	0	3475	37.414964028777
A_NP	1493	3406	A	1	0	3404	36.7881903642773
A_NP	1494	3407	A	0	0	3397	37.42949661466
A_NP	1495	3380	C	0	0	3378	36.7359384251036
A_NP	1496	3376	G	0	0	3375	37.5585185185185
A_NP	1497	3370	A	0	0	3369	37.5390323538142
A_NP	1498	3322	G	0	0	3318	37.4466546112116
A_NP	1499	3275	G	0	0	3273	37.2233424992362
A_NP	1500	3255	G	0	0	3252	37.5624231242312
A_NP	1501	3231	A	0	0	3222	37.5841092489137
A_NP	1502	3227	T	0	0	3219	37.1969555762659
A_NP	1503	3215	C	0	0	3215	36.8463452566096
A_NP	1504	3187	T	0	0	3182	37.0923947203017
A_NP	1505	3182	T	0	0	3178	37.2586532410321
A_NP	1506	3179	A	0	0	3175	37.2371653543307
A_NP	1507	3094	T	0	0	3092	37.0485122897801
A_NP	1508	2845	T	0	0	2845	37.4745166959578
A_NP	1509	2777	T	0	0	2776	36.8249279538905
A_NP	1510	2725	C	0	0	2724	36.7265051395007
A_NP	1511	2613	T	0	0	2613	36.7810945273632
A_NP	1512	2608	T	0	0	2606	36.5928626247122
A_NP	1513	2603	C	0	0	2602	36.7582628747118
A_NP	1514	2587	G	0	0	2585	37.6034816247582
A_NP	1515	2587	G	0	0	2586	37.5116009280742
A_NP	1516	2580	A	0	0	2573	37.1305868635834
A_NP	1517	2580	G	0	0	2580	37.3197674418605
A_NP	1518	2570	A	0	0	2569	37.1736084079408
A_NP	1519	2551	C	0	0	2549	37.0721851706552
A_NP	1520	2446	A	0	0	2441	37.258910282671
A_NP	1521	2446	A	0	0	2438	37.3826907301066
A_NP	1522	2445	T	0	0	2443	37.2222677036431
A_NP	1523	2444	G	0	0	2441	36.9987709954937
A_NP	1524	2438	C	0	0	2403	36.819392426134
A_NP	1525	2308	A	0	0	2302	36.6694178974805
A_NP	1526	2307	G	0	0	2305	36.5800433839479
A_NP	1527	2282	A	0	0	2275	36.4795604395604
A_NP	1528	2225	G	0	0	2225	36.32
A_NP	1529	2212	G	0	0	2212	36.4873417721519
A_NP	1530	1831	A	0	0	1831	37.2894593118514
A_NP	1531	1829	A	0	0	1824	37.2543859649123
A_NP	1532	1768	T	0	0	1767	36.9530277306169
A_NP	1533	1743	A	0	0	1740	36.3580459770115
A_NP	1534	1741	T	0	0	1740	36.0425287356322
A_NP	1535	1684	G	0	0	1684	36.0095011876485
A_NP	1536	1676	A	0	0	1670	35.7455089820359
A_NP	1537	1632	C	0	0	1631	36.0619251992643
A_NP	1538	1160	A	0	0	1160	37.6810344827586
A_NP	1539	1159	A	0	0	1158	37.6036269430052
A_NP	1540	1124	T	0	0	1123	37.4915405164737
A_NP	1541	1114	T	0	0	1112	37.7059352517986
A_NP	1542	1106	A	0	0	1106	37.75226039783
A_NP	1543	1104	A	0	0	1104	37.7889492753623
A_NP	1544	1103	A	0	0	1102	37.1324863883848
A_NP	1545	1103	G	0	0	1102	36.8157894736842
A_NP	1546	1035	A	0	0	1035	37.2753623188406
A_NP	1547	1031	A	0	0	1030	36.9834951456311
A_NP	1548	1024	A	0	0	1023	37.1564027370479
A_NP	1549	1019	A	0	0	1018	37.0609037328094
A_NP	1550	1019	A	0	0	1018	36.5383104125737
A_NP	1551	1017	T	0	0	1016	34.7726377952756
A_NP	1552	1012	A	0	0	986	33.1004056795132
A_NP	1553	1011	C	0	0	1010	35.7861386138614
A_NP	1554	965	C	0	0	962	33.2785862785863
A_NP	1555	954	C	0	0	954	35.7253668763103
A_NP	1556	836	T	0	0	834	33.5035971223022
A_NP	1557	825	T	0	0	824	35.4684466019417
A_NP	1558	825	G	0	0	825	35.6181818181818
A_NP	1559	799	T	0	0	798	35.8095238095238
A_NP	1560	799	T	0	0	799	35.7809762202753
A_NP	1561	793	T	0	0	789	32.532319391635
A_NP	1562	693	C	0	0	693	32.6839826839827
A_NP	1563	681	T	0	0	681	32.7533039647577
A_NP	1564	678	A	0	0	678	32.3097345132743
A_NP	1565	678	C	0	0	678	32.4336283185841
