Reference_Name	Position	Total	Consensus_Allele	Minority_Allele	Consensus_Count	Minority_Count	Consensus_Frequency	Minority_Frequency	Consensus_Average_Quality	Minority_Average_Quality	ConfidenceNotMacErr	PairedUB	QualityUB	Phase
A_NP	133	2840	T	C	2803	37	0.986971830985915	0.0130281690140845	37.3674634320371	33.8918918918919	0.968672378227507	0.00555982909436715	0.00307603702656503	3
A_NP	330	4519	C	A	4475	41	0.990263332595707	0.00907280371763665	37.2268156424581	35.219512195122	0.966863451901675	0.00453594597444488	0.00202680543363766	1
A_NP	431	4584	G	A	4531	51	0.988438045375218	0.0111256544502618	37.1507393511366	35.8823529411765	0.976802609213183	0.00450996742843691	0.0019180378724855	4
A_NP	670	4903	A	G	4852	43	0.989598205180502	0.00877014073016521	37.2978153338829	36.8604651162791	0.976506543039185	0.00439132557814336	0.0017178534123783	5
A_NP	838	5672	C	A	5621	49	0.991008462623413	0.00863892806770099	37.066358299235	34.530612244898	0.959217023635221	0.00415417684632712	0.00184032510020457	6
A_NP	916	5796	C	A	5745	48	0.99120082815735	0.0082815734989648	37.3364664926023	38.25	0.98193295445266	0.00412113107373611	0.00139922668855058	7
A_NP	954	5945	C	G	5880	59	0.989066442388562	0.00992430613961312	37.5534013605442	36.1525423728814	0.975563128224027	0.00408301767728855	0.00156983149671879	1
A_NP	1014	5466	C	G	5413	46	0.990303695572631	0.0084156604463959	37.7203029743211	36.6086956521739	0.974055683696325	0.00421195766438758	0.00161282495198359	8
A_NP	1166	5489	A	G	5428	58	0.988886864638368	0.0105665877208963	37.7850036845984	37.5172413793103	0.983237410901177	0.0042053186658991	0.00151954988764702	2
A_NP	1195	5155	C	A	5107	42	0.990688651794374	0.00814742967992241	37.271783826121	35.4523809523809	0.965026323870033	0.00430679371018032	0.00182092723237977	2
A_NP	1330	4784	A	T	4716	63	0.985785953177257	0.0131688963210702	37.4474130619169	36.8571428571429	0.984341998302447	0.00443395321610922	0.00174974379156934	9
A_NP	1369	4605	A	G	4556	49	0.989359391965255	0.0106406080347448	37.6404741000878	36.469387755102	0.978811765101604	0.00450171279698439	0.00184207212170839	10
A_NP	1524	2438	C	G	2403	33	0.985643970467596	0.0135356849876948	36.819392426134	35.3030303030303	0.978212031882183	0.00598813554224691	0.00318615500588763	11
