Reference_Name	Position	Coverage Depth	Consensus	Deletions	Ambiguous	Consensus_Count	Consensus_Average_Quality
A_NS	1	662	C	0	0	662	33.131419939577
A_NS	2	1166	A	0	0	1166	32.7572898799314
A_NS	3	1907	G	0	0	1907	32.768222338752
A_NS	4	1964	C	0	0	1964	33.3095723014257
A_NS	5	2027	A	0	0	2025	33.3308641975309
A_NS	6	2467	A	0	0	2461	34.1198699715563
A_NS	7	2571	A	0	0	2567	34.9583171016751
A_NS	8	2609	A	0	0	2607	35.8262370540852
A_NS	9	2638	G	1	0	2635	35.5840607210626
A_NS	10	2654	C	0	0	2652	35.8684012066365
A_NS	11	2656	A	0	0	2646	36.1632653061224
A_NS	12	2942	G	0	0	2937	35.9257745999319
A_NS	13	2971	G	0	0	2965	34.1136593591906
A_NS	14	3011	G	0	0	3005	35.1271214642263
A_NS	15	3016	T	0	0	2985	34.393634840871
A_NS	16	3348	G	0	0	3343	34.8878253066108
A_NS	17	3361	A	0	0	3356	35.5491656734207
A_NS	18	3633	C	0	0	3632	36.4330947136564
A_NS	19	3633	A	2	0	3631	36.5425502616359
A_NS	20	3645	A	0	0	3642	36.6175178473366
A_NS	21	3834	A	0	0	3830	36.5404699738903
A_NS	22	3984	A	0	0	3979	36.4888162854989
A_NS	23	4824	A	0	0	4817	35.6717874195557
A_NS	24	5071	C	0	0	5067	35.8275113479376
A_NS	25	5083	A	0	0	5083	36.1176470588235
A_NS	26	5140	T	0	0	5131	36.7856168388228
A_NS	27	5153	A	0	0	5151	36.7289846631722
A_NS	28	5225	A	0	0	5218	37.0611345343043
A_NS	29	5227	T	0	0	5226	37.5145426712591
A_NS	30	5623	G	0	0	5619	37.1144331731625
A_NS	31	5997	G	0	0	5996	36.6390927284857
A_NS	32	6601	A	0	0	6593	36.3019869558623
A_NS	33	12697	T	0	0	12693	35.145119357126
A_NS	34	12703	T	0	0	12686	35.394371748384
A_NS	35	13109	C	0	0	13100	35.3392366412214
A_NS	36	13133	C	0	0	13125	35.5236571428571
A_NS	37	13142	A	0	0	13105	35.6760778328882
A_NS	38	13483	A	0	0	13446	37.0597947344935
A_NS	39	13523	C	0	0	13520	36.880399408284
A_NS	40	13554	A	0	0	13539	35.1715784031317
A_NS	41	13599	C	0	0	13596	35.30817887614
A_NS	42	13605	T	0	0	13587	37.1747258408773
A_NS	43	15094	G	0	0	15087	36.756611652416
A_NS	44	15102	T	0	0	15046	36.5516416323275
A_NS	45	15312	G	0	0	15304	37.0707658128594
A_NS	46	15313	T	0	0	15256	37.061680650236
A_NS	47	15317	C	0	0	15313	37.1792594527526
A_NS	48	15316	A	2	0	15294	37.6110893160717
A_NS	49	15338	A	0	0	15304	37.3721249346576
A_NS	50	15626	G	0	0	15616	37.2876536885246
A_NS	51	16055	C	0	0	16044	37.260221889803
A_NS	52	16063	T	0	0	16038	37.4097767801471
A_NS	53	16397	T	0	0	16390	37.4283709579012
A_NS	54	16400	T	0	0	16391	37.5298029406382
A_NS	55	17063	C	0	0	17058	37.5768554344003
A_NS	56	17077	A	0	0	17054	37.5117860912396
A_NS	57	17201	G	0	0	17188	37.6848964393763
A_NS	58	17256	G	0	0	17246	37.5114809231126
A_NS	59	17258	T	0	0	17139	36.2488476573896
A_NS	60	17308	A	0	0	17297	37.4004740706481
A_NS	61	17412	G	0	0	17408	37.4577780330882
A_NS	62	17454	A	0	0	17410	37.5360137851809
A_NS	63	17595	C	0	0	17584	37.9293107370337
A_NS	64	17597	T	0	0	17587	37.8011030875078
A_NS	65	18017	G	0	0	18008	37.5995113282985
A_NS	66	18032	C	0	0	18017	37.619637009491
A_NS	67	18037	T	0	0	17996	37.861858190709
A_NS	68	18239	T	0	0	18229	37.9549618739371
A_NS	69	18540	T	0	0	18530	37.9153804641123
A_NS	70	18833	C	0	0	18824	37.8587441563961
A_NS	71	18836	T	2	0	18813	37.894806782544
A_NS	72	18840	T	0	0	18820	37.8018065887354
A_NS	73	18855	T	0	0	18830	37.8208178438662
A_NS	74	18935	G	0	0	18915	37.6396510705789
A_NS	75	18945	G	0	0	18924	37.3412597759459
A_NS	76	18950	C	0	0	18940	37.8897043294615
A_NS	77	18954	A	0	0	18938	38.0697011300032
A_NS	78	18966	T	0	0	18952	38.0726044744618
A_NS	79	19291	G	0	0	19279	37.7626951605374
A_NS	80	19333	T	0	1	19297	37.946468362958
A_NS	81	19425	C	0	0	19410	37.97171561051
A_NS	82	19440	C	0	0	19411	37.9058265931688
A_NS	83	19442	G	0	0	19411	37.0215341816496
A_NS	84	19468	C	0	1	19462	37.0263590586785
A_NS	85	19468	A	1	0	19458	37.195652173913
A_NS	86	19496	A	0	0	19476	37.2291024851099
A_NS	87	19533	A	0	0	19489	37.0716814613372
A_NS	88	19756	C	0	0	19746	38.0524663222931
A_NS	89	19803	G	0	0	19795	37.2352109118464
A_NS	90	19867	A	0	0	19839	36.8592671001563
A_NS	91	19898	T	3	0	19886	37.8223373227396
A_NS	92	19995	T	0	0	19986	37.8777644351046
A_NS	93	19996	T	0	0	19983	37.3870289746284
A_NS	94	20007	G	0	0	19988	37.9084450670402
A_NS	95	20009	C	0	0	19980	37.9571071071071
A_NS	96	20009	A	0	0	19948	38.1356025666733
A_NS	97	20527	G	0	0	20513	37.6345731974845
A_NS	98	21221	A	0	0	21195	37.5916017928757
A_NS	99	21581	C	0	0	21568	37.75709384273
A_NS	100	21606	C	0	0	21591	37.5619007919967
A_NS	101	21630	A	0	0	21601	37.8288042220268
A_NS	102	21750	A	0	0	21718	37.7279215397366
A_NS	103	22772	G	0	0	22759	37.612197372468
A_NS	104	22791	A	0	0	22758	37.4766675454785
A_NS	105	22874	A	0	0	22861	37.7775687852675
A_NS	106	22920	C	0	0	22909	37.838491422585
A_NS	107	22918	T	0	0	22908	37.7623101100052
A_NS	108	23198	G	1	0	23174	37.6334685423319
A_NS	109	23272	G	0	0	23213	37.1472450781889
A_NS	110	23584	G	1	0	23568	36.8928207739308
A_NS	111	23590	T	1	0	23487	36.9418827436454
A_NS	112	23597	G	1	0	23585	36.3529361882552
A_NS	113	23650	A	0	0	23600	37.084279661017
A_NS	114	23685	T	0	0	23661	37.7608723215418
A_NS	115	24008	G	0	0	23994	37.4653663415854
A_NS	116	24600	C	2	0	24577	37.5556007649428
A_NS	117	24625	C	0	0	24599	37.5438432456604
A_NS	118	24679	C	0	0	24661	37.8602651960586
A_NS	119	24690	C	0	0	24675	37.3554204660588
A_NS	120	24772	A	1	0	24759	37.1744012278363
A_NS	121	27696	T	1	0	27684	37.6962144198815
A_NS	122	27822	T	0	0	27805	37.742780075526
A_NS	123	27858	C	1	0	27843	37.6350608770607
A_NS	124	27868	C	0	0	27848	37.6357368572249
A_NS	125	27878	T	0	0	27770	37.6464530068419
A_NS	126	27935	G	0	0	27919	37.7508864930692
A_NS	127	27956	G	0	0	27928	37.3652248639358
A_NS	128	27964	A	0	0	27931	37.8792381225162
A_NS	129	27967	C	0	0	27897	37.8746818654336
A_NS	130	27864	C	0	0	27832	37.7806481747629
A_NS	131	27968	G	0	0	27949	36.7054635228452
A_NS	132	28169	G	0	0	28132	36.0995663301578
A_NS	133	28169	C	0	0	28153	36.8518097538451
A_NS	134	28168	T	2	0	28102	36.497259981496
A_NS	135	28180	T	1	0	28172	36.9728453783899
A_NS	136	28230	C	1	0	28218	38.0340562761358
A_NS	137	28324	G	1	0	28301	36.8604996289884
A_NS	138	28324	C	2	0	28305	37.0060766649002
A_NS	139	28324	C	1	0	28298	37.3797088133437
A_NS	140	28328	G	2	0	28319	37.3153713054839
A_NS	141	28318	A	1	0	28274	37.0155973686072
A_NS	142	29022	G	1	0	29006	36.7447769427015
A_NS	143	29034	A	1	0	28981	36.9068355129223
A_NS	144	29175	C	2	0	29146	37.1248541823921
A_NS	145	29201	C	1	0	29171	37.2975900723321
A_NS	146	29214	A	1	0	29186	38.1011443842938
A_NS	147	29469	G	1	0	29453	37.7961158455845
A_NS	148	29473	A	1	0	29423	37.7106685246236
A_NS	149	29467	A	0	0	29355	37.9165389201158
A_NS	150	30056	G	0	0	30038	37.5218390039284
A_NS	151	30015	T	0	0	29943	37.4193300604482
A_NS	152	30528	C	2	0	30497	37.4064334196806
A_NS	153	30269	C	0	0	30227	37.4668342872267
A_NS	154	30244	C	0	0	30211	37.7733937969614
A_NS	155	30253	T	1	0	30234	37.9479063306212
A_NS	156	30357	A	4	0	30342	37.9051479796981
A_NS	157	30294	A	2	0	30266	37.8155686248596
A_NS	158	30884	G	3	0	30869	37.8122712105996
A_NS	159	30697	A	3	0	30626	37.317703911709
A_NS	160	30978	G	4	0	30966	37.6440935219273
A_NS	161	30770	G	4	0	30752	37.2393340270552
A_NS	162	30737	A	4	0	30689	37.2297565903092
A_NS	163	30566	A	4	0	30481	37.6083133755454
A_NS	164	30566	G	4	0	30546	37.5511359916192
A_NS	165	30903	A	3	0	30725	37.440227827502
A_NS	166	31000	G	3	0	30980	37.4799548095545
A_NS	167	30754	G	2	0	30726	37.2015231400117
A_NS	168	30662	C	2	0	30638	36.9868463998956
A_NS	169	30542	A	2	0	30402	37.2503782645879
A_NS	170	30819	G	2	0	30795	36.8821561941874
A_NS	171	30800	C	1	0	30774	37.0094560343147
A_NS	172	30843	A	1	0	30810	37.8857513794223
A_NS	173	32255	C	1	0	32190	37.6053743398571
A_NS	174	32135	T	1	0	32069	37.6473229598678
A_NS	175	32199	C	1	0	32176	37.7247948781701
A_NS	176	32172	T	2	0	32118	37.6857525375179
A_NS	177	32163	T	1	0	32119	37.8113888975373
A_NS	178	32824	G	1	0	32805	37.656912056089
A_NS	179	32816	G	0	0	32803	37.377282565619
A_NS	180	32774	T	0	1	32678	36.9059917987637
A_NS	181	29140	C	0	0	29119	37.4733335622789
A_NS	182	28504	T	2	0	28449	37.7048402404302
A_NS	183	28843	G	1	0	28823	37.721819380356
A_NS	184	28843	G	1	0	28822	37.6158836999514
A_NS	185	28926	A	1	0	28869	37.8531296546468
A_NS	186	29187	C	1	0	29156	37.860166003567
A_NS	187	28920	A	1	0	28893	37.9700273422628
A_NS	188	29121	T	1	0	29087	37.688623783821
A_NS	189	28955	C	1	0	28928	37.6999792588496
A_NS	190	28973	G	1	0	28936	37.2947539397291
A_NS	191	29631	A	2	0	29608	37.8606795460686
A_NS	192	29576	A	1	0	29556	37.849912031398
A_NS	193	29592	A	0	0	29564	37.3858747124882
A_NS	194	29207	C	0	0	29186	37.4216747755773
A_NS	195	29224	A	0	0	29175	38.0289974293059
A_NS	196	29247	G	0	0	29222	37.7477243172952
A_NS	197	29317	C	0	0	29296	37.8399781540142
A_NS	198	29361	T	0	0	29313	37.7321666154948
A_NS	199	29393	A	0	0	29369	37.7688719398005
A_NS	200	29069	C	0	0	29056	37.7195415748899
A_NS	201	29088	T	0	0	29047	37.6191345061452
A_NS	202	29207	C	0	0	29185	37.7734795271544
A_NS	203	29196	G	0	0	29174	37.1119489956811
A_NS	204	29045	T	0	0	28957	37.1040508339952
A_NS	205	29045	G	0	0	28953	37.3516388629848
A_NS	206	28777	C	0	0	28747	36.9197133613942
A_NS	207	28787	G	0	0	28755	37.5511389323596
A_NS	208	29113	G	0	0	29100	37.4449828178694
A_NS	209	29160	G	0	1	29155	37.5088321042703
A_NS	210	29417	A	0	0	29399	37.3160991870472
A_NS	211	29394	A	0	0	29381	37.5470542187128
A_NS	212	29415	A	0	0	29346	37.9312342397601
A_NS	213	29954	G	1	0	29942	37.7244339055507
A_NS	214	29978	C	0	0	29952	37.7604834401709
A_NS	215	30255	A	0	0	30192	37.9224629040806
A_NS	216	30255	G	0	0	30240	37.9320436507937
A_NS	217	30231	A	0	0	30144	37.7109209129512
A_NS	218	30427	T	1	0	30413	37.878111333969
A_NS	219	30182	A	0	0	30157	38.0060019232682
A_NS	220	30364	G	0	0	30356	37.8999209382
A_NS	221	30150	T	0	1	30026	37.1898021714514
A_NS	222	29962	G	0	0	29951	37.3550799639411
A_NS	223	30000	G	0	0	29984	37.1983057630736
A_NS	224	29866	A	1	0	29798	36.9144237868313
A_NS	225	29848	G	0	0	29830	37.1819979886021
A_NS	226	29863	C	0	0	29752	37.3447835439634
A_NS	227	29954	G	0	0	29939	37.2822071545476
A_NS	228	30165	G	0	0	30151	37.271566448874
A_NS	229	30177	A	1	0	30137	36.9108736768756
A_NS	230	30156	T	0	0	30118	37.0345640480776
A_NS	231	30098	T	0	0	30082	37.3497440329765
A_NS	232	30725	C	0	0	30711	37.9336719742112
A_NS	233	30898	T	0	0	30872	38.0561997926924
A_NS	234	31071	G	4	0	31052	37.9958134741724
A_NS	235	31170	G	1	1	31160	37.81986521181
A_NS	236	31043	A	1	0	30964	37.7312362743832
A_NS	237	31044	G	1	1	31030	37.9108926844989
A_NS	238	31251	G	1	0	31235	37.3027693292781
A_NS	239	31152	A	1	1	31128	37.2908635312259
A_NS	240	31157	A	1	1	31123	37.9557240625904
A_NS	241	31355	G	2	1	31342	37.7331376427797
A_NS	242	31584	A	0	0	31523	37.7317831424674
A_NS	243	31909	G	0	2	31895	37.7714061765167
A_NS	244	31958	T	0	2	31839	37.4721567888439
A_NS	245	31859	C	0	2	31749	37.7027937887808
A_NS	246	31814	T	0	2	31767	37.9009978908931
A_NS	247	31990	G	0	1	31974	37.966848064052
A_NS	248	32276	A	0	1	32231	37.8284881015172
A_NS	249	32017	T	0	0	31994	37.8036819403638
A_NS	250	31758	G	1	0	31743	37.8068550546577
A_NS	251	31486	A	1	0	31424	37.9297034114053
A_NS	252	31420	G	1	0	31391	37.4844382147749
A_NS	253	31795	G	0	0	31761	37.4617297944019
A_NS	254	31416	C	0	0	31392	37.205880479103
A_NS	255	31518	A	0	0	31447	37.1820841415715
A_NS	256	32408	C	0	0	32386	37.8138084357438
A_NS	257	32306	T	1	0	32291	37.8757548542938
A_NS	258	33001	T	0	0	32987	37.9251220177646
A_NS	259	32970	A	0	0	32947	38.0295019273378
A_NS	260	32981	A	0	0	32927	38.0304005831081
A_NS	261	33026	G	0	0	33015	37.9631985461154
A_NS	262	32851	A	0	0	32794	37.7738915655303
A_NS	263	32830	T	0	0	32813	37.8016334989181
A_NS	264	33051	G	0	0	33038	37.7924511168957
A_NS	265	32716	A	0	1	32643	37.6417915020066
A_NS	266	33406	C	0	1	33384	37.7272945123412
A_NS	267	33197	T	0	0	33175	37.9097513187641
A_NS	268	33195	A	0	1	33182	37.9308359954192
A_NS	269	33357	T	0	0	33333	37.8926289262893
A_NS	270	33232	T	0	0	33210	37.8960855164107
A_NS	271	33260	G	0	0	33242	37.7566933397509
A_NS	272	32570	C	0	0	32547	37.5188189387655
A_NS	273	32410	T	0	0	32317	37.7444069684686
A_NS	274	32394	T	0	0	32346	37.8193594262042
A_NS	275	32235	C	0	0	32213	37.8289820879769
A_NS	276	31824	A	0	0	31802	37.9936167536633
A_NS	277	32106	G	0	0	32086	37.5527644455526
A_NS	278	32050	T	0	0	31998	37.3069254328396
A_NS	279	32106	G	0	0	32085	37.3702664796634
A_NS	280	32203	C	0	0	32164	37.2245367491605
A_NS	281	31844	C	0	0	31808	37.4220950704225
A_NS	282	31920	G	0	0	31887	37.3572302192116
A_NS	283	32102	A	0	0	32049	37.1299260507348
A_NS	284	32287	C	0	0	32184	37.3354772557793
A_NS	285	32248	T	0	0	32210	36.8112697919901
A_NS	286	32215	T	0	0	32186	36.8822469396632
A_NS	287	32268	C	0	0	32244	37.5508621759087
A_NS	288	32268	A	0	0	32210	37.5050605402049
A_NS	289	32319	C	0	0	32288	37.6620725966303
A_NS	290	32313	G	0	0	32284	37.7803555941023
A_NS	291	32553	C	0	0	32540	37.6982175783651
A_NS	292	32398	T	0	0	32344	36.9656195894138
A_NS	293	33943	A	0	0	33853	36.6432221664254
A_NS	294	34085	C	1	0	34064	37.0525187881635
A_NS	295	34101	C	0	0	34072	37.6452512326837
A_NS	296	34241	T	0	0	34202	37.8139874861119
A_NS	297	34307	A	1	0	34295	37.7641930310541
A_NS	298	34204	A	0	0	34157	37.7997189448722
A_NS	299	33856	C	0	0	33731	37.848744478373
A_NS	300	33352	T	0	0	33298	37.8266862874647
A_NS	301	33663	G	0	0	33635	37.7675040880036
A_NS	302	32886	A	2	0	32835	37.9871478605147
A_NS	303	32367	C	0	0	32347	37.965746437073
A_NS	304	32319	A	0	0	32265	37.9902680923601
A_NS	305	32405	T	0	0	32351	37.9977435009737
A_NS	306	32359	G	0	0	32344	37.7918315607222
A_NS	307	32410	A	0	0	32335	37.8345446111025
A_NS	308	32825	C	0	0	32803	37.8041642532695
A_NS	309	32777	T	0	1	32737	37.6922137031493
A_NS	310	32635	C	0	0	32594	37.8397864637663
A_NS	311	32598	T	0	0	32564	37.9653912295787
A_NS	312	32572	T	0	0	32544	38.0767576204523
A_NS	313	32677	G	1	0	32660	38.0435088793631
A_NS	314	34599	A	1	0	34572	38.0074916117089
A_NS	315	34588	A	1	0	34542	38.1627583811013
A_NS	316	34465	G	1	0	34456	38.0811469700488
A_NS	317	34050	A	1	0	34028	38.1243387798284
A_NS	318	34641	A	1	0	34578	38.1987680027763
A_NS	319	34539	A	1	0	34517	38.1528522177478
A_NS	320	34866	T	1	0	34845	38.0068015497202
A_NS	321	35625	G	1	0	35609	38.0054761436715
A_NS	322	35597	T	1	0	35540	37.8388013505909
A_NS	323	35109	C	1	0	35078	37.9112264097155
A_NS	324	35089	A	4	0	35038	37.913037273817
A_NS	325	35074	A	1	0	34981	37.8882822103428
A_NS	326	35083	G	2	0	35062	37.7400604643203
A_NS	327	35654	G	1	0	35619	37.3424015272748
A_NS	328	35718	G	1	0	35689	37.0324189526185
A_NS	329	35416	A	0	0	35351	37.7194421657096
A_NS	330	35360	C	0	0	35334	37.0853851814117
A_NS	331	34849	T	1	0	34813	37.8920518197225
A_NS	332	36619	G	3	0	36594	37.2943651964803
A_NS	333	38190	G	0	0	38158	37.3356832119084
A_NS	334	38279	T	0	0	38216	37.4386382666946
A_NS	335	38258	T	0	0	38181	37.5454545454545
A_NS	336	37719	C	0	0	37688	37.6171991084695
A_NS	337	37690	A	0	0	37631	37.7423666657809
A_NS	338	37817	T	0	1	37778	37.7894541796813
A_NS	339	37946	G	0	0	37929	37.6758944343378
A_NS	340	38149	C	0	1	38126	37.5123537743272
A_NS	341	37172	T	1	1	37061	37.4293192304579
A_NS	342	36217	C	0	0	36119	37.9131758908054
A_NS	343	36048	A	0	0	36022	38.0753706068514
A_NS	344	36463	T	0	0	36421	37.9867933335164
A_NS	345	36366	G	0	0	36343	37.8544148804447
A_NS	346	36604	C	1	0	36564	37.2183568537359
A_NS	347	36545	C	0	0	36507	37.2285041224971
A_NS	348	36484	C	0	0	36458	37.8441494322234
A_NS	349	36351	A	2	0	36341	38.1032442695578
A_NS	350	36612	A	0	0	36589	37.8198912241384
A_NS	351	36653	A	0	0	36619	37.9668751194735
A_NS	352	36676	C	0	0	36552	38.0261545195885
A_NS	353	36370	A	0	0	36341	38.1475193307834
A_NS	354	36520	G	0	0	36498	38.0573730067401
A_NS	355	36450	A	2	0	36391	38.138220988706
A_NS	356	36519	A	0	0	36439	38.2019539504377
A_NS	357	36443	A	0	0	36411	38.1781879102469
A_NS	358	36561	G	1	0	36544	37.9497591943958
A_NS	359	36303	T	0	0	36128	36.9882916297609
A_NS	360	36299	G	2	0	36269	37.6202266398302
A_NS	361	36235	G	0	0	36207	37.4801005330461
A_NS	362	36244	C	0	0	36209	37.3553536413599
A_NS	363	36081	A	1	0	36019	38.0146589300092
A_NS	364	35975	G	0	0	35959	36.9724686448455
A_NS	365	36353	G	0	0	36314	36.5340915349452
A_NS	366	36247	T	1	0	35894	36.2864824204602
A_NS	367	36186	T	2	0	36084	37.2511085245538
A_NS	368	36372	C	2	0	36247	36.3324413054874
A_NS	369	36476	C	2	0	36220	37.3973495306461
A_NS	370	36418	C	1	0	36394	37.739764796395
A_NS	371	36382	T	12	0	36305	37.4099159895331
A_NS	372	36624	T	1	0	36586	37.7861750396326
A_NS	373	36552	T	1	0	36543	38.0629121856443
A_NS	374	37268	G	1	0	37219	37.2629839598055
A_NS	375	37750	C	1	0	37701	37.0678496591602
A_NS	376	37768	A	1	0	37673	37.221431794654
A_NS	377	37712	T	1	1	37661	37.4287724701946
A_NS	378	37547	T	1	0	37531	37.8283019370654
A_NS	379	38401	A	0	0	38312	37.144106285237
A_NS	380	38568	G	0	0	38531	37.0412395214243
A_NS	381	38650	A	2	0	38600	37.0463471502591
A_NS	382	39048	A	1	0	39001	37.6719571293044
A_NS	383	38024	T	3	0	37995	37.348519542045
A_NS	384	37685	G	1	0	37640	37.3892667375133
A_NS	385	37858	G	1	0	37831	37.6140202479448
A_NS	386	37894	A	1	0	37788	36.9511220493278
A_NS	387	37998	T	2	0	37841	36.3990909331149
A_NS	388	37141	C	1	0	37102	37.3427308500889
A_NS	389	37349	A	1	0	37274	37.2520255405913
A_NS	390	37680	A	1	0	37610	37.6619250199415
A_NS	391	37821	G	1	0	37768	37.1040828214361
A_NS	392	38009	C	1	0	37975	37.3094140882159
A_NS	393	37766	A	1	0	37744	37.6572700296736
A_NS	394	38537	A	1	0	38499	37.8663082157978
A_NS	395	38521	T	3	0	38465	37.2535551800338
A_NS	396	38550	A	2	0	38518	37.8458123474739
A_NS	397	38572	A	2	0	38549	38.0162390723495
A_NS	398	37940	T	2	0	37807	36.6232179226069
A_NS	399	37888	G	1	0	37841	36.9817393832087
A_NS	400	37927	G	1	0	37897	37.3433253291817
A_NS	401	37747	A	2	0	37618	37.2515285235791
A_NS	402	37859	C	1	0	37803	36.9083406078883
A_NS	403	37234	A	14	0	37202	37.2605773883125
A_NS	404	37227	A	1	0	37209	38.0031175253299
A_NS	405	37426	A	1	0	37403	38.1731946635297
A_NS	406	37405	A	1	0	37375	38.1139531772575
A_NS	407	37197	A	1	0	36998	37.9535380290827
A_NS	408	37055	C	0	0	37000	37.3396486486486
A_NS	409	36762	A	1	0	36730	37.7599509937381
A_NS	410	36746	T	1	0	36670	37.556340332697
A_NS	411	36554	C	1	0	36513	37.6968203105743
A_NS	412	36565	A	1	1	36473	37.3343569215584
A_NS	413	36847	C	1	0	36813	37.8897672018037
A_NS	414	36564	A	1	0	36419	37.678546912326
A_NS	415	36685	T	3	0	36648	37.7829895219384
A_NS	416	36527	T	1	0	36506	38.0943406563305
A_NS	417	36185	G	2	0	36139	37.4435651235507
A_NS	418	36157	A	2	0	36115	37.781503530389
A_NS	419	36192	A	1	0	36163	38.0197992423195
A_NS	420	36111	A	0	0	36044	38.0602874264788
A_NS	421	36312	G	0	0	36270	37.4796801764544
A_NS	422	35880	C	0	0	35843	37.6787378288648
A_NS	423	35925	A	4	0	35885	37.8607496168315
A_NS	424	35949	A	0	0	35876	37.8873898985394
A_NS	425	36156	A	0	0	36063	37.7109502814519
A_NS	426	36233	C	0	1	36186	37.6379539048251
A_NS	427	36206	T	1	0	36118	37.4537349797885
A_NS	428	36291	T	1	1	36252	37.7351870241642
A_NS	429	36291	C	1	0	36260	37.8902095973525
A_NS	430	35987	A	2	0	35923	37.8596999137043
A_NS	431	36106	G	1	0	36082	37.9567651460562
A_NS	432	36142	T	1	0	36022	37.5102715007495
A_NS	433	36107	G	1	0	35998	38.0072781821212
A_NS	434	35939	T	1	0	35801	37.534761598838
A_NS	435	35900	G	1	0	35884	37.875905696132
A_NS	436	36417	A	1	0	36369	37.7169017569908
A_NS	437	36350	T	22	0	36321	37.6956856914733
A_NS	438	36458	T	0	0	36439	38.0395455418645
A_NS	439	36442	T	0	0	36409	37.8986788980746
A_NS	440	36369	T	0	0	36350	38.0588445667125
A_NS	441	36435	T	0	0	36418	37.7704981053325
A_NS	442	36202	G	1	0	36164	36.459517752461
A_NS	443	36243	A	0	0	36127	36.6927782544911
A_NS	444	35597	C	2	0	35552	36.99099909991
A_NS	445	35303	C	0	0	35265	37.3059123777116
A_NS	446	35312	G	1	1	35291	37.3057720098609
A_NS	447	36328	A	0	0	36283	37.2296392249814
A_NS	448	36476	C	0	0	36431	37.0306332519009
A_NS	449	37407	T	0	0	37367	37.0691519254958
A_NS	450	37486	G	1	0	37457	37.2795739114184
A_NS	451	37489	G	0	0	37462	37.4681810901714
A_NS	452	37452	A	0	0	37344	37.237601756641
A_NS	453	37503	G	0	0	37451	36.7074577447865
A_NS	454	37480	A	1	0	37280	36.8637607296137
A_NS	455	42136	C	2	0	42083	36.2199225340399
A_NS	456	41601	C	1	0	41559	36.459154455112
A_NS	457	41262	C	1	0	41137	36.9821814911151
A_NS	458	41712	T	6	0	41657	37.2566435413016
A_NS	459	41950	A	16	0	41927	36.9378204975314
A_NS	460	43226	A	1	0	43208	37.2120903536382
A_NS	461	43154	T	14	0	43134	36.9157740993184
A_NS	462	43162	A	14	0	43098	36.8782078054666
A_NS	463	43197	C	14	0	43166	36.9013112171617
A_NS	464	37955	T	6	0	37919	37.2873493499301
A_NS	465	38759	A	0	0	38708	37.2212204195515
A_NS	466	38699	C	0	1	38458	37.3658796609288
A_NS	467	38422	T	0	0	38360	37.3666058394161
A_NS	468	38390	C	0	0	38368	37.6371716013344
A_NS	469	36929	A	0	0	36911	37.8489881065265
A_NS	470	37281	G	0	0	37251	37.5813803656278
A_NS	471	37114	A	0	0	37052	37.5390262334017
A_NS	472	36833	G	0	0	36798	37.4861133757269
A_NS	473	36869	C	0	1	36839	37.481310567605
A_NS	474	36619	T	5	0	36466	37.855262436242
A_NS	475	36945	T	0	0	36906	37.8999891616539
A_NS	476	37192	T	0	0	37121	37.8988443199267
A_NS	477	37408	C	0	0	37380	37.8123327982879
A_NS	478	37450	A	0	0	37386	37.8104370620018
A_NS	479	37391	C	1	0	37366	37.6392977573195
A_NS	480	36881	A	0	0	36807	38.0109218355204
A_NS	481	37110	G	0	0	37093	37.3679670018602
A_NS	482	37221	A	0	0	37167	37.7802889660182
A_NS	483	36254	C	0	0	36219	37.4472238327949
A_NS	484	36066	G	1	0	36046	37.6306386284192
A_NS	485	35974	A	1	0	35889	37.3847697065953
A_NS	486	36041	G	8	0	36014	36.9255567279391
A_NS	487	36054	G	0	0	36015	37.489407191448
A_NS	488	36291	G	0	0	36243	37.3535303368926
A_NS	489	36274	A	0	0	36164	37.3288076540206
A_NS	490	36119	G	0	0	36086	37.2854846754974
A_NS	491	36092	C	2	1	36061	37.3429189429023
A_NS	492	35997	A	0	1	35964	37.9344066288511
A_NS	493	36194	A	0	1	36154	37.9722852243182
A_NS	494	36322	T	0	1	36302	37.8657649716269
A_NS	495	36076	T	0	0	36058	37.6679793665761
A_NS	496	36131	G	0	1	36109	38.122767177158
A_NS	497	35787	T	0	1	35702	37.7528709876197
A_NS	498	35819	G	3	1	35782	37.9384047845285
A_NS	499	35917	G	1	0	35890	37.4151574254667
A_NS	500	36189	G	4	0	36150	37.4886583679115
A_NS	501	36100	A	4	1	36039	37.9435611420961
A_NS	502	35963	G	3	1	35943	37.6597946749019
A_NS	503	36318	A	4	0	36304	37.8163838695461
A_NS	504	36585	A	2	0	36569	38.0963110831579
A_NS	505	36570	A	2	1	36540	37.9590038314176
A_NS	506	36577	T	1	0	36544	37.9407563485114
A_NS	507	36665	C	0	1	36646	37.9421219232658
A_NS	508	36478	T	0	0	36428	37.7986164488855
A_NS	509	37130	C	1	1	37102	37.4967656730095
A_NS	510	37200	A	1	0	37081	37.5554327013835
A_NS	511	37555	C	1	0	37324	37.7641999785661
A_NS	512	37572	C	0	0	37555	37.9232325921981
A_NS	513	37474	A	1	0	37455	38.0294219730343
A_NS	514	37504	T	2	0	37432	38.008468689891
A_NS	515	37518	T	2	0	37492	37.8618905366478
A_NS	516	37551	A	2	0	37435	37.4854547882997
A_NS	517	37693	C	2	0	37665	37.7985132085491
A_NS	518	37419	C	3	0	37399	37.8257440038504
A_NS	519	37837	T	4	0	37742	37.7833713104764
A_NS	520	37659	T	3	0	37592	37.6886305596936
A_NS	521	37793	C	3	1	37708	37.9269916198154
A_NS	522	37600	T	3	1	37529	37.6198673026193
A_NS	523	38271	C	4	0	38250	37.8110326797386
A_NS	524	38547	T	3	0	38488	37.7120920806485
A_NS	525	38497	T	2	0	38439	37.5302167069903
A_NS	526	38312	C	4	0	38123	37.7941400204601
A_NS	527	38148	C	1	0	38126	37.8519383098148
A_NS	528	38172	A	0	0	38079	37.8510727697681
A_NS	529	38467	G	0	2	38318	37.7306487812516
A_NS	530	38581	G	0	0	38550	37.5456549935149
A_NS	531	38562	A	1	0	38506	37.5088038227809
A_NS	532	37996	C	1	0	37973	37.6361888710399
A_NS	533	37400	A	1	0	37238	37.8832912616145
A_NS	534	37461	T	1	0	37415	37.7571829480155
A_NS	535	37532	A	0	1	37440	37.7176014957265
A_NS	536	38002	C	0	0	37985	37.2540739765697
A_NS	537	37750	T	0	0	37673	37.5104982348101
A_NS	538	37521	G	1	0	37444	37.3034130968914
A_NS	539	37424	A	0	0	37356	37.6057393725238
A_NS	540	37009	C	1	0	35855	37.2543857202622
A_NS	541	37066	G	1	0	37053	37.5233314441476
A_NS	542	36470	A	0	0	36370	37.3488039593071
A_NS	543	36404	G	0	0	36366	37.3172193807403
A_NS	544	36360	G	0	0	36331	37.3915113814649
A_NS	545	35369	A	0	0	35318	37.5413386941503
A_NS	546	35417	T	0	0	35387	37.9264984316274
A_NS	547	35285	G	0	0	35260	38.0358479863868
A_NS	548	35245	T	0	0	35150	37.3495590327169
A_NS	549	35210	C	1	0	35178	37.3561032463471
A_NS	550	35195	A	11	0	35166	38.1144855826651
A_NS	551	35228	A	0	0	35196	38.0634731219457
A_NS	552	35206	A	0	0	35178	38.0438057877082
A_NS	553	34959	A	0	0	34934	38.0780328619683
A_NS	554	35115	A	0	1	35090	37.8888572242804
A_NS	555	35008	T	0	0	34977	37.9472796409069
A_NS	556	34886	G	0	1	34863	38.0467544388033
A_NS	557	35196	C	1	0	35175	37.9837953091684
A_NS	558	35146	A	0	0	35128	38.1122751081758
A_NS	559	35388	A	0	0	35356	37.9255289059848
A_NS	560	35422	T	1	0	35400	37.4918644067797
A_NS	561	35409	T	0	0	35389	37.557433100681
A_NS	562	35438	G	4	0	35425	37.4916019760056
A_NS	563	35259	G	0	0	35227	37.1900246969654
A_NS	564	35186	G	0	0	35145	37.3078104993598
A_NS	565	35363	G	0	0	35328	37.1106487771739
A_NS	566	35048	T	0	0	34931	37.2257879820217
A_NS	567	35265	C	0	0	35241	37.0281774069975
A_NS	568	35174	C	0	0	35154	37.652443534164
A_NS	569	35134	T	2	0	34985	37.8986708589395
A_NS	570	35414	C	0	0	35391	37.350512842248
A_NS	571	35372	A	2	1	35352	37.3957343290337
A_NS	572	35492	T	1	0	35456	37.3218073104693
A_NS	573	35550	C	0	0	35524	37.463405021957
A_NS	574	35253	G	0	0	35227	37.9883612002157
A_NS	575	35308	G	0	0	35279	37.4708750248023
A_NS	576	34869	A	3	1	34780	37.2205002875216
A_NS	577	34796	G	0	0	34774	37.4480071317651
A_NS	578	34992	G	0	1	34971	37.2711389436962
A_NS	579	34703	A	0	0	34624	37.0864429297597
A_NS	580	35263	C	0	1	35225	37.4952164655784
A_NS	581	35138	T	1	1	35085	38.0827704147071
A_NS	582	35158	T	0	1	35124	38.0407129028584
A_NS	583	35322	G	1	1	35306	38.0878037727298
A_NS	584	35288	A	1	1	35249	37.9268631734234
A_NS	585	35297	A	1	0	35241	37.9332311795919
A_NS	586	35147	T	1	0	35123	38.012043390371
A_NS	587	34463	G	3	0	34445	38.1050950791116
A_NS	588	34846	G	1	0	34826	37.8491069890312
A_NS	589	34504	A	3	0	34433	37.7628728254872
A_NS	590	34761	A	2	0	34718	37.836367302264
A_NS	591	35721	T	1	0	35696	37.7582922456298
A_NS	592	35783	G	1	0	35761	37.7472386118956
A_NS	593	35914	A	0	0	35891	37.7702766710317
A_NS	594	36228	T	1	0	36215	37.7607345022781
A_NS	595	36212	A	3	0	36169	37.5996018690038
A_NS	596	36507	A	2	0	36441	37.6084904365961
A_NS	597	35941	C	3	0	35801	37.4435071646043
A_NS	598	35276	A	0	0	35137	37.4058399977232
A_NS	599	35334	C	0	0	35224	37.7025039745628
A_NS	600	32731	A	0	0	32703	37.7626211662539
A_NS	601	33128	G	0	0	33107	37.806324946386
A_NS	602	33031	T	0	0	32983	37.7948337022102
A_NS	603	33039	T	0	0	32995	37.4375208364904
A_NS	604	33270	C	0	0	33245	37.5050082719206
A_NS	605	33083	G	0	0	33058	37.6036360336378
A_NS	606	31587	A	0	0	31533	37.6370151904354
A_NS	607	31580	G	0	0	31563	37.8422836865951
A_NS	608	31556	T	0	0	31476	37.5576947515567
A_NS	609	31405	C	0	0	31382	37.5789943279587
A_NS	610	30697	T	0	0	30623	37.6446135257813
A_NS	611	30718	C	0	0	30702	37.8356784574295
A_NS	612	30702	T	1	0	30648	38.029594100757
A_NS	613	30731	G	0	0	30686	37.9297399465554
A_NS	614	31151	A	0	0	31093	37.7968031389702
A_NS	615	31180	A	0	0	31153	37.7858633197445
A_NS	616	31249	A	0	0	31162	37.5435466273025
A_NS	617	31375	C	0	0	31362	37.8054333269562
A_NS	618	30673	T	0	0	30644	37.6824827046078
A_NS	619	31229	C	0	0	31215	37.8048053820279
A_NS	620	31108	T	1	0	31075	37.7966854384553
A_NS	621	31261	A	0	0	31227	37.8376405034105
A_NS	622	31248	C	0	0	31235	37.8861533536097
A_NS	623	31035	A	0	0	31007	37.8175250749831
A_NS	624	31118	G	0	0	31101	37.7670814443265
A_NS	625	30281	A	0	0	30252	37.7529750099167
A_NS	626	30119	G	0	0	30107	37.2946822997974
A_NS	627	30021	A	0	0	29623	37.2489281976842
A_NS	628	28993	T	2	0	28973	37.3699306250647
A_NS	629	28978	T	0	0	28950	37.3352677029361
A_NS	630	29030	C	0	0	29010	37.427128576353
A_NS	631	29050	G	0	0	29030	36.9635204960386
A_NS	632	28949	C	0	0	28937	37.4278605245879
A_NS	633	28816	T	2	0	28778	37.4315796789214
A_NS	634	28813	T	0	0	28784	37.8666967759867
A_NS	635	28684	G	0	0	28666	37.6609921160957
A_NS	636	29024	G	0	0	29011	37.5646478921788
A_NS	637	28982	A	1	0	28928	37.8746543141593
A_NS	638	28969	G	3	0	28947	37.9241026703976
A_NS	639	28683	A	31	0	28649	37.9660372089776
A_NS	640	28544	A	0	0	28503	37.9186752271691
A_NS	641	28884	G	0	0	28867	37.7027747947483
A_NS	642	29083	C	0	0	29061	37.8258834864595
A_NS	643	29033	A	0	1	28970	37.9519848118744
A_NS	644	29725	G	0	0	29702	37.8227392094808
A_NS	645	29858	T	1	0	29839	37.7304869466135
A_NS	646	29973	A	3	0	29953	37.8342403098187
A_NS	647	29961	A	0	0	29943	37.8547573723408
A_NS	648	29794	T	0	0	29770	37.5528720188109
A_NS	649	29976	G	0	0	29965	37.6874687134991
A_NS	650	29141	A	3	0	29101	37.7570873853132
A_NS	651	29335	G	0	0	29313	37.6440487155869
A_NS	652	29835	G	0	0	29723	37.5510547387545
A_NS	653	28585	A	0	0	28555	37.8395027140606
A_NS	654	28700	T	0	0	28672	37.6319056919643
A_NS	655	28404	G	1	0	28376	37.6384620806315
A_NS	656	28680	G	0	0	28650	37.1913089005236
A_NS	657	28673	G	0	0	28652	37.4145609381544
A_NS	658	28302	A	1	0	28217	37.5075663607045
A_NS	659	28393	G	0	0	28359	36.9509503155965
A_NS	660	27566	A	0	0	27447	35.8985681495245
A_NS	661	28020	C	1	0	27883	36.161747301223
A_NS	662	29212	C	1	0	29184	36.7821408991228
A_NS	663	29111	T	1	0	29027	37.4483756502567
A_NS	664	29294	C	2	0	29262	36.8498393821338
A_NS	665	29114	C	0	0	29021	37.2704593225595
A_NS	666	29043	A	0	0	28952	36.781465874551
A_NS	667	29248	C	0	1	29100	37.0581786941581
A_NS	668	28958	T	0	0	28881	36.679443232575
A_NS	669	29097	C	61	0	29068	36.6903123709922
A_NS	670	27737	C	1	0	27714	36.9465973876019
A_NS	671	27971	C	0	0	27894	37.5542769054277
A_NS	672	27927	T	4	0	27845	37.451176153708
A_NS	673	27695	C	1	0	27669	36.9490404423723
A_NS	674	27733	C	0	0	27701	37.3767373019025
A_NS	675	28005	A	6	0	27985	38.0682508486689
A_NS	676	28011	A	0	0	27995	38.0070369708877
A_NS	677	28003	A	0	0	27990	37.9482672382994
A_NS	678	27838	A	0	0	27796	37.8373866743416
A_NS	679	27760	C	0	0	27747	37.9862687858147
A_NS	680	26768	A	1	0	26744	38.2546739455579
A_NS	681	26795	G	0	0	26778	38.1813802375084
A_NS	682	26986	A	0	0	26954	38.207761371225
A_NS	683	27015	A	0	0	26984	38.0848651052476
A_NS	684	26925	A	0	0	26880	37.9443080357143
A_NS	685	27342	C	23	0	27306	37.5881857467223
A_NS	686	27397	G	0	1	27359	37.8946964435835
A_NS	687	27373	G	0	0	27344	37.9858104154476
A_NS	688	27387	A	7	1	27359	38.0330421433532
A_NS	689	27360	A	0	0	27343	38.047215009326
A_NS	690	27302	A	0	0	27271	37.9504968648014
A_NS	691	27475	A	0	0	27442	37.6578602142701
A_NS	692	27555	T	0	0	27453	37.2725385203803
A_NS	693	27572	G	0	0	27551	37.5159159377155
A_NS	694	28337	G	0	0	28315	37.3684972629348
A_NS	695	28174	C	0	0	28136	37.2984432755189
A_NS	696	28162	G	1	0	28121	38.0040894705025
A_NS	697	28065	A	1	0	28037	37.9725719584834
A_NS	698	28192	G	0	0	28177	37.9196507790042
A_NS	699	28423	A	0	0	28404	37.9650401351922
A_NS	700	28441	A	0	0	28409	37.920130944419
A_NS	701	28595	C	0	0	28565	38.0374234202696
A_NS	702	28433	A	0	0	28414	38.2422045470543
A_NS	703	28452	A	0	0	28410	38.1823653643083
A_NS	704	28514	T	0	0	28478	37.8439848303954
A_NS	705	28440	T	0	0	28423	38.1005523695599
A_NS	706	28453	G	1	0	28424	38.0961863214185
A_NS	707	28148	A	1	0	28104	38.1582337033874
A_NS	708	28127	G	0	0	28107	38.0674565054968
A_NS	709	28427	T	0	0	28295	37.8162572892737
A_NS	710	28087	C	0	0	28064	37.9664694982896
A_NS	711	27970	A	1	0	27943	38.1688079304298
A_NS	712	27973	G	1	0	27960	38.1187768240343
A_NS	713	28170	A	1	0	28141	38.0953768522796
A_NS	714	28206	A	1	0	28175	38.0600887311446
A_NS	715	28263	G	1	0	28242	37.9841016925147
A_NS	716	27757	T	0	0	27733	37.8949266217142
A_NS	717	27745	T	0	0	27712	37.9071160508083
A_NS	718	27984	T	0	0	27965	38.1158233506168
A_NS	719	27987	G	0	0	27973	38.1696993529475
A_NS	720	28016	A	0	0	27951	38.3329755643805
A_NS	721	27910	A	0	0	27873	38.3056004018226
A_NS	722	28132	G	0	0	28119	38.1044489491091
A_NS	723	27977	A	0	0	27957	38.2360052938441
A_NS	724	27752	A	0	0	27733	38.2588973425161
A_NS	725	27777	A	0	0	27767	38.2492166960781
A_NS	726	28020	T	0	0	27989	37.8110329057844
A_NS	727	28019	A	1	0	27977	38.132108517711
A_NS	728	27902	A	0	0	27844	38.0989800316047
A_NS	729	27863	G	0	0	27774	37.8917332757255
A_NS	730	27978	G	0	0	27963	37.8623538246969
A_NS	731	26993	T	0	0	26904	37.5218926553672
A_NS	732	26863	G	2	0	26841	37.8134942811371
A_NS	733	26838	G	0	0	26811	37.5658125396293
A_NS	734	26858	C	0	0	26788	37.6760863073018
A_NS	735	26691	T	0	0	26642	37.9512799339389
A_NS	736	26808	G	0	0	26776	37.9446892739767
A_NS	737	27327	A	0	0	27309	38.0828664542825
A_NS	738	27378	T	0	0	27354	37.9201213716458
A_NS	739	27190	T	0	0	27166	38.0384303909298
A_NS	740	27223	G	0	0	27210	38.0740536567438
A_NS	741	28853	A	1	0	28829	38.2233514863506
A_NS	742	28819	A	0	0	28787	38.1353736061417
A_NS	743	28838	G	0	0	28815	37.8913413152872
A_NS	744	28957	A	0	0	28941	38.0693825368854
A_NS	745	28056	A	0	0	28029	38.1551250490563
A_NS	746	28131	G	0	0	28117	38.0228687271046
A_NS	747	27759	T	0	1	27721	37.9465387251542
A_NS	748	27781	G	0	0	27765	37.9520979650639
A_NS	749	27575	A	0	0	27510	37.8483097055616
A_NS	750	27614	G	0	0	27577	37.7257497189687
A_NS	751	27606	A	0	0	27480	37.6573871906841
A_NS	752	27424	C	0	0	27409	37.9075486154183
A_NS	753	27243	A	0	0	27219	38.0615011572798
A_NS	754	27183	T	0	0	27157	37.8558750966602
A_NS	755	26367	A	0	0	26345	38.196887454925
A_NS	756	26491	G	0	0	26464	37.9806907496977
A_NS	757	26329	A	1	0	26309	38.0443954540271
A_NS	758	26288	T	0	0	26232	37.4791476059774
A_NS	759	25885	T	0	0	25854	37.5844743559991
A_NS	760	25826	A	2	0	25814	38.2569535910746
A_NS	761	25819	A	0	0	25807	38.1652652381137
A_NS	762	25813	A	0	0	25803	38.1377359221796
A_NS	763	25807	A	0	0	25795	38.0426826904439
A_NS	764	25745	A	0	0	25735	37.8886341558189
A_NS	765	24967	T	0	0	24921	36.8234019501625
A_NS	766	24664	C	0	0	24570	37.3164835164835
A_NS	767	24637	A	0	1	24577	37.765919355495
A_NS	768	24636	C	0	0	24621	37.4223224077007
A_NS	769	24628	G	1	0	24605	37.9954074375127
A_NS	770	24634	G	0	0	24610	38.0546932141406
A_NS	771	24561	A	6	0	24544	38.0870681225554
A_NS	772	24558	A	0	0	24544	38.0700782268579
A_NS	773	24543	A	0	0	24529	37.8805903216601
A_NS	774	24509	A	0	0	24432	37.6926162409954
A_NS	775	24506	C	0	0	24489	38.0671730164564
A_NS	776	24367	A	0	0	24325	38.0187872559096
A_NS	777	24363	G	0	0	24347	37.7691707397215
A_NS	778	24326	C	0	0	24304	37.723461158657
A_NS	779	24089	T	0	0	24042	37.6177938607437
A_NS	780	24088	T	0	0	24049	37.8259387084702
A_NS	781	23852	T	0	0	23831	38.0163652385548
A_NS	782	23851	G	0	0	23837	38.0664093635944
A_NS	783	23842	A	1	0	23806	37.9618163488196
A_NS	784	23819	A	0	0	23763	37.7969111644153
A_NS	785	23812	C	0	0	23795	37.9878966169363
A_NS	786	23231	A	1	0	23215	38.2469524014646
A_NS	787	23226	A	0	0	23210	38.1339939681172
A_NS	788	23225	A	0	0	23222	37.8923434674016
A_NS	789	23226	T	0	0	23209	37.6196734025593
A_NS	790	23207	A	3	0	23193	37.8362868106756
A_NS	791	23044	A	0	0	22987	37.4309392265193
A_NS	792	22864	C	0	0	22855	37.0814263837235
A_NS	793	22856	G	0	0	22835	37.6495730238669
A_NS	794	22373	T	2	0	22352	37.6547959914102
A_NS	795	22240	T	0	0	22207	37.5860314315306
A_NS	796	21887	T	0	0	21872	37.7683339429407
A_NS	797	21871	A	1	0	21851	37.917440849389
A_NS	798	21847	T	0	0	21818	37.6599596663306
A_NS	799	21844	G	0	0	21836	37.4727514196739
A_NS	800	21728	C	0	0	21633	36.8162529468867
A_NS	801	20634	A	0	0	20605	37.5758311089541
A_NS	802	20531	A	0	0	20483	37.4366547868964
A_NS	803	20524	G	0	0	20503	37.2657659854655
A_NS	804	20518	C	0	0	20495	36.9212490851427
A_NS	805	20369	C	0	0	20351	37.3726106825217
A_NS	806	19893	T	1	0	19863	37.4933796506067
A_NS	807	19890	T	0	0	19859	37.6293368246135
A_NS	808	19887	A	0	0	19830	36.7601613716591
A_NS	809	19887	C	0	0	19875	37.0067421383648
A_NS	810	19869	A	2	0	19862	36.9311751082469
A_NS	811	19755	A	0	0	19659	36.3677196195127
A_NS	812	19625	C	0	0	19616	36.8160175367047
A_NS	813	16778	T	2	0	16750	37.2928955223881
A_NS	814	16637	A	2	0	16626	37.523457235655
A_NS	815	16373	T	1	0	16345	37.1979810339553
A_NS	816	16210	T	0	0	16196	37.2779698691035
A_NS	817	16207	G	1	0	16193	37.2855554869388
A_NS	818	15584	C	0	0	15569	37.4610443830689
A_NS	819	15526	T	0	0	15502	37.4187846729454
A_NS	820	15232	T	0	0	15220	37.6051905387648
A_NS	821	14997	G	0	0	14988	37.5981451828129
A_NS	822	14886	A	0	0	14852	37.543832480474
A_NS	823	14866	G	0	0	14848	37.3425377155172
A_NS	824	14838	G	0	0	14833	37.3449066271152
A_NS	825	14477	T	0	0	14457	37.438403541537
A_NS	826	13833	G	0	0	13815	37.4807817589577
A_NS	827	13822	G	0	0	13810	37.5175959449674
A_NS	828	13800	A	0	0	13752	37.4710587550902
A_NS	829	13796	G	3	0	13789	37.3469432156066
A_NS	830	13679	C	3	0	13663	37.2091048817976
A_NS	831	13320	A	0	0	13306	37.5057868630693
A_NS	832	13218	A	1	0	13173	37.2918849161163
A_NS	833	13190	G	1	0	13177	37.2607573802838
A_NS	834	13110	A	0	0	13080	37.3135321100917
A_NS	835	13089	G	0	0	13067	37.1790770643606
A_NS	836	12136	A	0	0	12105	37.6573316811235
A_NS	837	12031	T	0	0	12020	37.4388519134775
A_NS	838	11911	A	1	0	11883	37.4689893124632
A_NS	839	11879	A	0	0	11840	36.9570945945946
A_NS	840	11878	G	0	0	11859	36.7299940973101
A_NS	841	11795	G	0	0	11781	36.5964688905865
A_NS	842	11395	A	0	0	11335	36.2867225408028
A_NS	843	11209	C	0	0	11202	36.6164970540975
A_NS	844	9595	T	0	0	9549	37.3992041051419
A_NS	845	9562	T	0	0	9552	36.7341917922948
A_NS	846	9558	T	0	0	9523	36.4667646749974
A_NS	847	9551	C	0	0	9544	36.6174559932942
A_NS	848	9542	T	0	0	9523	36.6517904021842
A_NS	849	9241	C	0	0	9233	36.7805696956569
A_NS	850	9085	G	0	0	9071	37.7240657038915
A_NS	851	9000	T	0	0	8961	37.6734739426403
A_NS	852	8951	T	0	0	8930	37.6801791713326
A_NS	853	8936	T	0	0	8921	37.4336957740164
A_NS	854	8916	C	0	0	8910	37.4640852974186
A_NS	855	8798	A	0	0	8779	37.4901469415651
A_NS	856	8797	G	0	0	8791	37.2585598907974
A_NS	857	8791	C	0	0	8785	37.0533864541833
A_NS	858	8307	T	0	0	8280	37.4199275362319
A_NS	859	8172	T	0	0	8164	37.6762616364527
A_NS	860	8076	A	0	0	8068	37.6110560237977
A_NS	861	8074	T	0	0	8068	37.363163113535
A_NS	862	8069	C	0	0	8057	37.4787141615986
A_NS	863	7867	T	0	0	7864	37.6213123092574
A_NS	864	7612	A	1	0	7605	37.579355687048
A_NS	865	7469	A	0	0	7460	37.4154155495979
A_NS	866	7439	T	0	0	7435	37.3363819771352
A_NS	867	7371	A	0	0	7357	37.465271170314
A_NS	868	7339	A	0	0	7336	37.412213740458
A_NS	869	6725	T	0	0	6724	36.6426234384295
A_NS	870	6636	A	15	0	6632	36.7884499396864
A_NS	871	6639	A	0	0	6633	36.7474747474747
A_NS	872	6606	A	0	0	6603	36.7966076026049
A_NS	873	6588	A	0	0	6583	36.8113322193529
A_NS	874	6556	A	0	0	6554	36.0276167226121
A_NS	875	6491	A	0	0	6474	35.0637936360828
A_NS	876	6457	C	0	0	6449	34.7135990075981
A_NS	877	5978	A	0	0	5887	33.8472906403941
A_NS	878	5972	C	0	0	5965	36.0323554065381
A_NS	879	5841	C	0	0	5839	33.4077753039904
A_NS	880	5760	C	0	0	5754	35.9807090719499
A_NS	881	5607	T	0	0	5588	33.357551896922
A_NS	882	5508	T	0	0	5501	35.4973641156153
A_NS	883	5508	G	0	0	5503	35.6185716881701
A_NS	884	5417	T	0	0	5415	35.6299168975069
A_NS	885	5376	T	0	0	5374	35.689430591738
A_NS	886	5335	T	0	0	5327	32.8338652149427
A_NS	887	4307	C	0	0	4304	32.8903345724907
A_NS	888	4179	T	0	0	4179	32.8078487676478
A_NS	889	4126	A	0	0	4126	32.6478429471643
A_NS	890	4122	C	0	0	4122	32.697962154294
