Reference_Name	Position	Coverage Depth	Consensus	Deletions	Ambiguous	Consensus_Count	Consensus_Average_Quality
A_PA	1	13	A	0	0	13	33.3846153846154
A_PA	2	16	G	0	0	16	34.375
A_PA	3	17	C	0	0	17	33.8235294117647
A_PA	4	17	A	0	0	17	33.8235294117647
A_PA	5	19	G	0	0	19	33.4736842105263
A_PA	6	24	G	0	0	24	33.6666666666667
A_PA	7	24	T	0	0	24	33.4583333333333
A_PA	8	24	A	0	0	24	35.2916666666667
A_PA	9	24	C	0	0	24	34.0833333333333
A_PA	10	24	T	0	0	24	36.2083333333333
A_PA	11	28	G	0	0	28	35.5357142857143
A_PA	12	28	A	0	0	28	35.8214285714286
A_PA	13	28	T	0	0	28	36.2142857142857
A_PA	14	28	T	0	0	26	36.6538461538462
A_PA	15	28	C	0	0	28	36.8214285714286
A_PA	16	28	A	0	0	28	36.9642857142857
A_PA	17	29	A	0	0	29	37.7931034482759
A_PA	18	29	A	0	0	29	37.8620689655172
A_PA	19	36	A	0	0	36	36.75
A_PA	20	36	T	0	0	36	36.3611111111111
A_PA	21	38	G	0	0	38	36.6052631578947
A_PA	22	38	G	0	0	38	37.0526315789474
A_PA	23	38	A	0	0	38	36.9210526315789
A_PA	24	38	A	0	0	38	37.8684210526316
A_PA	25	39	G	0	0	39	37.5384615384615
A_PA	26	40	A	0	0	40	36.8
A_PA	27	40	C	0	0	40	37.65
A_PA	28	40	T	0	0	40	37.8
A_PA	29	44	T	0	0	44	37.0681818181818
A_PA	30	44	T	0	0	44	37.0681818181818
A_PA	31	45	G	0	0	45	37.5777777777778
A_PA	32	45	T	0	0	45	37.2222222222222
A_PA	33	45	G	0	0	45	37.7333333333333
A_PA	34	47	C	0	0	47	36.8510638297872
A_PA	35	47	G	0	0	47	36.7021276595745
A_PA	36	51	A	0	0	51	36.5882352941176
A_PA	37	52	C	0	0	52	36.4038461538462
A_PA	38	52	A	0	0	52	37.0384615384615
A_PA	39	53	A	0	0	53	35.9811320754717
A_PA	40	56	T	0	0	56	36.8214285714286
A_PA	41	56	G	0	0	56	36.9821428571429
A_PA	42	59	C	0	0	59	36.8813559322034
A_PA	43	59	T	0	0	59	36.9830508474576
A_PA	44	59	T	0	0	59	37.4067796610169
A_PA	45	59	C	0	0	59	37.6271186440678
A_PA	46	60	A	0	0	60	38.1
A_PA	47	68	A	0	0	68	37.3382352941176
A_PA	48	68	T	0	0	68	37.5588235294118
A_PA	49	68	C	0	0	68	37
A_PA	50	68	C	0	0	68	37.5441176470588
A_PA	51	69	A	0	0	69	37.6086956521739
A_PA	52	70	A	0	0	70	38.1428571428571
A_PA	53	71	T	0	0	71	37.8732394366197
A_PA	54	71	G	0	0	71	38
A_PA	55	71	A	0	0	71	37.9154929577465
A_PA	56	71	T	0	0	71	37.7323943661972
A_PA	57	73	T	0	0	73	37.3287671232877
A_PA	58	73	G	0	0	73	37.8493150684931
A_PA	59	73	T	0	0	73	37.7945205479452
A_PA	60	73	C	0	0	73	37.8904109589041
A_PA	61	73	G	0	0	73	37.1780821917808
A_PA	62	73	A	0	0	73	37.2876712328767
A_PA	63	73	G	0	0	73	36.5205479452055
A_PA	64	74	C	0	0	74	37.0135135135135
A_PA	65	74	T	0	0	74	37
A_PA	66	74	T	0	0	74	37.972972972973
A_PA	67	74	G	0	0	74	38.3243243243243
A_PA	68	74	C	0	0	73	37.958904109589
A_PA	69	74	G	0	0	74	37.6891891891892
A_PA	70	74	G	0	0	74	37.9324324324324
A_PA	71	74	A	0	0	74	37.2702702702703
A_PA	72	74	A	0	0	74	37.3378378378378
A_PA	73	74	A	0	0	74	37.3918918918919
A_PA	74	74	A	0	0	74	38.0810810810811
A_PA	75	74	G	0	0	74	38.1216216216216
A_PA	76	74	G	0	0	74	37.7027027027027
A_PA	77	74	C	0	0	74	38.027027027027
A_PA	78	74	A	0	0	74	38.5540540540541
A_PA	79	75	A	0	0	75	38.08
A_PA	80	76	T	0	0	76	38.4605263157895
A_PA	81	79	G	0	0	79	38.1012658227848
A_PA	82	80	A	0	0	80	37.9
A_PA	83	80	A	0	0	80	38.0875
A_PA	84	80	A	0	0	80	37.9625
A_PA	85	83	G	0	0	83	38.0120481927711
A_PA	86	83	A	0	0	83	37.1084337349398
A_PA	87	88	A	0	0	88	37.3522727272727
A_PA	88	89	T	0	0	89	37.4831460674157
A_PA	89	90	A	0	0	90	37.7555555555556
A_PA	90	90	T	0	0	90	38.1222222222222
A_PA	91	91	G	0	0	91	37.7142857142857
A_PA	92	92	G	0	0	92	37.4891304347826
A_PA	93	92	G	0	0	92	36.9130434782609
A_PA	94	92	G	0	0	92	36.8913043478261
A_PA	95	93	A	0	0	93	37.2150537634409
A_PA	96	93	A	0	0	93	37.0860215053763
A_PA	97	94	G	0	0	93	36.5268817204301
A_PA	98	94	A	0	0	93	37.4838709677419
A_PA	99	94	T	0	0	94	37.9148936170213
A_PA	100	94	C	0	0	94	37.7765957446809
A_PA	101	94	C	0	0	93	38.3870967741936
A_PA	102	94	G	0	0	94	38.1382978723404
A_PA	103	94	A	0	0	94	36.8297872340426
A_PA	104	94	A	0	0	94	36.8723404255319
A_PA	105	94	A	0	0	94	37.3297872340426
A_PA	106	94	A	0	0	93	37.3333333333333
A_PA	107	94	T	0	0	94	38.3191489361702
A_PA	108	94	C	0	0	94	38.5957446808511
A_PA	109	94	G	0	0	94	37.9042553191489
A_PA	110	94	A	0	0	94	37.563829787234
A_PA	111	94	A	0	0	93	37.7956989247312
A_PA	112	94	A	0	0	94	37.2978723404255
A_PA	113	95	C	0	0	95	36.9789473684211
A_PA	114	95	G	0	0	88	37.8409090909091
A_PA	115	96	A	0	0	96	37.4583333333333
A_PA	116	96	A	0	0	96	36.7291666666667
A_PA	117	96	C	0	0	96	37.0416666666667
A_PA	118	96	A	0	0	96	37.5104166666667
A_PA	119	98	A	0	0	98	38.1224489795918
A_PA	120	98	A	0	0	98	38.2142857142857
A_PA	121	98	T	0	0	98	37.8061224489796
A_PA	122	101	T	0	0	101	38.0693069306931
A_PA	123	101	T	0	0	101	38.0594059405941
A_PA	124	101	G	0	0	101	37.5841584158416
A_PA	125	101	C	0	0	101	37.8613861386139
A_PA	126	101	A	0	0	100	38.16
A_PA	127	104	G	0	0	104	37.7403846153846
A_PA	128	104	C	0	0	104	37.5961538461538
A_PA	129	109	A	0	0	109	37.8532110091743
A_PA	130	112	A	0	0	112	37.5357142857143
A_PA	131	117	T	0	0	117	37.8119658119658
A_PA	132	126	A	0	0	126	37.3888888888889
A_PA	133	129	T	0	0	129	37.6511627906977
A_PA	134	129	G	0	0	129	37.3333333333333
A_PA	135	130	C	0	0	121	37.5289256198347
A_PA	136	130	A	0	0	130	37.3615384615385
A_PA	137	130	C	0	0	130	37.5846153846154
A_PA	138	129	A	0	0	129	38
A_PA	139	159	C	0	0	158	37.0379746835443
A_PA	140	160	A	0	0	160	36.3375
A_PA	141	167	C	0	0	167	36.2155688622754
A_PA	142	167	T	0	0	167	36.9940119760479
A_PA	143	167	T	0	0	167	36.8383233532934
A_PA	144	167	A	0	0	167	37.3832335329341
A_PA	145	167	G	0	0	167	37.5269461077844
A_PA	146	166	A	0	0	166	37.6746987951807
A_PA	147	168	A	0	0	168	37.4761904761905
A_PA	148	167	G	0	0	167	37.7005988023952
A_PA	149	164	T	0	0	164	37.3475609756098
A_PA	150	161	C	0	0	161	37.4844720496894
A_PA	151	160	T	0	0	160	37.975
A_PA	152	164	G	0	0	164	38.0121951219512
A_PA	153	164	T	0	0	164	37.5853658536585
A_PA	154	165	T	0	0	164	38.0182926829268
A_PA	155	165	T	0	0	165	38.0363636363636
A_PA	156	162	C	0	0	162	37.5123456790123
A_PA	157	162	A	0	0	162	37.8888888888889
A_PA	158	163	T	0	0	162	37.9012345679012
A_PA	159	167	G	0	0	167	38.1197604790419
A_PA	160	166	T	0	0	166	36.921686746988
A_PA	161	165	A	0	0	165	37.630303030303
A_PA	162	165	T	0	0	165	38.1878787878788
A_PA	163	166	T	0	0	166	38.0843373493976
A_PA	164	166	C	0	0	165	37.9454545454545
A_PA	165	166	G	0	0	166	38.1506024096386
A_PA	166	169	G	0	0	169	37.9822485207101
A_PA	167	170	A	0	0	169	36.5621301775148
A_PA	168	168	T	0	0	168	37.0059523809524
A_PA	169	168	T	0	0	168	37.5059523809524
A_PA	170	165	T	0	0	165	37.9636363636364
A_PA	171	165	T	0	0	165	38.2545454545455
A_PA	172	165	C	0	0	165	38.0969696969697
A_PA	173	165	A	0	0	165	38.169696969697
A_PA	174	166	T	0	0	166	38.1566265060241
A_PA	175	166	T	0	0	166	38.3192771084337
A_PA	176	171	T	0	0	171	38.1052631578947
A_PA	177	170	T	0	0	170	38.2705882352941
A_PA	178	172	A	0	0	172	38.046511627907
A_PA	179	173	T	0	0	173	38.1618497109827
A_PA	180	171	T	0	0	171	38.1228070175439
A_PA	181	171	G	0	0	171	38.3040935672515
A_PA	182	171	A	0	0	170	38.0176470588235
A_PA	183	172	T	0	0	172	38.1046511627907
A_PA	184	172	G	0	0	172	37.6279069767442
A_PA	185	173	A	0	0	173	37.3468208092486
A_PA	186	172	G	0	0	165	37.3151515151515
A_PA	187	171	C	0	0	171	37.5672514619883
A_PA	188	171	G	0	0	164	37.1524390243902
A_PA	189	172	A	0	0	172	36.3546511627907
A_PA	190	172	G	0	0	172	36.8720930232558
A_PA	191	171	G	0	0	171	36.7368421052632
A_PA	192	169	C	0	0	168	37.0178571428571
A_PA	193	168	G	0	0	168	37.5654761904762
A_PA	194	170	A	0	0	170	37.2529411764706
A_PA	195	173	A	0	0	173	37.4508670520231
A_PA	196	173	T	0	0	173	37.5895953757225
A_PA	197	170	C	0	0	170	37.2470588235294
A_PA	198	171	A	0	0	171	37.7017543859649
A_PA	199	203	A	0	0	202	36.8910891089109
A_PA	200	205	T	0	0	205	37.419512195122
A_PA	201	205	A	0	0	205	37.1024390243902
A_PA	202	205	A	0	0	202	36.2821782178218
A_PA	203	207	T	0	0	207	37.4106280193237
A_PA	204	206	T	0	0	206	38.0388349514563
A_PA	205	207	G	0	0	207	37.7632850241546
A_PA	206	206	T	0	0	206	37.5339805825243
A_PA	207	206	A	0	0	204	37.7696078431373
A_PA	208	206	G	0	0	206	37.9417475728155
A_PA	209	206	A	0	0	206	37.1650485436893
A_PA	210	206	A	0	0	206	37.5436893203884
A_PA	211	205	T	0	0	205	37.790243902439
A_PA	212	204	C	0	0	204	37.7696078431373
A_PA	213	204	T	0	0	204	37.7990196078431
A_PA	214	204	G	0	0	203	37.5714285714286
A_PA	215	205	G	0	0	204	36.9852941176471
A_PA	216	205	C	0	0	201	37.0845771144279
A_PA	217	207	G	0	0	207	36.2463768115942
A_PA	218	206	A	0	0	206	36.4368932038835
A_PA	219	207	C	0	0	207	36.7342995169082
A_PA	220	207	C	0	0	206	36.2572815533981
A_PA	221	205	C	0	0	205	36.9707317073171
A_PA	222	206	G	0	0	206	36.8932038834951
A_PA	223	205	A	0	0	204	36.171568627451
A_PA	224	206	A	0	0	206	36.6796116504854
A_PA	225	206	T	0	0	206	37.4854368932039
A_PA	226	213	G	0	0	213	37.2582159624413
A_PA	227	215	C	0	0	215	37.5302325581395
A_PA	228	214	A	0	0	214	37.6028037383178
A_PA	229	219	T	0	0	219	37.9041095890411
A_PA	230	218	T	0	0	218	37.9862385321101
A_PA	231	224	A	0	0	224	37.9241071428571
A_PA	232	223	T	0	0	223	37.8744394618834
A_PA	233	223	T	0	0	223	38.0762331838565
A_PA	234	224	G	0	0	224	37.8080357142857
A_PA	235	225	A	0	0	224	37.5223214285714
A_PA	236	223	A	0	0	222	37.9774774774775
A_PA	237	224	G	0	0	218	37.2155963302752
A_PA	238	219	C	0	0	219	37.0730593607306
A_PA	239	219	A	0	0	216	37.1574074074074
A_PA	240	218	C	0	0	218	37.394495412844
A_PA	241	215	C	0	0	215	37.5627906976744
A_PA	242	220	G	0	0	220	37.05
A_PA	243	226	A	0	0	222	36.009009009009
A_PA	244	226	T	0	0	226	36.7477876106195
A_PA	245	226	T	0	0	226	36.9026548672566
A_PA	246	226	T	0	0	226	37.283185840708
A_PA	247	226	G	0	0	225	37.44
A_PA	248	227	A	0	0	227	36.5462555066079
A_PA	249	227	G	0	0	226	36.7610619469027
A_PA	250	227	A	0	0	227	37.0176211453744
A_PA	251	228	T	0	0	228	37.6315789473684
A_PA	252	229	A	0	0	229	37.7816593886463
A_PA	253	233	A	0	0	233	37.3304721030043
A_PA	254	236	T	0	0	235	37.5574468085106
A_PA	255	236	T	0	0	236	37.9745762711864
A_PA	256	236	G	0	0	236	37.0974576271186
A_PA	257	236	A	0	0	235	37.2765957446809
A_PA	258	238	G	0	0	228	37.4210526315789
A_PA	259	241	G	0	0	241	37.5352697095436
A_PA	260	241	G	0	0	241	36.8589211618257
A_PA	261	241	G	0	0	240	36.8208333333333
A_PA	262	237	A	0	0	236	36.5847457627119
A_PA	263	237	G	0	0	237	36.4894514767932
A_PA	264	238	A	0	0	237	36.4767932489451
A_PA	265	238	G	0	0	238	36.3109243697479
A_PA	266	240	A	0	0	240	37.0291666666667
A_PA	267	241	C	0	0	241	37.5020746887967
A_PA	268	241	C	0	0	241	36.643153526971
A_PA	269	242	G	0	0	242	37.1942148760331
A_PA	270	242	A	0	0	242	36.8099173553719
A_PA	271	243	A	0	0	243	37.2880658436214
A_PA	272	244	C	0	0	244	37.2786885245902
A_PA	273	244	A	0	0	244	37.2868852459016
A_PA	274	243	A	0	0	243	37.4691358024691
A_PA	275	242	T	0	0	242	37.9669421487603
A_PA	276	255	G	0	0	255	37.1450980392157
A_PA	277	255	G	0	0	254	37.1850393700787
A_PA	278	254	C	0	0	253	37.4664031620553
A_PA	279	248	C	0	0	247	37.0121457489879
A_PA	280	247	T	0	0	247	37.1012145748988
A_PA	281	251	G	0	0	251	36.207171314741
A_PA	282	251	G	0	0	251	36.8486055776892
A_PA	283	248	A	0	0	248	36.7862903225806
A_PA	284	249	C	0	0	249	37.3694779116466
A_PA	285	240	G	0	0	232	36.3793103448276
A_PA	286	247	G	0	0	245	36.730612244898
A_PA	287	249	T	0	0	249	34.9518072289157
A_PA	288	254	G	0	0	254	36.9212598425197
A_PA	289	255	G	0	0	255	36.043137254902
A_PA	290	240	T	0	0	239	35.581589958159
A_PA	291	243	A	0	0	243	37.3168724279835
A_PA	292	241	A	0	0	241	37.3526970954357
A_PA	293	242	A	0	0	242	37.6652892561983
A_PA	294	242	T	0	0	241	37.5145228215768
A_PA	295	234	A	0	0	234	37.7350427350427
A_PA	296	236	G	0	0	236	36.8093220338983
A_PA	297	234	C	0	0	226	37.2433628318584
A_PA	298	233	A	0	0	233	37.9785407725322
A_PA	299	233	T	0	0	233	37.587982832618
A_PA	300	233	T	0	0	233	37.6824034334764
A_PA	301	233	T	0	0	233	37.9613733905579
A_PA	302	233	G	0	0	233	37.381974248927
A_PA	303	229	C	0	0	229	37.6288209606987
A_PA	304	229	A	0	0	227	37.4713656387665
A_PA	305	231	A	0	0	231	37.974025974026
A_PA	306	235	C	0	0	235	37.6
A_PA	307	235	A	0	0	235	37.6936170212766
A_PA	308	242	C	0	0	241	36.7385892116183
A_PA	309	239	C	0	0	239	36.8702928870293
A_PA	310	239	A	0	0	238	37.6008403361345
A_PA	311	240	C	0	0	240	37.275
A_PA	312	238	A	0	0	238	37.4201680672269
A_PA	313	238	G	0	0	238	37.8697478991597
A_PA	314	237	G	0	0	237	36.8016877637131
A_PA	315	234	G	0	0	223	36.3766816143498
A_PA	316	234	G	0	0	234	36.1581196581197
A_PA	317	233	T	0	0	233	35.5236051502146
A_PA	318	234	C	0	0	233	36.3648068669528
A_PA	319	233	G	0	0	233	37.1201716738197
A_PA	320	233	A	0	0	233	37.0944206008584
A_PA	321	233	T	0	0	233	36.9914163090129
A_PA	322	232	A	0	0	232	37.7068965517241
A_PA	323	234	A	0	0	234	36.8461538461538
A_PA	324	241	G	0	0	230	37.2826086956522
A_PA	325	246	C	0	0	246	37.2845528455285
A_PA	326	242	C	0	0	242	37.5330578512397
A_PA	327	240	T	0	0	240	37.4833333333333
A_PA	328	240	A	0	0	240	37.6416666666667
A_PA	329	239	A	0	0	238	37.6890756302521
A_PA	330	239	G	0	0	239	37.6234309623431
A_PA	331	239	T	0	0	239	37.2510460251046
A_PA	332	236	T	0	0	236	37.2203389830508
A_PA	333	232	C	0	0	232	37.1120689655172
A_PA	334	236	C	0	0	236	36.9067796610169
A_PA	335	238	T	0	0	236	37.364406779661
A_PA	336	238	C	0	0	238	37.4033613445378
A_PA	337	238	C	0	0	238	37.6890756302521
A_PA	338	238	C	0	0	238	37.0168067226891
A_PA	339	238	A	0	0	237	38.084388185654
A_PA	340	245	G	0	0	245	37.7510204081633
A_PA	341	245	A	0	0	245	37.0816326530612
A_PA	342	245	T	0	0	245	37.1795918367347
A_PA	343	246	T	0	0	246	37.6707317073171
A_PA	344	245	T	0	0	245	37.6448979591837
A_PA	345	243	G	0	0	243	37.7283950617284
A_PA	346	242	T	0	0	242	37.1859504132231
A_PA	347	242	A	0	0	240	37.7291666666667
A_PA	348	242	T	0	0	242	37.5578512396694
A_PA	349	241	G	0	0	241	37.4896265560166
A_PA	350	220	A	0	0	220	37.6181818181818
A_PA	351	232	C	0	0	232	37.4439655172414
A_PA	352	229	T	0	0	229	37.6943231441048
A_PA	353	231	A	0	0	231	37.6233766233766
A_PA	354	232	T	0	0	232	37.8620689655172
A_PA	355	237	A	0	0	236	37.5889830508475
A_PA	356	237	A	0	0	237	37.8565400843882
A_PA	357	237	A	0	0	236	37.7415254237288
A_PA	358	237	G	0	0	237	37.620253164557
A_PA	359	236	A	0	0	236	37.5550847457627
A_PA	360	231	A	0	0	219	37.5251141552511
A_PA	361	236	A	0	0	236	37.2033898305085
A_PA	362	236	A	0	0	236	37.2838983050847
A_PA	363	236	C	0	0	236	37.3474576271186
A_PA	364	239	C	0	0	239	37.4393305439331
A_PA	365	237	G	0	0	236	37.3516949152542
A_PA	366	237	A	0	0	237	36.8523206751055
A_PA	367	237	T	0	0	236	36.9322033898305
A_PA	368	237	T	0	0	236	37.3177966101695
A_PA	369	237	C	0	0	237	37.9451476793249
A_PA	370	238	A	0	0	238	38.1764705882353
A_PA	371	238	T	0	0	238	37.5
A_PA	372	238	C	0	0	224	38.1741071428571
A_PA	373	238	G	0	0	238	38.1134453781513
A_PA	374	239	A	0	0	239	37.765690376569
A_PA	375	239	A	0	0	239	38.0794979079498
A_PA	376	239	A	0	0	239	37.4602510460251
A_PA	377	235	T	0	0	235	37.8510638297872
A_PA	378	234	T	0	0	234	38.1324786324786
A_PA	379	235	G	0	0	235	38.1063829787234
A_PA	380	236	G	0	0	236	37.8050847457627
A_PA	381	236	A	0	0	222	37.8153153153153
A_PA	382	233	G	0	0	233	37.8755364806867
A_PA	383	232	T	0	0	232	37.3793103448276
A_PA	384	232	A	0	0	217	37.926267281106
A_PA	385	235	A	0	0	234	37.7777777777778
A_PA	386	234	C	0	0	234	37.5726495726496
A_PA	387	236	A	0	0	236	37.9025423728814
A_PA	388	235	C	0	0	235	37.9744680851064
A_PA	389	226	G	0	0	226	37.6725663716814
A_PA	390	226	A	0	0	226	37.3053097345133
A_PA	391	226	A	0	0	226	36.646017699115
A_PA	392	227	G	0	0	226	37.0796460176991
A_PA	393	225	G	0	0	225	37.2044444444444
A_PA	394	224	G	0	0	224	37.0803571428571
A_PA	395	222	A	0	0	221	37.6561085972851
A_PA	396	223	A	0	0	220	38.0136363636364
A_PA	397	227	G	0	0	227	37.6299559471366
A_PA	398	227	T	0	0	226	37.2035398230088
A_PA	399	227	T	0	0	227	38.0132158590308
A_PA	400	248	C	0	0	248	37.4435483870968
A_PA	401	254	A	0	0	254	37.4763779527559
A_PA	402	255	C	0	0	255	37.7764705882353
A_PA	403	254	A	0	0	254	37.8425196850394
A_PA	404	251	T	0	0	251	37.6454183266932
A_PA	405	254	A	0	0	254	37.8070866141732
A_PA	406	256	T	0	0	256	37.66796875
A_PA	407	256	A	0	0	256	37.4765625
A_PA	408	256	C	0	0	256	37.45703125
A_PA	409	243	T	0	0	243	37.8395061728395
A_PA	410	248	A	0	0	248	37.7943548387097
A_PA	411	245	T	0	0	245	37.665306122449
A_PA	412	247	C	0	0	246	38.0528455284553
A_PA	413	246	T	0	0	246	38.0081300813008
A_PA	414	243	A	0	0	243	37.8600823045267
A_PA	415	242	G	0	0	242	37.7355371900826
A_PA	416	242	A	0	0	242	38.0289256198347
A_PA	417	241	A	0	0	240	38.1541666666667
A_PA	418	240	A	0	0	240	38.1958333333333
A_PA	419	235	A	0	0	234	37.8290598290598
A_PA	420	235	A	0	0	235	38.0510638297872
A_PA	421	235	G	0	0	235	37.1404255319149
A_PA	422	235	C	0	0	235	38.0170212765957
A_PA	423	234	T	0	0	217	37.9400921658986
A_PA	424	234	A	0	0	234	38.3205128205128
A_PA	425	237	A	0	0	237	38.2405063291139
A_PA	426	233	C	0	0	233	37.9828326180258
A_PA	427	238	A	0	0	238	38.1764705882353
A_PA	428	235	A	0	0	234	38.1025641025641
A_PA	429	240	G	0	0	240	38.15
A_PA	430	240	A	0	0	240	37.9708333333333
A_PA	431	240	T	0	0	240	37.975
A_PA	432	241	A	0	0	241	38.0622406639004
A_PA	433	241	A	0	0	241	38.1867219917012
A_PA	434	242	A	0	0	242	38.2644628099174
A_PA	435	244	A	0	0	244	37.9959016393443
A_PA	436	245	T	0	0	245	37.530612244898
A_PA	437	238	C	0	0	237	38.2151898734177
A_PA	438	234	A	0	0	234	38.2008547008547
A_PA	439	238	G	0	0	238	38.1554621848739
A_PA	440	238	A	0	0	238	37.7352941176471
A_PA	441	238	G	0	0	238	37.8445378151261
A_PA	442	239	A	0	0	239	38.2175732217573
A_PA	443	239	A	0	0	239	38.1297071129707
A_PA	444	238	G	0	0	238	37.8487394957983
A_PA	445	241	A	0	0	240	37.7
A_PA	446	240	C	0	0	240	37.9833333333333
A_PA	447	240	A	0	0	240	37.8375
A_PA	448	242	C	0	0	241	38.195020746888
A_PA	449	244	A	0	0	244	37.5573770491803
A_PA	450	255	C	0	0	255	37.2039215686275
A_PA	451	255	A	0	0	255	37.0078431372549
A_PA	452	262	T	0	0	261	36.7471264367816
A_PA	453	261	C	0	0	245	37.7959183673469
A_PA	454	262	C	0	0	261	37.5823754789272
A_PA	455	265	A	0	0	265	37.3811320754717
A_PA	456	265	C	0	0	265	37.6528301886792
A_PA	457	262	A	0	0	262	37.7977099236641
A_PA	458	263	T	0	0	263	37.9771863117871
A_PA	459	257	A	0	0	257	37.5486381322957
A_PA	460	257	T	0	0	257	37.5758754863813
A_PA	461	257	T	0	0	256	37.421875
A_PA	462	258	C	0	0	257	37.7120622568093
A_PA	463	255	T	0	0	255	37.4392156862745
A_PA	464	255	C	0	0	254	37.9094488188976
A_PA	465	256	A	0	0	256	37.8984375
A_PA	466	257	T	0	0	256	37.7734375
A_PA	467	258	T	0	0	258	37.7054263565892
A_PA	468	258	C	0	0	258	37.7984496124031
A_PA	469	255	A	0	0	254	37.4448818897638
A_PA	470	260	C	0	0	260	37.4038461538462
A_PA	471	256	T	0	0	255	37.4509803921569
A_PA	472	258	G	0	0	258	37.6395348837209
A_PA	473	259	G	0	0	259	37.1158301158301
A_PA	474	256	A	0	0	242	37.5289256198347
A_PA	475	255	G	0	0	255	37.5450980392157
A_PA	476	250	A	0	0	248	37.7056451612903
A_PA	477	252	G	0	0	252	37.0714285714286
A_PA	478	253	G	0	0	253	36.8379446640316
A_PA	479	252	A	0	0	252	37.8293650793651
A_PA	480	254	A	0	0	254	38.1850393700787
A_PA	481	252	A	0	0	252	37.9801587301587
A_PA	482	250	T	0	0	249	37.9277108433735
A_PA	483	250	G	0	0	250	37.176
A_PA	484	250	G	0	0	250	37.312
A_PA	485	249	C	0	0	248	37.0524193548387
A_PA	486	248	C	0	0	248	36.6612903225806
A_PA	487	248	A	0	0	246	37.3943089430894
A_PA	488	251	C	0	0	250	37.424
A_PA	489	251	C	0	0	251	37.9322709163347
A_PA	490	251	A	0	0	251	37.8366533864542
A_PA	491	247	A	0	0	246	37.5447154471545
A_PA	492	246	A	0	0	245	37.4571428571429
A_PA	493	248	G	0	0	247	37
A_PA	494	248	C	0	0	247	36.7894736842105
A_PA	495	250	G	0	0	249	36.6746987951807
A_PA	496	253	G	0	0	253	36.8893280632411
A_PA	497	253	A	0	0	253	36.7747035573123
A_PA	498	255	C	0	0	255	36.7607843137255
A_PA	499	255	T	0	0	255	36.3254901960784
A_PA	500	256	A	0	0	256	36.4453125
A_PA	501	253	C	0	0	253	36.2490118577075
A_PA	502	252	A	0	0	248	36.3104838709677
A_PA	503	258	C	0	0	258	36.2519379844961
A_PA	504	253	C	0	0	251	37.2868525896414
A_PA	505	253	C	0	0	252	36.6666666666667
A_PA	506	256	T	0	0	256	36.9453125
A_PA	507	256	T	0	0	256	37.23046875
A_PA	508	258	G	0	0	258	37.3720930232558
A_PA	509	255	A	0	0	254	37.259842519685
A_PA	510	254	T	0	0	240	37.55
A_PA	511	260	G	0	0	260	37.6
A_PA	512	255	A	0	0	254	36.8937007874016
A_PA	513	256	G	0	0	256	37.3671875
A_PA	514	256	G	0	0	256	37.40625
A_PA	515	250	A	0	0	250	37.428
A_PA	516	249	G	0	0	249	36.7309236947791
A_PA	517	248	A	0	0	248	37.5362903225806
A_PA	518	250	G	0	0	249	37.3734939759036
A_PA	519	250	C	0	0	250	37.376
A_PA	520	248	A	0	0	248	37.8306451612903
A_PA	521	251	G	0	0	251	37.9003984063745
A_PA	522	251	A	0	0	251	37.5776892430279
A_PA	523	252	G	0	0	252	37.6269841269841
A_PA	524	253	C	0	0	250	37.696
A_PA	525	253	A	0	0	253	37.8458498023715
A_PA	526	253	A	0	0	253	37.9762845849802
A_PA	527	254	G	0	0	254	37.6181102362205
A_PA	528	256	A	0	0	244	37.2827868852459
A_PA	529	256	A	0	0	255	37.5647058823529
A_PA	530	253	T	0	0	253	37.2885375494071
A_PA	531	250	C	0	0	249	37.5140562248996
A_PA	532	250	A	0	0	249	37.4497991967871
A_PA	533	266	A	0	0	266	37.5375939849624
A_PA	534	267	A	0	0	266	37.5977443609023
A_PA	535	267	A	0	0	266	37.1390977443609
A_PA	536	265	C	0	0	264	37.3219696969697
A_PA	537	264	C	0	0	251	36.4701195219124
A_PA	538	258	A	0	0	258	37.2713178294574
A_PA	539	260	G	0	0	260	37.2653846153846
A_PA	540	260	G	0	0	259	36.0656370656371
A_PA	541	261	C	0	0	260	37.0192307692308
A_PA	542	255	T	0	0	255	37.478431372549
A_PA	543	270	G	0	0	270	36.9703703703704
A_PA	544	271	T	0	0	271	37.0922509225092
A_PA	545	271	T	0	0	271	37.1365313653137
A_PA	546	271	C	0	0	270	37.3148148148148
A_PA	547	270	A	0	0	267	37.0299625468165
A_PA	548	292	C	0	0	292	36.8835616438356
A_PA	549	291	T	0	0	291	37.233676975945
A_PA	550	291	A	0	0	290	36.9137931034483
A_PA	551	282	T	0	0	282	36.5957446808511
A_PA	552	261	A	1	0	261	37.0038314176245
A_PA	553	261	A	1	0	260	37.2076923076923
A_PA	554	267	G	1	0	267	36.7191011235955
A_PA	555	266	G	1	0	266	36.7142857142857
A_PA	556	266	C	1	0	266	36.6804511278196
A_PA	557	254	A	1	0	254	37.4724409448819
A_PA	558	254	A	1	0	254	37.4488188976378
A_PA	559	258	G	1	0	258	36.6782945736434
A_PA	560	261	A	1	0	261	37.2950191570881
A_PA	561	259	A	1	0	259	37.5521235521236
A_PA	562	259	A	1	0	259	37.2084942084942
A_PA	563	257	T	1	0	257	37.0155642023346
A_PA	564	262	G	1	0	262	36.9885496183206
A_PA	565	263	G	1	0	263	37.0342205323194
A_PA	566	264	C	0	0	264	36.7121212121212
A_PA	567	267	C	0	0	267	37.1797752808989
A_PA	568	264	A	0	0	264	36.8333333333333
A_PA	569	270	G	0	0	269	37.2825278810409
A_PA	570	270	T	0	0	268	36.0559701492537
A_PA	571	269	A	0	0	268	36.5597014925373
A_PA	572	269	G	0	0	268	36.4850746268657
A_PA	573	267	G	0	0	267	36.7003745318352
A_PA	574	271	G	0	0	270	36.6740740740741
A_PA	575	275	G	0	0	275	36.44
A_PA	576	271	T	0	0	270	35.6259259259259
A_PA	577	273	C	0	0	273	35.5384615384615
A_PA	578	265	T	0	0	264	37.3636363636364
A_PA	579	269	A	0	0	269	37.1115241635688
A_PA	580	272	T	0	0	272	37.3639705882353
A_PA	581	272	G	0	0	272	37.0625
A_PA	582	272	G	0	0	271	37.4428044280443
A_PA	583	272	G	0	0	272	37.0477941176471
A_PA	584	266	A	0	0	266	36.9398496240602
A_PA	585	267	T	0	0	266	37.1015037593985
A_PA	586	263	T	0	0	255	37.4274509803922
A_PA	587	273	C	0	0	273	37.1758241758242
A_PA	588	270	C	0	0	270	37.1444444444444
A_PA	589	271	T	0	0	271	37.2250922509225
A_PA	590	271	T	0	0	270	37.2888888888889
A_PA	591	269	T	0	0	269	37.5799256505576
A_PA	592	268	C	0	0	266	37.4210526315789
A_PA	593	268	G	0	0	268	36.6380597014925
A_PA	594	272	T	0	0	271	37.4723247232472
A_PA	595	270	C	0	0	270	36.3259259259259
A_PA	596	265	A	0	0	265	37.2
A_PA	597	280	G	0	0	280	35.85
A_PA	598	286	T	0	0	286	36.9545454545455
A_PA	599	286	C	0	0	286	36.9440559440559
A_PA	600	282	C	0	0	281	37.0035587188612
A_PA	601	282	G	0	0	281	37.1387900355872
A_PA	602	282	A	0	0	281	37.0498220640569
A_PA	603	280	G	0	0	280	36.6357142857143
A_PA	604	279	A	0	0	279	36.7562724014337
A_PA	605	277	G	0	0	277	36.5234657039711
A_PA	606	275	A	0	0	274	36.1751824817518
A_PA	607	274	G	0	0	274	36.0912408759124
A_PA	608	275	G	0	0	275	36.08
A_PA	609	274	C	0	0	273	36.9413919413919
A_PA	610	274	G	0	0	274	37.1277372262774
A_PA	611	274	A	0	0	274	36.7737226277372
A_PA	612	275	A	0	0	275	37.0981818181818
A_PA	613	273	G	0	0	273	37.0842490842491
A_PA	614	274	A	0	0	274	36.8832116788321
A_PA	615	275	G	0	0	275	37.5054545454545
A_PA	616	273	A	0	0	272	37.2058823529412
A_PA	617	273	C	0	0	272	37.4044117647059
A_PA	618	273	A	0	0	273	37.5824175824176
A_PA	619	273	A	0	0	271	37.1734317343173
A_PA	620	273	T	0	0	273	37.5201465201465
A_PA	621	271	T	0	0	271	37.8081180811808
A_PA	622	272	G	0	0	270	37.5444444444444
A_PA	623	269	A	0	0	268	37.0634328358209
A_PA	624	267	A	0	0	266	37.7894736842105
A_PA	625	267	G	0	0	267	37.8089887640449
A_PA	626	266	A	0	0	266	37.8984962406015
A_PA	627	266	A	0	0	266	38.0827067669173
A_PA	628	262	A	0	0	262	37.9732824427481
A_PA	629	266	G	0	0	266	37.9548872180451
A_PA	630	266	A	0	0	266	37.6052631578947
A_PA	631	263	T	0	0	263	37.5437262357414
A_PA	632	263	T	0	0	263	38.0190114068441
A_PA	633	263	T	0	0	262	38.324427480916
A_PA	634	264	G	0	0	264	37.8333333333333
A_PA	635	265	A	0	0	265	37.8603773584906
A_PA	636	265	A	0	0	265	37.7735849056604
A_PA	637	266	A	0	0	266	37.812030075188
A_PA	638	269	T	0	0	268	37.8917910447761
A_PA	639	273	T	0	0	273	37.9230769230769
A_PA	640	273	A	0	0	273	37.9194139194139
A_PA	641	274	C	0	0	274	38.1459854014599
A_PA	642	274	A	0	0	274	38.0547445255474
A_PA	643	274	G	0	0	274	37.5729927007299
A_PA	644	272	G	0	0	272	37.5955882352941
A_PA	645	274	A	0	0	274	37.4379562043796
A_PA	646	274	A	0	0	274	37.4197080291971
A_PA	647	270	C	0	0	266	37.6729323308271
A_PA	648	266	C	0	0	265	36.7094339622641
A_PA	649	265	A	0	0	265	37.6
A_PA	650	266	T	0	0	266	37.2706766917293
A_PA	651	269	G	0	0	269	37.0074349442379
A_PA	652	267	C	0	0	267	37.3370786516854
A_PA	653	267	G	0	0	267	36.8426966292135
A_PA	654	265	C	0	0	265	36.8490566037736
A_PA	655	261	A	0	0	260	37.0269230769231
A_PA	656	262	G	0	0	262	36.6030534351145
A_PA	657	261	G	0	0	261	36.2950191570881
A_PA	658	259	C	0	0	259	36.2741312741313
A_PA	659	259	T	0	0	258	37.3953488372093
A_PA	660	258	T	0	0	258	37.2945736434108
A_PA	661	258	G	0	0	257	36.5019455252918
A_PA	662	259	C	0	0	257	36.7587548638132
A_PA	663	260	C	0	0	259	37.1814671814672
A_PA	664	261	G	0	0	261	37.0727969348659
A_PA	665	258	A	0	0	258	36.6511627906977
A_PA	666	259	C	0	0	259	36.7065637065637
A_PA	667	260	C	0	0	260	37.0115384615385
A_PA	668	263	A	0	0	262	37.1641221374046
A_PA	669	263	A	0	0	262	37.9465648854962
A_PA	670	264	A	0	0	263	37.6958174904943
A_PA	671	266	G	0	0	266	36.1015037593985
A_PA	672	266	C	0	0	238	36.4201680672269
A_PA	673	264	C	0	0	264	36.8219696969697
A_PA	674	264	T	0	0	264	36.5795454545455
A_PA	675	265	C	0	0	265	37.2603773584906
A_PA	676	273	C	0	0	273	36.8498168498168
A_PA	677	278	C	0	0	278	36.5539568345324
A_PA	678	279	A	0	0	278	36.9496402877698
A_PA	679	279	C	0	0	279	36.9605734767025
A_PA	680	278	C	0	0	277	36.6895306859206
A_PA	681	278	G	0	0	278	36.8093525179856
A_PA	682	278	A	0	0	278	36.9676258992806
A_PA	683	278	A	0	0	278	36.5215827338129
A_PA	684	273	C	0	0	273	36.7912087912088
A_PA	685	271	T	0	0	269	36.8736059479554
A_PA	686	275	T	0	0	275	37.1345454545455
A_PA	687	275	C	0	0	275	36.9963636363636
A_PA	688	277	T	0	0	275	36.5272727272727
A_PA	689	276	C	0	0	276	37.0144927536232
A_PA	690	276	C	0	0	276	37.5724637681159
A_PA	691	273	A	0	0	273	37.7765567765568
A_PA	692	281	G	0	0	281	37.153024911032
A_PA	693	270	C	0	0	270	37.2777777777778
A_PA	694	269	C	0	0	269	37.275092936803
A_PA	695	268	T	0	0	268	37.2649253731343
A_PA	696	268	T	0	0	268	37.6641791044776
A_PA	697	268	G	0	0	268	37.7388059701493
A_PA	698	271	A	0	0	271	37.7822878228782
A_PA	699	258	A	0	0	258	37.3488372093023
A_PA	700	259	A	0	0	257	37.1984435797665
A_PA	701	257	A	0	0	257	36.591439688716
A_PA	702	265	C	0	0	265	37.5509433962264
A_PA	703	265	T	0	0	261	37.0344827586207
A_PA	704	265	T	0	0	264	37.6704545454545
A_PA	705	263	T	0	0	262	37.7748091603053
A_PA	706	263	A	0	0	263	37.3878326996198
A_PA	707	263	G	0	0	263	37.3269961977186
A_PA	708	261	A	0	0	260	37.65
A_PA	709	267	G	0	0	267	37.2359550561798
A_PA	710	265	C	0	0	265	36.7207547169811
A_PA	711	261	C	0	0	261	37.2030651340996
A_PA	712	262	T	0	0	262	37.3435114503817
A_PA	713	268	A	0	0	268	37.4850746268657
A_PA	714	268	T	0	0	268	37.3283582089552
A_PA	715	266	G	0	0	266	37.6315789473684
A_PA	716	265	T	0	0	264	36.5568181818182
A_PA	717	265	G	0	0	265	37.0754716981132
A_PA	718	269	G	0	0	269	37.185873605948
A_PA	719	271	A	0	0	271	37.309963099631
A_PA	720	268	T	0	0	268	37.3171641791045
A_PA	721	267	G	0	0	267	37.2621722846442
A_PA	722	273	G	0	0	273	36.0659340659341
A_PA	723	274	A	0	0	274	36.7810218978102
A_PA	724	276	T	0	0	275	36.7527272727273
A_PA	725	274	T	0	0	273	36.8864468864469
A_PA	726	272	C	0	0	272	37.0183823529412
A_PA	727	274	G	0	0	273	36.4395604395604
A_PA	728	274	A	0	0	274	37.1167883211679
A_PA	729	274	A	0	0	273	37.2527472527473
A_PA	730	277	C	0	0	277	36.5595667870036
A_PA	731	269	C	0	0	269	36.5353159851301
A_PA	732	269	G	0	0	268	37.2164179104478
A_PA	733	268	A	0	0	268	36.3470149253731
A_PA	734	267	A	0	0	267	35.9176029962547
A_PA	735	274	C	0	0	274	36.4306569343066
A_PA	736	273	G	0	0	273	36.7216117216117
A_PA	737	291	G	0	0	291	36.553264604811
A_PA	738	289	C	0	0	289	36.598615916955
A_PA	739	289	T	0	0	289	36.0657439446367
A_PA	740	292	A	0	0	276	36.481884057971
A_PA	741	296	C	0	0	295	36.9457627118644
A_PA	742	298	A	0	0	298	37.5604026845638
A_PA	743	304	T	0	0	304	36.9605263157895
A_PA	744	299	T	0	0	299	37.2909698996656
A_PA	745	300	G	0	0	300	36.0933333333333
A_PA	746	285	A	0	0	285	37.2491228070175
A_PA	747	308	G	0	0	299	36.7591973244147
A_PA	748	300	G	0	0	300	36.17
A_PA	749	300	G	0	0	300	35.8
A_PA	750	296	C	0	0	296	36.1587837837838
A_PA	751	294	A	0	0	294	37.0204081632653
A_PA	752	293	A	0	0	292	36.0890410958904
A_PA	753	303	G	0	0	303	35.8943894389439
A_PA	754	308	C	0	0	308	36.4545454545455
A_PA	755	305	T	0	0	305	37.4393442622951
A_PA	756	301	T	0	0	301	37.7176079734219
A_PA	757	303	T	0	0	303	37.4653465346535
A_PA	758	303	C	0	0	303	37.3069306930693
A_PA	759	303	T	0	0	303	37.6897689768977
A_PA	760	303	C	0	0	303	37.5973597359736
A_PA	761	303	A	0	0	303	37.8085808580858
A_PA	762	302	A	0	0	301	37.7375415282392
A_PA	763	300	A	0	0	299	37.5250836120401
A_PA	764	304	T	0	0	303	37.2277227722772
A_PA	765	309	G	0	0	309	37.2912621359223
A_PA	766	307	T	0	0	306	36.5228758169935
A_PA	767	309	C	0	0	308	37.25
A_PA	768	310	A	0	0	310	37.258064516129
A_PA	769	312	A	0	0	312	37.375
A_PA	770	313	A	0	0	312	37.5833333333333
A_PA	771	313	A	0	0	313	37.4696485623003
A_PA	772	313	G	0	0	312	37.375
A_PA	773	316	A	0	0	315	36.8253968253968
A_PA	774	316	A	0	0	316	37.2848101265823
A_PA	775	318	G	0	0	318	37.0062893081761
A_PA	776	317	T	0	0	316	35.4272151898734
A_PA	777	317	G	0	0	317	36.1356466876972
A_PA	778	317	A	0	0	317	36.4069400630915
A_PA	779	318	G	0	0	308	36.4285714285714
A_PA	780	331	C	0	0	321	36.6666666666667
A_PA	781	332	G	0	0	332	36.5512048192771
A_PA	782	332	C	0	0	332	37.078313253012
A_PA	783	349	T	0	0	347	36.463976945245
A_PA	784	347	A	0	0	347	37.0720461095101
A_PA	785	348	G	0	0	348	37.0459770114943
A_PA	786	350	G	0	0	350	37.3057142857143
A_PA	787	351	A	0	0	351	36.985754985755
A_PA	788	353	T	0	0	352	37.0142045454545
A_PA	789	347	T	0	0	347	37.4495677233429
A_PA	790	348	G	0	0	346	37.2167630057803
A_PA	791	348	A	0	0	348	36.9971264367816
A_PA	792	347	G	0	0	346	37.5231213872832
A_PA	793	349	C	0	0	349	37.214899713467
A_PA	794	348	C	0	0	348	37.2729885057471
A_PA	795	350	A	0	0	350	37.68
A_PA	796	353	T	1	0	353	37.8356940509915
A_PA	797	353	T	0	0	353	37.7450424929178
A_PA	798	360	T	0	0	360	37.6111111111111
A_PA	799	356	C	0	0	356	37.3061797752809
A_PA	800	355	T	0	0	354	37.8728813559322
A_PA	801	357	G	0	0	357	37.4089635854342
A_PA	802	357	A	0	0	357	37.1512605042017
A_PA	803	359	A	0	0	359	37.3927576601671
A_PA	804	359	G	0	0	359	36.5710306406685
A_PA	805	359	A	0	0	359	37.1838440111421
A_PA	806	360	C	0	0	360	37.1527777777778
A_PA	807	356	A	0	0	355	36.8225352112676
A_PA	808	360	A	0	0	360	37.3638888888889
A_PA	809	364	C	0	0	364	36.6346153846154
A_PA	810	364	A	0	0	364	36.4203296703297
A_PA	811	364	C	0	0	364	35.8351648351648
A_PA	812	360	C	0	0	360	35.8
A_PA	813	360	A	0	0	359	36.2729805013928
A_PA	814	359	C	0	0	359	36.7966573816156
A_PA	815	357	G	0	0	356	35.2584269662921
A_PA	816	357	C	0	0	356	35.3820224719101
A_PA	817	356	C	0	0	356	35.7893258426966
A_PA	818	365	C	0	0	365	36.7041095890411
A_PA	819	363	T	0	0	363	36.198347107438
A_PA	820	384	C	0	0	384	36.6484375
A_PA	821	384	T	0	0	384	36.8854166666667
A_PA	822	382	C	0	0	376	36.7420212765957
A_PA	823	383	A	0	0	383	37.2532637075718
A_PA	824	384	A	0	0	378	36.8465608465608
A_PA	825	388	A	0	0	388	37.2164948453608
A_PA	826	387	T	0	0	387	37.1395348837209
A_PA	827	376	T	0	0	376	37.2712765957447
A_PA	828	377	A	0	0	374	36.4973262032086
A_PA	829	376	C	0	0	376	37.4627659574468
A_PA	830	376	C	0	0	375	37.2533333333333
A_PA	831	375	T	0	0	374	37.3877005347594
A_PA	832	376	G	0	0	376	37.7101063829787
A_PA	833	379	A	0	0	378	37.2063492063492
A_PA	834	380	T	0	0	380	37.4131578947368
A_PA	835	380	G	0	0	379	37.1160949868074
A_PA	836	380	G	0	0	380	37.0473684210526
A_PA	837	379	A	0	0	369	36.8292682926829
A_PA	838	379	C	0	0	379	37.0817941952507
A_PA	839	377	C	0	0	377	37.0901856763926
A_PA	840	382	T	0	0	380	36.5315789473684
A_PA	841	389	C	0	0	389	36.9074550128535
A_PA	842	380	C	0	0	380	37.4236842105263
A_PA	843	379	C	0	0	379	37.5408970976253
A_PA	844	379	T	0	0	379	37.6781002638522
A_PA	845	381	G	0	0	381	37.7112860892388
A_PA	846	378	T	0	0	368	37.4972826086956
A_PA	847	379	T	0	0	377	37.0742705570292
A_PA	848	379	C	0	0	378	37.6904761904762
A_PA	849	370	T	0	0	368	37.6739130434783
A_PA	850	375	C	0	0	375	37.568
A_PA	851	375	A	0	0	375	37.5546666666667
A_PA	852	375	A	0	0	375	37.5386666666667
A_PA	853	372	C	0	0	372	37.5295698924731
A_PA	854	369	G	0	0	369	37.2764227642276
A_PA	855	370	A	0	0	370	37.1864864864865
A_PA	856	371	T	0	0	370	36.9675675675676
A_PA	857	371	C	0	0	371	37.4797843665768
A_PA	858	371	G	0	0	370	37.0324324324324
A_PA	859	371	A	0	0	371	36.6684636118598
A_PA	860	369	A	0	0	369	37.3821138211382
A_PA	861	376	G	0	0	376	37.1409574468085
A_PA	862	376	T	0	0	376	36.6063829787234
A_PA	863	374	T	0	0	374	37.2941176470588
A_PA	864	378	C	0	0	378	37.5793650793651
A_PA	865	380	T	0	0	380	37.5789473684211
A_PA	866	380	T	0	0	380	37.4657894736842
A_PA	867	381	A	0	0	370	37.5459459459459
A_PA	868	380	T	0	0	380	37.4394736842105
A_PA	869	374	T	0	0	374	37.6711229946524
A_PA	870	375	G	0	0	375	37.392
A_PA	871	375	A	0	0	375	37.4906666666667
A_PA	872	369	T	0	0	369	37.509485094851
A_PA	873	365	G	0	0	364	37.4478021978022
A_PA	874	365	G	0	0	364	37.3791208791209
A_PA	875	364	A	0	0	364	37.1291208791209
A_PA	876	364	T	0	0	364	37.0082417582418
A_PA	877	364	G	0	0	364	36.9395604395604
A_PA	878	383	C	0	0	383	36.6057441253264
A_PA	879	383	C	0	0	383	36.7911227154047
A_PA	880	383	C	0	0	382	36.7722513089005
A_PA	881	381	T	0	0	381	37.5748031496063
A_PA	882	381	T	0	0	381	37.4461942257218
A_PA	883	382	A	0	0	381	37.8346456692913
A_PA	884	383	A	0	0	382	37.7041884816754
A_PA	885	387	A	0	0	387	37.3540051679587
A_PA	886	387	T	0	0	386	37.5699481865285
A_PA	887	372	T	0	0	372	37.5403225806452
A_PA	888	365	A	0	0	365	37.9041095890411
A_PA	889	363	A	0	0	362	37.7292817679558
A_PA	890	365	G	0	0	365	36.972602739726
A_PA	891	363	C	0	0	363	37.5096418732782
A_PA	892	360	A	0	0	358	37.7458100558659
A_PA	893	361	T	0	0	361	36.8891966759003
A_PA	894	357	C	0	0	355	37.4
A_PA	895	357	G	0	0	357	36.9467787114846
A_PA	896	356	A	0	0	356	37.4410112359551
A_PA	897	356	G	0	0	355	36.5830985915493
A_PA	898	341	G	0	0	340	35.6470588235294
A_PA	899	342	A	0	0	342	36.359649122807
A_PA	900	340	C	0	0	340	36.9911764705882
A_PA	901	341	C	0	0	341	36.5923753665689
A_PA	902	339	C	0	0	339	36.2890855457227
A_PA	903	341	G	0	0	341	36.9912023460411
A_PA	904	336	A	0	0	335	36.3223880597015
A_PA	905	335	G	0	0	335	36.5373134328358
A_PA	906	339	C	0	0	339	36.9705014749263
A_PA	907	338	C	0	0	338	37.1952662721894
A_PA	908	341	A	0	0	341	37.2287390029325
A_PA	909	350	T	0	0	350	37.9057142857143
A_PA	910	351	G	0	0	350	37.58
A_PA	911	352	A	0	0	351	37.3675213675214
A_PA	912	350	A	0	0	348	37.1206896551724
A_PA	913	360	G	0	0	360	37.275
A_PA	914	363	G	0	0	363	37.1845730027548
A_PA	915	361	G	0	0	361	36.606648199446
A_PA	916	358	G	0	0	358	36.2793296089385
A_PA	917	360	A	0	0	350	36.8857142857143
A_PA	918	358	A	0	0	354	36.7344632768362
A_PA	919	363	G	0	0	363	36.763085399449
A_PA	920	382	G	0	0	382	36.6570680628272
A_PA	921	381	T	0	0	379	36.1187335092348
A_PA	922	381	A	0	0	381	36.259842519685
A_PA	923	381	T	0	0	381	36.0866141732283
A_PA	924	377	A	0	0	376	36.1675531914894
A_PA	925	402	C	0	0	402	36.6169154228856
A_PA	926	401	C	0	0	401	36.6359102244389
A_PA	927	400	G	0	0	400	36.1125
A_PA	928	400	C	0	0	400	36.0825
A_PA	929	387	T	0	0	387	36.3617571059432
A_PA	930	403	A	0	0	403	36.0893300248139
A_PA	931	398	T	0	0	398	36.5427135678392
A_PA	932	401	A	0	0	401	37.2294264339152
A_PA	933	401	T	0	0	401	37.2817955112219
A_PA	934	370	G	0	0	369	37.4607046070461
A_PA	935	371	A	0	0	369	37.1138211382114
A_PA	936	369	T	0	0	369	37.349593495935
A_PA	937	368	G	0	0	368	37.4864130434783
A_PA	938	372	C	0	0	372	37.5860215053763
A_PA	939	366	A	0	0	366	37.7131147540984
A_PA	940	364	A	0	0	355	37.5239436619718
A_PA	941	364	T	0	0	364	37.7994505494505
A_PA	942	364	C	0	0	355	38.1605633802817
A_PA	943	365	A	0	0	365	37.9232876712329
A_PA	944	364	A	0	0	363	37.5812672176309
A_PA	945	368	A	0	0	366	37.775956284153
A_PA	946	368	T	0	0	368	37.5815217391304
A_PA	947	365	G	0	0	365	37.786301369863
A_PA	948	361	C	0	0	361	37.8587257617729
A_PA	949	360	A	0	0	360	37.9361111111111
A_PA	950	360	T	0	0	359	38.0473537604457
A_PA	951	359	G	0	0	358	37.8687150837989
A_PA	952	360	A	0	0	360	37.8833333333333
A_PA	953	360	A	0	0	360	37.9944444444444
A_PA	954	358	A	0	0	358	37.9525139664804
A_PA	955	358	A	0	0	358	37.8938547486034
A_PA	956	361	C	0	0	361	38.3462603878116
A_PA	957	359	A	0	0	359	38.050139275766
A_PA	958	360	T	0	0	359	38.1281337047354
A_PA	959	356	T	0	0	356	37.876404494382
A_PA	960	355	T	0	0	354	37.8700564971751
A_PA	961	355	T	0	0	355	37.7352112676056
A_PA	962	355	T	0	0	355	37.6676056338028
A_PA	963	355	C	0	0	355	37.7746478873239
A_PA	964	355	G	0	0	355	36.8647887323944
A_PA	965	356	G	0	0	356	36.4887640449438
A_PA	966	345	C	0	0	344	37.1976744186046
A_PA	967	345	T	0	0	345	37.4463768115942
A_PA	968	351	G	0	0	351	37.2621082621083
A_PA	969	353	G	0	0	353	37.0821529745042
A_PA	970	358	A	0	0	358	37.2513966480447
A_PA	971	339	A	0	0	339	37.8672566371681
A_PA	972	339	A	0	0	339	37.8731563421829
A_PA	973	339	G	0	0	338	37.5621301775148
A_PA	974	336	A	0	0	335	37.7253731343284
A_PA	975	341	G	0	0	341	37.2258064516129
A_PA	976	344	C	0	0	344	36.9156976744186
A_PA	977	343	C	0	0	343	37.0174927113703
A_PA	978	344	C	0	0	344	37.1656976744186
A_PA	979	343	A	0	0	342	37.3245614035088
A_PA	980	345	A	0	0	342	37.6052631578947
A_PA	981	348	C	0	0	348	36.8247126436782
A_PA	982	341	A	0	0	341	37.0293255131965
A_PA	983	363	T	0	0	363	36.8650137741047
A_PA	984	363	C	0	0	363	37.504132231405
A_PA	985	366	G	0	0	366	36.9890710382514
A_PA	986	366	T	0	0	365	36.2602739726027
A_PA	987	372	A	0	0	372	37.1451612903226
A_PA	988	372	A	0	0	372	37.010752688172
A_PA	989	373	A	0	0	373	36.7479892761394
A_PA	990	372	A	0	0	372	37.1693548387097
A_PA	991	366	C	0	0	366	37.5901639344262
A_PA	992	356	C	0	0	356	36.6516853932584
A_PA	993	355	G	0	0	355	37.0535211267606
A_PA	994	356	C	0	0	356	36.9803370786517
A_PA	995	356	A	0	0	356	37.1404494382022
A_PA	996	355	T	0	0	354	37.2768361581921
A_PA	997	355	G	0	0	355	37.3943661971831
A_PA	998	357	A	0	0	357	37.9635854341737
A_PA	999	359	A	0	0	359	37.9888579387187
A_PA	1000	360	A	0	0	360	38.0972222222222
A_PA	1001	354	A	0	0	354	38.0112994350282
A_PA	1002	355	A	0	0	353	38.056657223796
A_PA	1003	356	G	0	0	356	36.8932584269663
A_PA	1004	358	G	0	0	358	36.2011173184358
A_PA	1005	359	C	0	0	358	37.7206703910615
A_PA	1006	359	A	0	0	358	37.804469273743
A_PA	1007	358	T	0	0	357	37.9439775910364
A_PA	1008	362	A	0	0	362	37.9668508287293
A_PA	1009	366	A	0	0	365	37.9561643835616
A_PA	1010	373	A	0	0	373	37.7560321715818
A_PA	1011	374	T	0	0	373	37.514745308311
A_PA	1012	370	C	0	0	369	37.8319783197832
A_PA	1013	368	C	0	0	366	37.9207650273224
A_PA	1014	370	A	0	0	355	37.9154929577465
A_PA	1015	372	A	0	0	372	38.0268817204301
A_PA	1016	376	A	0	0	376	37.9414893617021
A_PA	1017	377	T	0	0	377	37.8461538461538
A_PA	1018	374	T	0	0	374	37.8502673796791
A_PA	1019	372	A	0	0	372	37.8306451612903
A_PA	1020	373	T	0	0	370	37.7378378378378
A_PA	1021	372	C	0	0	371	37.2291105121294
A_PA	1022	372	T	0	0	372	36.9274193548387
A_PA	1023	375	C	0	0	362	37.2624309392265
A_PA	1024	374	C	0	0	374	37.8235294117647
A_PA	1025	380	T	0	0	379	37.4353562005277
A_PA	1026	383	G	0	0	383	37.5195822454308
A_PA	1027	387	G	0	0	386	37.1321243523316
A_PA	1028	384	C	0	0	384	37.5416666666667
A_PA	1029	382	T	0	0	381	37.2860892388451
A_PA	1030	382	T	0	0	381	37.9055118110236
A_PA	1031	382	G	0	0	382	37.0523560209424
A_PA	1032	391	G	0	0	391	36.8695652173913
A_PA	1033	404	A	0	0	404	37.789603960396
A_PA	1034	404	A	0	0	404	37.5693069306931
A_PA	1035	401	G	0	0	401	37.0648379052369
A_PA	1036	398	C	0	0	398	37.3190954773869
A_PA	1037	389	A	0	0	389	37.6735218508997
A_PA	1038	394	G	0	0	393	37.2824427480916
A_PA	1039	397	G	0	0	396	37.0252525252525
A_PA	1040	401	T	0	0	398	36.3291457286432
A_PA	1041	403	G	0	0	403	36.9404466501241
A_PA	1042	413	C	0	0	413	37.1573849878935
A_PA	1043	415	T	0	0	413	37.5278450363196
A_PA	1044	418	A	0	0	418	37.7488038277512
A_PA	1045	418	G	0	0	418	37.5717703349282
A_PA	1046	418	C	0	0	417	37.4460431654676
A_PA	1047	414	A	0	0	414	38.1111111111111
A_PA	1048	415	G	0	0	414	37.3623188405797
A_PA	1049	414	A	0	0	414	37.695652173913
A_PA	1050	433	A	0	0	433	37.6466512702079
A_PA	1051	453	C	0	0	453	37.0353200883002
A_PA	1052	463	T	0	0	462	37.025974025974
A_PA	1053	473	C	0	0	473	37.3424947145877
A_PA	1054	471	C	0	0	471	37.4564755838641
A_PA	1055	471	A	0	0	470	37.8851063829787
A_PA	1056	475	A	0	0	475	37.9284210526316
A_PA	1057	487	G	0	0	486	37.5864197530864
A_PA	1058	491	A	0	0	490	37.7428571428571
A_PA	1059	491	T	0	0	491	37.6191446028513
A_PA	1060	478	A	0	0	478	37.9267782426778
A_PA	1061	479	T	0	0	478	37.7615062761506
A_PA	1062	477	T	0	0	477	38.0754716981132
A_PA	1063	479	G	0	0	479	37.9812108559499
A_PA	1064	472	A	0	0	472	37.5741525423729
A_PA	1065	474	G	0	0	474	37.7869198312236
A_PA	1066	470	A	0	0	468	37.4123931623932
A_PA	1067	466	A	0	0	466	37.6523605150215
A_PA	1068	462	T	0	0	461	37.5661605206074
A_PA	1069	459	G	0	0	459	38.1263616557734
A_PA	1070	455	A	0	0	455	37.4967032967033
A_PA	1071	446	G	0	0	446	37.7600896860987
A_PA	1072	447	G	0	0	447	37.2013422818792
A_PA	1073	444	A	0	0	443	37.6027088036117
A_PA	1074	446	G	0	0	446	37.3206278026906
A_PA	1075	445	A	1	0	444	37.6914414414414
A_PA	1076	434	A	0	0	433	37.5704387990762
A_PA	1077	435	A	0	0	413	37.8668280871671
A_PA	1078	436	A	0	0	435	37.4919540229885
A_PA	1079	436	T	0	0	434	37.6428571428571
A_PA	1080	435	T	0	0	435	37.1126436781609
A_PA	1081	428	C	0	0	428	37.1214953271028
A_PA	1082	425	C	0	0	425	37.4188235294118
A_PA	1083	425	A	0	0	424	37.6415094339623
A_PA	1084	425	A	0	0	425	37.8541176470588
A_PA	1085	426	A	0	0	426	38.018779342723
A_PA	1086	427	A	0	0	427	37.8548009367682
A_PA	1087	428	A	0	0	427	37.2201405152225
A_PA	1088	426	C	0	0	426	37.6197183098592
A_PA	1089	424	A	0	0	424	37.9575471698113
A_PA	1090	429	A	0	0	429	37.8881118881119
A_PA	1091	426	A	0	0	426	37.9154929577465
A_PA	1092	428	G	0	0	427	37.9648711943794
A_PA	1093	430	A	0	0	429	37.7785547785548
A_PA	1094	430	A	0	0	430	37.9883720930233
A_PA	1095	433	C	0	0	415	37.889156626506
A_PA	1096	431	A	0	0	431	37.9211136890951
A_PA	1097	431	T	0	0	431	37.7447795823666
A_PA	1098	438	G	0	0	437	37.7482837528604
A_PA	1099	440	A	0	0	440	37.8181818181818
A_PA	1100	439	A	0	0	437	37.8627002288329
A_PA	1101	440	G	0	0	440	37.5363636363636
A_PA	1102	441	A	0	0	441	37.9160997732426
A_PA	1103	444	A	0	0	444	37.7004504504505
A_PA	1104	442	A	0	0	441	37.6462585034014
A_PA	1105	442	A	0	0	438	37.5753424657534
A_PA	1106	445	C	0	0	445	37.3191011235955
A_PA	1107	439	A	0	0	439	38.004555808656
A_PA	1108	440	A	0	0	439	37.8473804100228
A_PA	1109	439	G	0	0	439	37.5717539863326
A_PA	1110	454	C	0	0	447	37.3154362416107
A_PA	1111	460	C	0	0	459	37.3202614379085
A_PA	1112	459	A	0	0	459	37.6928104575163
A_PA	1113	465	A	0	0	464	37.5
A_PA	1114	465	T	0	0	446	37.390134529148
A_PA	1115	465	T	0	0	465	37.9655913978495
A_PA	1116	473	G	0	0	473	37.7251585623679
A_PA	1117	474	A	0	0	472	37.8601694915254
A_PA	1118	480	A	0	0	480	37.3729166666667
A_PA	1119	477	G	0	0	477	37.2389937106918
A_PA	1120	465	T	0	0	465	36.9870967741935
A_PA	1121	465	G	0	0	465	37.1505376344086
A_PA	1122	466	G	0	0	466	36.8304721030043
A_PA	1123	469	G	0	0	468	37.292735042735
A_PA	1124	475	C	0	0	474	36.7869198312236
A_PA	1125	474	A	0	0	473	37.5517970401691
A_PA	1126	479	C	0	0	479	36.901878914405
A_PA	1127	476	T	0	0	475	37.3136842105263
A_PA	1128	477	T	0	0	476	37.5336134453782
A_PA	1129	493	G	0	0	493	37.4584178498986
A_PA	1130	494	G	0	0	494	37.3866396761134
A_PA	1131	492	T	0	0	488	36.6229508196721
A_PA	1132	490	G	0	0	490	36.7163265306122
A_PA	1133	489	A	0	0	489	37.1697341513292
A_PA	1134	489	G	0	0	489	37.359918200409
A_PA	1135	484	A	0	0	484	37.8037190082645
A_PA	1136	486	A	0	0	485	37.6288659793814
A_PA	1137	490	C	0	0	490	37.6530612244898
A_PA	1138	480	A	0	0	479	37.6576200417537
A_PA	1139	481	T	0	0	481	37.6257796257796
A_PA	1140	478	G	0	0	478	37.4372384937238
A_PA	1141	480	G	0	0	480	37.01875
A_PA	1142	488	C	0	0	488	37.0143442622951
A_PA	1143	481	A	0	0	479	36.9457202505219
A_PA	1144	484	C	0	0	484	37.4194214876033
A_PA	1145	480	C	0	0	480	36.8729166666667
A_PA	1146	481	A	0	0	480	37.8895833333333
A_PA	1147	488	G	0	0	488	37.780737704918
A_PA	1148	487	A	0	0	487	37.3347022587269
A_PA	1149	490	G	0	0	489	37.6441717791411
A_PA	1150	488	A	0	0	486	37.6008230452675
A_PA	1151	493	A	0	0	493	37.5496957403651
A_PA	1152	495	A	0	0	494	37.8076923076923
A_PA	1153	494	G	0	0	494	37.6052631578947
A_PA	1154	492	T	0	0	490	37.0265306122449
A_PA	1155	488	A	0	0	487	37.7741273100616
A_PA	1156	491	G	0	0	491	37.3747454175153
A_PA	1157	504	A	0	0	503	37.2644135188867
A_PA	1158	507	C	0	0	507	37.4418145956608
A_PA	1159	500	T	0	0	498	37.5983935742972
A_PA	1160	500	T	0	0	499	37.4308617234469
A_PA	1161	500	T	0	0	500	37.914
A_PA	1162	500	G	0	0	500	37.85
A_PA	1163	498	A	0	0	497	37.9356136820926
A_PA	1164	498	G	0	0	497	37.1267605633803
A_PA	1165	496	G	0	0	496	37.5584677419355
A_PA	1166	486	A	0	0	486	37.798353909465
A_PA	1167	491	C	0	0	491	37.3930753564155
A_PA	1168	490	T	0	0	489	37.4887525562372
A_PA	1169	504	G	0	0	503	37.5248508946322
A_PA	1170	506	C	0	0	506	37.3675889328063
A_PA	1171	506	A	0	0	505	37.3643564356436
A_PA	1172	505	A	0	0	504	37.2738095238095
A_PA	1173	505	A	0	0	483	37.6045548654244
A_PA	1174	516	G	0	0	516	36.9767441860465
A_PA	1175	520	A	0	0	520	37.3307692307692
A_PA	1176	509	C	0	0	509	37.1532416502947
A_PA	1177	500	G	0	0	485	37.0886597938144
A_PA	1178	498	T	0	0	497	36.6378269617706
A_PA	1179	501	T	0	0	501	36.5668662674651
A_PA	1180	498	A	0	0	498	37.6526104417671
A_PA	1181	497	G	0	0	497	36.430583501006
A_PA	1182	484	C	0	0	483	37.6356107660456
A_PA	1183	477	G	0	0	476	37.1533613445378
A_PA	1184	515	A	0	0	515	36.8660194174757
A_PA	1185	510	T	0	0	510	36.8588235294118
A_PA	1186	510	C	0	0	510	36.4137254901961
A_PA	1187	513	T	0	0	513	36.943469785575
A_PA	1188	516	G	0	0	493	37.1602434077079
A_PA	1189	513	C	0	0	513	37.1949317738791
A_PA	1190	513	G	0	0	513	36.9103313840156
A_PA	1191	514	A	0	0	511	36.7103718199609
A_PA	1192	524	C	0	0	524	36.8530534351145
A_PA	1193	501	A	0	0	501	37.1536926147705
A_PA	1194	534	G	0	0	512	36.97265625
A_PA	1195	533	T	0	0	532	37.0676691729323
A_PA	1196	537	A	0	0	537	37.4450651769088
A_PA	1197	537	T	0	0	537	37.4934823091248
A_PA	1198	537	G	0	0	537	37.3519553072626
A_PA	1199	537	A	0	0	534	37.5449438202247
A_PA	1200	530	C	0	0	530	37.5735849056604
A_PA	1201	514	A	0	0	514	37.7373540856031
A_PA	1202	515	G	0	0	515	37.578640776699
A_PA	1203	502	T	0	0	500	37.216
A_PA	1204	497	G	0	0	497	37.4828973843058
A_PA	1205	497	A	0	0	497	37.4929577464789
A_PA	1206	497	T	0	0	497	37.3762575452716
A_PA	1207	494	G	0	0	494	37.7550607287449
A_PA	1208	485	A	0	0	485	37.5958762886598
A_PA	1209	482	A	0	0	482	37.9398340248963
A_PA	1210	483	C	0	0	482	37.6887966804979
A_PA	1211	481	C	0	0	481	37.2619542619543
A_PA	1212	480	A	0	0	480	37.8541666666667
A_PA	1213	484	G	0	0	484	37.3904958677686
A_PA	1214	487	A	0	0	486	37.8950617283951
A_PA	1215	490	A	0	0	470	37.5446808510638
A_PA	1216	492	T	0	0	492	37.4837398373984
A_PA	1217	494	C	0	0	494	37.4493927125506
A_PA	1218	494	T	0	0	494	37.6538461538462
A_PA	1219	495	A	0	0	494	37.9514170040486
A_PA	1220	496	G	0	0	496	37.1834677419355
A_PA	1221	498	A	0	0	498	37.495983935743
A_PA	1222	499	T	0	0	498	37.1546184738956
A_PA	1223	496	C	0	0	496	37.5927419354839
A_PA	1224	496	G	0	0	495	37.5656565656566
A_PA	1225	505	C	0	0	505	37.0415841584158
A_PA	1226	508	T	0	0	508	37.8897637795276
A_PA	1227	519	A	0	0	519	37.5394990366089
A_PA	1228	520	G	0	0	519	37.1252408477842
A_PA	1229	522	C	0	0	521	37.6602687140115
A_PA	1230	526	A	0	0	524	38.0629770992366
A_PA	1231	531	A	0	0	531	37.6553672316384
A_PA	1232	537	G	0	0	525	37.4990476190476
A_PA	1233	543	C	0	0	543	37.3057090239411
A_PA	1234	541	T	0	0	538	37.8011152416357
A_PA	1235	542	G	0	0	541	37.6173752310536
A_PA	1236	541	G	0	0	541	37.5600739371534
A_PA	1237	545	A	0	0	545	37.4715596330275
A_PA	1238	544	T	0	0	541	37.2107208872458
A_PA	1239	544	C	0	0	543	37.195211786372
A_PA	1240	544	C	0	0	544	37.5110294117647
A_PA	1241	537	A	0	0	536	37.884328358209
A_PA	1242	538	G	0	0	538	37.7472118959108
A_PA	1243	551	A	0	0	549	37.3533697632058
A_PA	1244	549	G	0	0	549	37.3934426229508
A_PA	1245	551	C	0	0	551	37.470054446461
A_PA	1246	558	G	0	0	558	37.4569892473118
A_PA	1247	560	A	0	0	558	37.5232974910394
A_PA	1248	562	A	0	0	562	37.5213523131673
A_PA	1249	567	T	0	0	567	37.3139329805996
A_PA	1250	570	T	0	0	570	37.7491228070175
A_PA	1251	588	C	0	0	588	37.5476190476191
A_PA	1252	585	A	0	0	585	37.9435897435897
A_PA	1253	594	A	0	0	593	37.8617200674536
A_PA	1254	593	T	0	0	565	37.8353982300885
A_PA	1255	597	A	0	0	597	37.9782244556114
A_PA	1256	597	A	0	0	597	37.8760469011725
A_PA	1257	592	A	0	0	590	37.935593220339
A_PA	1258	595	G	0	0	593	37.468802698145
A_PA	1259	593	C	0	0	591	37.4213197969543
A_PA	1260	578	A	0	0	577	37.4176776429809
A_PA	1261	578	T	0	0	578	37.576124567474
A_PA	1262	578	G	0	0	576	37.4913194444444
A_PA	1263	586	C	0	0	586	37.3310580204778
A_PA	1264	588	G	0	0	588	37.5034013605442
A_PA	1265	590	A	0	0	589	37.490662139219
A_PA	1266	597	A	0	0	597	37.4589614740368
A_PA	1267	591	T	0	0	591	37.3587140439932
A_PA	1268	601	T	0	0	601	38.044925124792
A_PA	1269	598	G	0	0	598	37.9314381270903
A_PA	1270	598	A	0	0	597	38.0837520938023
A_PA	1271	597	C	0	0	597	37.8341708542714
A_PA	1272	594	A	0	0	594	38.0942760942761
A_PA	1273	600	G	0	0	600	37.8683333333333
A_PA	1274	602	A	0	0	601	37.7004991680532
A_PA	1275	601	T	0	0	600	37.9616666666667
A_PA	1276	601	T	0	0	601	37.9667221297837
A_PA	1277	598	C	0	0	597	37.9966499162479
A_PA	1278	609	A	0	0	609	37.8817733990148
A_PA	1279	610	A	0	0	609	37.679802955665
A_PA	1280	606	G	0	0	606	38.0561056105611
A_PA	1281	608	T	0	0	606	37.7607260726073
A_PA	1282	605	T	0	0	604	37.6688741721854
A_PA	1283	610	G	0	0	610	37.8590163934426
A_PA	1284	612	G	0	0	612	37.6993464052288
A_PA	1285	611	A	0	0	610	37.6459016393443
A_PA	1286	611	T	0	0	610	37.7704918032787
A_PA	1287	607	T	0	0	607	38.0922570016474
A_PA	1288	617	G	0	0	617	37.9173419773096
A_PA	1289	620	A	0	0	620	37.8193548387097
A_PA	1290	620	A	0	0	620	37.791935483871
A_PA	1291	620	C	0	0	619	37.5573505654281
A_PA	1292	609	T	0	0	609	37.7471264367816
A_PA	1293	609	T	0	0	609	37.8357963875205
A_PA	1294	614	G	0	0	614	38.0276872964169
A_PA	1295	616	A	0	0	615	37.8439024390244
A_PA	1296	616	T	0	0	616	37.8798701298701
A_PA	1297	619	G	0	0	619	37.9418416801292
A_PA	1298	618	A	0	0	617	37.4991896272285
A_PA	1299	619	A	0	0	590	37.7033898305085
A_PA	1300	617	A	0	0	613	37.652528548124
A_PA	1301	616	T	0	0	615	37.0731707317073
A_PA	1302	606	A	0	0	604	37.841059602649
A_PA	1303	610	G	0	0	610	37.5180327868852
A_PA	1304	618	G	0	0	618	37.3495145631068
A_PA	1305	619	G	0	0	618	37.3090614886731
A_PA	1306	620	G	0	0	619	36.9741518578352
A_PA	1307	611	A	0	0	611	36.6448445171849
A_PA	1308	607	A	0	0	606	37.2524752475247
A_PA	1309	605	G	0	0	605	36.8
A_PA	1310	609	A	0	0	608	37.5230263157895
A_PA	1311	609	C	0	0	608	37.2220394736842
A_PA	1312	600	G	0	0	599	37.4607679465776
A_PA	1313	606	T	0	0	605	37.3471074380165
A_PA	1314	609	T	0	0	609	37.4039408866995
A_PA	1315	616	G	0	0	614	37.6026058631922
A_PA	1316	618	C	0	0	607	37.3097199341021
A_PA	1317	618	T	0	0	617	37.3776337115073
A_PA	1318	627	C	0	0	626	37.3498402555911
A_PA	1319	616	C	0	0	615	37.7658536585366
A_PA	1320	613	A	0	0	612	37.8496732026144
A_PA	1321	625	A	0	0	624	37.7307692307692
A_PA	1322	625	T	0	0	624	37.6105769230769
A_PA	1323	624	T	0	0	621	37.962962962963
A_PA	1324	623	G	0	0	621	37.7117552334944
A_PA	1325	610	A	0	0	608	37.4819078947368
A_PA	1326	610	G	0	0	609	37.5582922824302
A_PA	1327	608	C	0	0	607	37.5700164744646
A_PA	1328	606	A	0	0	606	37.6930693069307
A_PA	1329	626	C	0	0	623	37.6019261637239
A_PA	1330	617	A	0	0	617	37.3987034035656
A_PA	1331	619	T	0	0	617	37.1734197730956
A_PA	1332	619	T	0	0	617	37.3743922204214
A_PA	1333	621	G	0	0	620	37.1758064516129
A_PA	1334	604	C	0	0	603	37.228855721393
A_PA	1335	604	G	0	0	602	37.7242524916944
A_PA	1336	608	A	0	0	608	37.3421052631579
A_PA	1337	609	G	0	0	609	37.3316912972085
A_PA	1338	597	T	0	0	595	37.1764705882353
A_PA	1339	595	A	0	0	595	37.9831932773109
A_PA	1340	599	T	0	0	598	38.1622073578595
A_PA	1341	600	G	0	0	600	38.2033333333333
A_PA	1342	597	A	0	0	595	38.0773109243697
A_PA	1343	599	G	0	0	599	38.0968280467446
A_PA	1344	597	A	0	0	595	38.0621848739496
A_PA	1345	580	A	0	0	580	38.0551724137931
A_PA	1346	583	G	0	0	583	37.9536878216123
A_PA	1347	588	A	0	0	586	37.9078498293515
A_PA	1348	589	A	0	0	589	37.830220713073
A_PA	1349	588	A	0	0	587	37.3952299829642
A_PA	1350	589	C	0	0	570	37.8140350877193
A_PA	1351	578	T	0	0	575	37.7652173913043
A_PA	1352	575	A	0	0	575	37.9965217391304
A_PA	1353	572	T	0	0	571	37.6532399299475
A_PA	1354	571	T	0	0	570	37.6157894736842
A_PA	1355	568	T	0	0	566	37.5812720848057
A_PA	1356	568	C	0	0	567	37.663139329806
A_PA	1357	567	A	0	0	566	37.0565371024735
A_PA	1358	573	C	0	0	573	37.1448516579407
A_PA	1359	563	A	0	0	562	37.5338078291815
A_PA	1360	567	G	0	0	567	37.1410934744268
A_PA	1361	569	C	0	0	568	37.0774647887324
A_PA	1362	570	G	0	0	568	37.2799295774648
A_PA	1363	572	G	0	0	572	37.3811188811189
A_PA	1364	571	A	0	0	571	37.0332749562172
A_PA	1365	570	A	0	0	569	37.2038664323374
A_PA	1366	572	G	0	0	571	37.3607705779335
A_PA	1367	571	T	0	0	570	36.8140350877193
A_PA	1368	585	G	0	0	567	37.4373897707231
A_PA	1369	583	T	0	0	581	37.197934595525
A_PA	1370	582	C	0	0	573	37.1535776614311
A_PA	1371	591	C	0	0	591	37.2944162436548
A_PA	1372	585	C	0	0	584	37.2996575342466
A_PA	1373	581	A	0	0	581	37.6454388984509
A_PA	1374	597	T	0	0	595	37.3613445378151
A_PA	1375	590	T	0	0	590	37.6033898305085
A_PA	1376	588	G	0	0	588	37.343537414966
A_PA	1377	575	C	0	0	572	37.5996503496503
A_PA	1378	565	A	0	0	565	37.6176991150442
A_PA	1379	567	G	0	0	565	37.4247787610619
A_PA	1380	565	G	0	0	565	37.2247787610619
A_PA	1381	562	G	0	0	562	35.923487544484
A_PA	1382	556	C	0	0	556	36.7122302158273
A_PA	1383	551	C	0	0	549	37.0054644808743
A_PA	1384	562	A	0	0	561	36.777183600713
A_PA	1385	575	C	0	0	575	36.9269565217391
A_PA	1386	576	T	0	0	576	37.6163194444444
A_PA	1387	590	G	0	0	590	37.5135593220339
A_PA	1388	592	A	0	0	592	37.4391891891892
A_PA	1389	601	A	0	0	601	37.2911813643927
A_PA	1390	600	T	0	0	600	37.275
A_PA	1391	600	A	0	0	600	37.28
A_PA	1392	608	C	0	0	608	37.3108552631579
A_PA	1393	588	A	0	0	588	37.4676870748299
A_PA	1394	594	T	0	0	593	37.6441821247892
A_PA	1395	596	A	0	0	595	37.6067226890756
A_PA	1396	596	A	0	0	596	37.6577181208054
A_PA	1397	592	T	0	0	592	37.6199324324324
A_PA	1398	589	G	0	0	588	37.5748299319728
A_PA	1399	590	A	0	0	590	37.5101694915254
A_PA	1400	585	A	0	0	584	37.5941780821918
A_PA	1401	584	A	0	0	583	37.4596912521441
A_PA	1402	579	G	0	0	579	37.1848013816926
A_PA	1403	585	G	0	0	585	36.7709401709402
A_PA	1404	568	A	0	0	568	37.3010563380282
A_PA	1405	578	G	0	0	577	37.4176776429809
A_PA	1406	572	T	0	0	570	36.6333333333333
A_PA	1407	598	G	0	0	598	37.0969899665552
A_PA	1408	600	T	0	0	598	37.0183946488294
A_PA	1409	608	A	0	0	605	37.0826446280992
A_PA	1410	640	C	0	0	639	37.0046948356808
A_PA	1411	635	A	0	0	635	37.1070866141732
A_PA	1412	634	T	0	0	633	37.26224328594
A_PA	1413	630	A	0	0	630	37.2619047619048
A_PA	1414	623	A	0	0	622	37.1945337620579
A_PA	1415	631	A	0	0	631	37.0919175911252
A_PA	1416	628	C	0	0	626	37.2348242811502
A_PA	1417	613	A	0	0	612	37.3496732026144
A_PA	1418	614	C	0	0	614	37.0749185667752
A_PA	1419	587	A	0	0	585	37.3196581196581
A_PA	1420	612	G	0	0	612	36.7761437908497
A_PA	1421	613	C	0	0	612	36.3790849673203
A_PA	1422	610	C	0	0	610	36.4163934426229
A_PA	1423	606	C	0	0	604	36.9586092715232
A_PA	1424	602	T	0	0	601	37.585690515807
A_PA	1425	616	G	0	0	616	37.6022727272727
A_PA	1426	623	T	1	0	621	37.3945249597423
A_PA	1427	628	T	0	0	628	37.5143312101911
A_PA	1428	631	G	0	0	630	37.6825396825397
A_PA	1429	612	A	0	0	611	37.556464811784
A_PA	1430	611	A	0	0	611	37.6252045826514
A_PA	1431	605	T	0	0	605	37.3702479338843
A_PA	1432	604	G	0	0	604	37.3394039735099
A_PA	1433	608	C	0	0	608	37.0246710526316
A_PA	1434	612	G	0	0	611	37.0703764320786
A_PA	1435	611	T	0	0	607	37.0148270181219
A_PA	1436	611	C	0	0	611	36.9443535188216
A_PA	1437	624	A	0	0	624	37.1282051282051
A_PA	1438	622	T	0	0	620	37.6935483870968
A_PA	1439	623	G	0	0	621	37.8518518518519
A_PA	1440	621	T	0	0	618	37.3236245954693
A_PA	1441	621	G	0	0	621	37.1159420289855
A_PA	1442	619	C	0	0	619	37.2213247172859
A_PA	1443	619	A	0	0	618	37.8462783171521
A_PA	1444	635	G	0	0	635	37.459842519685
A_PA	1445	631	C	0	0	630	37.268253968254
A_PA	1446	631	C	0	0	628	37.5111464968153
A_PA	1447	642	A	0	0	641	37.7363494539782
A_PA	1448	635	T	0	0	633	37.8515007898894
A_PA	1449	635	G	0	0	635	37.8472440944882
A_PA	1450	638	G	0	0	638	37.6112852664577
A_PA	1451	645	A	0	0	644	37.8819875776397
A_PA	1452	644	T	0	0	644	37.8354037267081
A_PA	1453	630	G	0	0	630	37.5920634920635
A_PA	1454	634	A	0	0	632	37.6930379746835
A_PA	1455	647	C	0	0	646	37.7368421052632
A_PA	1456	651	T	0	0	651	37.7972350230415
A_PA	1457	649	T	0	0	648	37.7006172839506
A_PA	1458	650	C	0	0	649	37.5608628659476
A_PA	1459	650	C	0	0	649	37.4884437596302
A_PA	1460	651	A	0	0	651	37.8356374807988
A_PA	1461	654	A	0	0	654	38.0993883792049
A_PA	1462	655	C	0	0	653	37.8820826952527
A_PA	1463	648	T	0	0	648	38.1003086419753
A_PA	1464	650	G	0	0	650	37.8784615384615
A_PA	1465	650	A	0	0	650	37.6246153846154
A_PA	1466	658	T	0	0	658	37.8662613981763
A_PA	1467	656	T	0	0	656	37.8673780487805
A_PA	1468	652	C	0	0	649	37.8705701078582
A_PA	1469	653	C	0	0	653	37.8392036753446
A_PA	1470	654	A	0	0	654	37.9449541284404
A_PA	1471	664	A	0	0	664	37.8569277108434
A_PA	1472	666	T	0	0	666	37.7747747747748
A_PA	1473	669	G	0	0	669	37.9641255605381
A_PA	1474	672	A	0	0	672	37.6413690476191
A_PA	1475	669	T	0	0	669	37.9118086696562
A_PA	1476	668	A	0	0	634	37.9526813880126
A_PA	1477	678	A	0	0	678	37.905604719764
A_PA	1478	680	G	0	0	679	37.4815905743741
A_PA	1479	676	C	0	0	676	37.7337278106509
A_PA	1480	671	A	0	0	671	38.0014903129657
A_PA	1481	662	A	0	0	662	37.6691842900302
A_PA	1482	670	G	0	0	655	37.6900763358779
A_PA	1483	676	T	0	0	674	37.0860534124629
A_PA	1484	691	G	0	0	690	37.4811594202899
A_PA	1485	692	C	0	0	691	37.5557163531114
A_PA	1486	684	A	0	0	684	37.7616959064327
A_PA	1487	687	G	0	0	687	37.8675400291121
A_PA	1488	688	A	0	0	676	37.3594674556213
A_PA	1489	690	A	0	0	690	37.7304347826087
A_PA	1490	697	C	0	0	684	37.7602339181287
A_PA	1491	694	C	0	0	692	37.521676300578
A_PA	1492	693	A	0	0	692	37.9609826589595
A_PA	1493	696	A	0	0	695	37.7553956834532
A_PA	1494	691	A	0	0	690	37.5608695652174
A_PA	1495	692	G	0	0	692	37.7890173410405
A_PA	1496	691	A	0	0	691	37.7409551374819
A_PA	1497	685	A	0	0	684	37.827485380117
A_PA	1498	681	G	0	0	681	37.9295154185022
A_PA	1499	680	G	0	0	679	37.7025036818851
A_PA	1500	685	A	0	0	684	37.4619883040936
A_PA	1501	684	A	0	0	683	37.4597364568082
A_PA	1502	687	G	0	0	687	37.1193595342067
A_PA	1503	693	G	0	0	692	36.4335260115607
A_PA	1504	689	C	0	0	689	37.2844702467344
A_PA	1505	688	G	0	0	687	37.254730713246
A_PA	1506	691	G	0	0	677	36.930576070901
A_PA	1507	701	A	0	0	700	37.3985714285714
A_PA	1508	715	A	0	0	714	37.3865546218487
A_PA	1509	714	G	0	0	713	37.3772791023843
A_PA	1510	715	A	0	0	715	37.8223776223776
A_PA	1511	714	C	0	0	713	37.5413744740533
A_PA	1512	710	A	0	0	710	38.087323943662
A_PA	1513	735	A	0	0	734	37.8310626702997
A_PA	1514	733	A	0	0	730	37.5315068493151
A_PA	1515	738	C	0	0	738	37.4552845528455
A_PA	1516	735	C	0	0	735	37.0993197278912
A_PA	1517	729	T	0	0	729	37.5445816186557
A_PA	1518	736	G	0	0	736	37.383152173913
A_PA	1519	743	T	0	0	742	36.7520215633423
A_PA	1520	743	A	0	0	741	37.2348178137652
A_PA	1521	745	C	0	0	730	37.4876712328767
A_PA	1522	742	G	0	0	741	37.2483130904184
A_PA	1523	747	G	0	0	747	36.9384203480589
A_PA	1524	751	G	0	0	751	37.1145139813582
A_PA	1525	740	T	0	0	736	36.3845108695652
A_PA	1526	736	T	0	0	735	36.8285714285714
A_PA	1527	732	C	0	0	732	37.896174863388
A_PA	1528	728	A	0	0	728	38.2184065934066
A_PA	1529	742	T	0	0	742	37.9326145552561
A_PA	1530	744	C	0	0	742	37.9366576819407
A_PA	1531	749	A	0	0	748	38.1430481283422
A_PA	1532	746	T	0	0	746	38.2265415549598
A_PA	1533	744	A	0	0	743	38.1965006729475
A_PA	1534	748	A	0	0	748	38.1898395721925
A_PA	1535	745	A	0	0	745	38.2818791946309
A_PA	1536	739	A	0	0	739	38.1745602165088
A_PA	1537	743	G	0	0	741	37.9284750337382
A_PA	1538	734	G	0	0	734	37.1811989100817
A_PA	1539	729	A	0	0	728	37.9010989010989
A_PA	1540	726	A	0	0	724	38.0469613259668
A_PA	1541	729	G	0	0	729	37.4910836762689
A_PA	1542	732	A	0	0	732	37.7827868852459
A_PA	1543	727	T	0	0	726	37.6570247933884
A_PA	1544	725	C	0	0	725	37.5889655172414
A_PA	1545	719	C	0	0	718	37.7367688022284
A_PA	1546	710	C	0	0	709	37.8843441466855
A_PA	1547	714	A	0	0	714	37.8039215686275
A_PA	1548	715	T	0	0	714	37.7240896358543
A_PA	1549	715	C	0	0	715	37.9776223776224
A_PA	1550	708	T	0	0	708	38.25
A_PA	1551	710	G	0	0	710	38.1169014084507
A_PA	1552	711	A	0	0	710	38.0084507042254
A_PA	1553	714	G	0	0	714	38.0028011204482
A_PA	1554	719	A	0	0	703	37.9587482219061
A_PA	1555	718	A	0	0	718	37.9972144846797
A_PA	1556	715	A	0	0	715	38.0391608391608
A_PA	1557	719	T	0	0	718	37.7520891364902
A_PA	1558	703	G	0	0	702	37.9430199430199
A_PA	1559	707	A	0	0	705	37.0510638297872
A_PA	1560	691	C	0	0	690	37.3159420289855
A_PA	1561	700	A	0	0	695	36.7568345323741
A_PA	1562	701	C	0	0	701	37.2553495007133
A_PA	1563	702	C	0	0	702	36.7037037037037
A_PA	1564	701	G	0	0	701	37.3124108416548
A_PA	1565	709	A	0	0	709	36.4978843441467
A_PA	1566	704	T	0	0	704	36.5411931818182
A_PA	1567	726	G	0	0	725	36.5862068965517
A_PA	1568	735	T	0	0	735	37.0707482993197
A_PA	1569	741	G	0	0	741	37.8609986504723
A_PA	1570	748	G	0	0	748	37.5681818181818
A_PA	1571	739	T	0	0	737	37.4843962008141
A_PA	1572	739	A	0	0	739	37.7483085250338
A_PA	1573	737	A	0	0	737	37.6716417910448
A_PA	1574	740	A	0	0	727	37.2187070151307
A_PA	1575	736	C	0	0	734	37.6662125340599
A_PA	1576	723	T	0	0	722	37.6523545706371
A_PA	1577	727	T	0	0	727	37.5405777166437
A_PA	1578	718	T	0	0	718	37.866295264624
A_PA	1579	717	G	0	0	717	37.7712691771269
A_PA	1580	716	T	0	0	716	37.7709497206704
A_PA	1581	719	G	0	0	718	37.7938718662953
A_PA	1582	717	A	0	0	715	37.834965034965
A_PA	1583	720	G	0	0	720	37.8013888888889
A_PA	1584	710	C	0	0	709	37.6276445698166
A_PA	1585	709	A	0	0	709	37.935119887165
A_PA	1586	710	T	0	0	710	37.8408450704225
A_PA	1587	710	G	0	0	710	37.8957746478873
A_PA	1588	711	G	0	0	710	37.6225352112676
A_PA	1589	713	A	0	0	713	37.8835904628331
A_PA	1590	709	A	0	0	709	37.6953455571227
A_PA	1591	709	T	0	0	709	37.8589562764457
A_PA	1592	709	T	0	0	704	37.453125
A_PA	1593	738	C	0	0	737	36.9199457259159
A_PA	1594	735	T	0	0	735	37.4503401360544
A_PA	1595	744	C	0	0	744	37.5322580645161
A_PA	1596	744	T	0	0	743	37.7039030955585
A_PA	1597	740	C	0	0	739	37.575101488498
A_PA	1598	733	T	0	0	732	37.7117486338798
A_PA	1599	733	T	0	0	731	37.6005471956224
A_PA	1600	733	A	0	0	733	37.5784447476126
A_PA	1601	731	C	0	0	731	37.593707250342
A_PA	1602	704	T	0	0	704	37.7485795454545
A_PA	1603	706	G	0	0	706	37.1883852691218
A_PA	1604	703	A	0	0	703	37.1379800853485
A_PA	1605	694	C	1	0	693	37.002886002886
A_PA	1606	694	C	0	0	693	37.010101010101
A_PA	1607	684	C	0	0	682	37.3636363636364
A_PA	1608	685	G	0	0	684	37.4137426900585
A_PA	1609	687	A	0	0	687	36.7700145560408
A_PA	1610	692	G	0	0	692	36.6329479768786
A_PA	1611	695	G	0	0	667	37.3193403298351
A_PA	1612	691	T	0	0	659	36.7541729893778
A_PA	1613	691	T	0	0	691	37.7149059334298
A_PA	1614	692	G	0	0	691	37.3169319826339
A_PA	1615	708	G	0	0	708	37
A_PA	1616	706	A	0	0	705	36.8624113475177
A_PA	1617	701	G	0	0	699	37.6037195994278
A_PA	1618	701	C	0	0	700	36.5414285714286
A_PA	1619	696	C	0	0	696	36.7298850574713
A_PA	1620	697	A	0	0	695	37.2805755395683
A_PA	1621	694	C	0	0	694	37.7319884726225
A_PA	1622	695	A	0	0	692	37.5361271676301
A_PA	1623	694	C	0	0	694	37.4250720461095
A_PA	1624	688	A	0	0	688	37.656976744186
A_PA	1625	694	A	0	0	693	37.0793650793651
A_PA	1626	696	G	0	0	694	37.814121037464
A_PA	1627	697	T	0	0	696	37.0876436781609
A_PA	1628	697	G	0	0	697	37.6054519368723
A_PA	1629	693	G	0	0	691	37.7163531114327
A_PA	1630	690	G	0	0	689	37.5849056603774
A_PA	1631	697	A	0	0	696	37.6135057471264
A_PA	1632	697	A	0	0	697	37.9340028694405
A_PA	1633	695	A	0	0	695	37.7741007194245
A_PA	1634	685	A	0	0	685	37.7591240875912
A_PA	1635	695	G	0	0	692	37.6950867052023
A_PA	1636	693	T	0	0	690	37.0608695652174
A_PA	1637	694	A	0	0	694	37.5230547550432
A_PA	1638	689	C	0	0	689	37.5239477503628
A_PA	1639	677	T	0	0	677	37.6262924667651
A_PA	1640	682	G	0	0	682	37.5953079178886
A_PA	1641	675	T	0	0	673	37.7369985141159
A_PA	1642	685	G	0	0	685	37.3270072992701
A_PA	1643	682	T	0	0	680	36.9823529411765
A_PA	1644	676	C	0	0	648	36.8966049382716
A_PA	1645	679	C	0	0	677	37.1255539143279
A_PA	1646	673	T	0	0	673	37.4115898959881
A_PA	1647	678	C	0	0	677	37.6750369276219
A_PA	1648	678	G	0	0	678	37.1637168141593
A_PA	1649	686	A	0	0	686	36.7536443148688
A_PA	1650	690	G	0	0	688	37.2281976744186
A_PA	1651	680	A	0	0	680	37.4779411764706
A_PA	1652	684	T	0	0	684	37.0350877192982
A_PA	1653	681	A	0	0	681	37.4977973568282
A_PA	1654	676	G	0	0	674	37.6765578635015
A_PA	1655	676	G	0	0	676	37.396449704142
A_PA	1656	675	A	0	0	672	37.3035714285714
A_PA	1657	674	G	0	0	672	37.7038690476191
A_PA	1658	655	A	0	0	652	37.6226993865031
A_PA	1659	652	C	0	0	652	36.9831288343558
A_PA	1660	653	A	0	0	653	37.7243491577335
A_PA	1661	669	T	0	0	669	37.660687593423
A_PA	1662	668	G	0	0	668	37.501497005988
A_PA	1663	670	C	0	0	666	37.2552552552553
A_PA	1664	662	T	0	0	660	37.7106060606061
A_PA	1665	674	G	0	0	649	36.8258859784284
A_PA	1666	670	C	0	0	667	36.4767616191904
A_PA	1667	670	T	0	0	667	36.9895052473763
A_PA	1668	672	A	0	0	669	37.0717488789238
A_PA	1669	664	C	0	0	663	36.9276018099548
A_PA	1670	651	G	0	0	651	36.2442396313364
A_PA	1671	656	G	0	0	655	36.1664122137405
A_PA	1672	641	A	0	0	639	36.2503912363067
A_PA	1673	647	C	0	0	647	35.9752704791345
A_PA	1674	634	C	0	0	631	36.1014263074485
A_PA	1675	636	G	0	0	636	37.001572327044
A_PA	1676	650	C	0	0	649	36.939907550077
A_PA	1677	649	A	0	0	647	37.3245749613601
A_PA	1678	649	A	0	0	649	37.0138674884438
A_PA	1679	649	T	0	0	649	36.7026194144838
A_PA	1680	634	A	0	0	634	37.7003154574132
A_PA	1681	635	G	0	0	633	37.5418641390205
A_PA	1682	648	G	0	0	648	37.1265432098765
A_PA	1683	650	C	0	0	650	37.08
A_PA	1684	643	C	0	0	642	37.0872274143302
A_PA	1685	629	A	0	0	629	37.5310015898251
A_PA	1686	629	A	0	0	627	37.1052631578947
A_PA	1687	639	G	0	0	639	37.0954616588419
A_PA	1688	646	T	0	0	643	36.8195956454121
A_PA	1689	655	G	0	0	655	37.1496183206107
A_PA	1690	653	T	0	0	650	37.0661538461538
A_PA	1691	649	C	0	0	647	37.0664605873261
A_PA	1692	647	G	0	0	620	37.25
A_PA	1693	648	A	0	0	647	37.0417310664606
A_PA	1694	650	G	0	0	650	36.4907692307692
A_PA	1695	651	G	0	0	649	36.6517719568567
A_PA	1696	651	C	0	0	650	35.9553846153846
A_PA	1697	652	C	0	0	649	36.1140215716487
A_PA	1698	649	C	0	0	649	36.8058551617874
A_PA	1699	655	A	0	0	655	36.969465648855
A_PA	1700	659	T	0	0	659	37.7040971168437
A_PA	1701	672	G	0	0	671	37.4754098360656
A_PA	1702	677	T	0	0	676	37.2366863905325
A_PA	1703	689	T	0	0	689	36.8592162554427
A_PA	1704	688	C	0	0	675	36.9348148148148
A_PA	1705	688	C	0	0	688	37.2747093023256
A_PA	1706	681	T	0	0	680	37.3720588235294
A_PA	1707	728	G	0	0	725	37.3158620689655
A_PA	1708	716	T	0	0	716	36.8798882681564
A_PA	1709	718	A	0	0	717	37.0543933054393
A_PA	1710	717	T	0	0	716	37.409217877095
A_PA	1711	717	G	0	0	717	37.2594142259414
A_PA	1712	704	T	0	0	700	37.3514285714286
A_PA	1713	702	G	0	0	702	37.494301994302
A_PA	1714	692	A	0	0	691	37.3371924746744
A_PA	1715	693	G	0	0	693	37.5526695526696
A_PA	1716	686	G	0	0	684	37.3932748538012
A_PA	1717	684	A	0	0	683	37.4011713030747
A_PA	1718	678	C	0	0	677	36.7562776957164
A_PA	1719	675	C	0	0	672	37.2976190476191
A_PA	1720	666	A	0	0	666	37.4459459459459
A_PA	1721	668	A	0	0	668	37.5359281437126
A_PA	1722	669	T	0	0	668	37.5853293413174
A_PA	1723	669	G	0	0	669	37.7698056801196
A_PA	1724	671	G	0	0	669	37.4693572496263
A_PA	1725	664	G	0	0	663	37.5037707390649
A_PA	1726	664	A	0	0	663	36.921568627451
A_PA	1727	658	C	0	0	657	37.5357686453577
A_PA	1728	653	T	0	0	649	37.5084745762712
A_PA	1729	662	T	0	0	662	37.7930513595166
A_PA	1730	662	C	0	0	662	37.6465256797583
A_PA	1731	663	C	0	0	661	37.5627836611195
A_PA	1732	663	A	0	0	662	37.7356495468278
A_PA	1733	664	A	0	0	664	37.5346385542169
A_PA	1734	664	G	0	0	664	37.9382530120482
A_PA	1735	666	A	0	0	666	37.545045045045
A_PA	1736	664	T	0	0	662	37.1737160120846
A_PA	1737	663	C	0	0	663	37.7405731523379
A_PA	1738	662	A	0	0	662	37.9652567975831
A_PA	1739	665	A	0	0	664	37.5978915662651
A_PA	1740	668	G	0	0	666	37.8933933933934
A_PA	1741	671	A	0	0	671	37.7287630402384
A_PA	1742	671	T	0	0	670	37.8179104477612
A_PA	1743	680	G	0	0	679	37.620029455081
A_PA	1744	666	A	0	0	665	37.8390977443609
A_PA	1745	669	A	0	0	668	37.6107784431138
A_PA	1746	665	A	0	0	663	37.8476621417798
A_PA	1747	667	T	0	0	667	37.0974512743628
A_PA	1748	662	G	0	0	662	37.3398791540786
A_PA	1749	675	G	0	0	675	37.3451851851852
A_PA	1750	674	G	0	0	673	37.2496285289747
A_PA	1751	677	G	0	0	677	36.6809453471196
A_PA	1752	673	C	0	0	672	36.6116071428571
A_PA	1753	672	A	0	0	672	36.96875
A_PA	1754	669	T	0	0	667	37.7961019490255
A_PA	1755	671	G	0	0	670	37.8507462686567
A_PA	1756	699	G	0	0	699	37.549356223176
A_PA	1757	716	A	0	0	716	37.6340782122905
A_PA	1758	711	A	0	0	708	37.5621468926554
A_PA	1759	711	A	0	0	711	37.7088607594937
A_PA	1760	708	T	0	0	708	37.5960451977401
A_PA	1761	705	G	0	0	705	37.4524822695035
A_PA	1762	710	A	0	0	707	37.3762376237624
A_PA	1763	710	G	0	0	710	37.0478873239437
A_PA	1764	710	G	0	0	710	36.943661971831
A_PA	1765	685	C	0	0	685	36.629197080292
A_PA	1766	685	G	0	0	685	37.1868613138686
A_PA	1767	689	A	0	0	688	37.0247093023256
A_PA	1768	690	T	0	0	689	37.088534107402
A_PA	1769	699	G	0	0	699	36.7997138769671
A_PA	1770	698	C	0	0	697	36.4878048780488
A_PA	1771	709	C	0	0	709	37.262341325811
A_PA	1772	710	T	0	0	707	37.5728429985856
A_PA	1773	714	T	0	0	712	37.4845505617978
A_PA	1774	730	C	0	0	730	37.5808219178082
A_PA	1775	729	T	0	0	729	37.5829903978052
A_PA	1776	729	T	0	0	728	37.7760989010989
A_PA	1777	728	C	0	0	727	37.5887207702889
A_PA	1778	713	A	0	0	712	37.9283707865169
A_PA	1779	713	A	0	0	711	37.4753867791842
A_PA	1780	713	T	0	0	711	36.8495077355837
A_PA	1781	716	C	0	0	716	36.8812849162011
A_PA	1782	711	C	0	0	709	37.1593794076164
A_PA	1783	700	C	0	0	700	37.2742857142857
A_PA	1784	707	T	0	0	703	37.1166429587482
A_PA	1785	706	C	0	0	705	37.4042553191489
A_PA	1786	708	C	0	0	707	37.3818953323904
A_PA	1787	711	A	0	0	711	38.0857946554149
A_PA	1788	714	A	0	0	713	37.875175315568
A_PA	1789	724	C	0	0	724	37.8867403314917
A_PA	1790	723	A	0	0	723	37.7192254495159
A_PA	1791	722	A	0	0	720	37.525
A_PA	1792	722	A	0	0	722	37.7299168975069
A_PA	1793	716	T	0	0	714	37.5112044817927
A_PA	1794	714	T	0	0	714	37.6274509803922
A_PA	1795	713	G	0	0	713	37.8499298737728
A_PA	1796	710	A	0	0	709	37.8377997179126
A_PA	1797	715	G	0	0	715	37.7888111888112
A_PA	1798	709	A	0	0	708	37.524011299435
A_PA	1799	712	G	0	0	712	37.8202247191011
A_PA	1800	705	C	0	0	705	37.6141843971631
A_PA	1801	704	A	0	0	702	37.8233618233618
A_PA	1802	699	T	0	0	699	37.8812589413448
A_PA	1803	709	G	0	0	709	37.7912552891396
A_PA	1804	722	A	0	0	722	37.7659279778393
A_PA	1805	721	T	0	0	721	37.49653259362
A_PA	1806	720	T	0	0	720	37.6833333333333
A_PA	1807	719	G	0	0	719	37.5299026425591
A_PA	1808	711	A	1	0	709	37.098730606488
A_PA	1809	728	G	0	0	728	37.0425824175824
A_PA	1810	741	G	0	0	741	36.7139001349528
A_PA	1811	739	C	0	0	737	36.2740841248304
A_PA	1812	727	C	0	0	727	36.5557083906465
A_PA	1813	724	G	0	0	721	37.2343966712899
A_PA	1814	718	A	0	0	718	37.08356545961
A_PA	1815	724	G	0	0	724	36.9116022099448
A_PA	1816	718	T	0	0	714	37.0098039215686
A_PA	1817	717	C	0	0	717	36.765690376569
A_PA	1818	716	C	0	0	687	37.4774381368268
A_PA	1819	728	T	0	0	727	37.3191196698762
A_PA	1820	743	C	0	0	742	37.3827493261456
A_PA	1821	748	T	0	0	748	38
A_PA	1822	782	G	0	0	782	37.7736572890026
A_PA	1823	775	T	0	0	775	37.6541935483871
A_PA	1824	772	C	0	0	771	37.5343709468223
A_PA	1825	772	A	0	0	772	37.7888601036269
A_PA	1826	776	A	0	0	776	37.5979381443299
A_PA	1827	771	A	0	0	771	37.3891050583658
A_PA	1828	776	G	0	0	775	37.4
A_PA	1829	771	A	1	0	771	37.3411154345007
A_PA	1830	772	G	1	0	771	37.3333333333333
A_PA	1831	750	A	1	0	750	37.624
A_PA	1832	747	A	0	0	746	37.7412868632708
A_PA	1833	753	G	0	0	729	37.5692729766804
A_PA	1834	753	G	0	0	752	37.4827127659574
A_PA	1835	754	A	0	0	747	37.6064257028112
A_PA	1836	756	C	0	0	754	37.6007957559682
A_PA	1837	737	A	0	0	735	37.8925170068027
A_PA	1838	737	T	0	0	736	37.8247282608696
A_PA	1839	735	G	0	0	735	37.4857142857143
A_PA	1840	735	A	0	0	731	37.218878248974
A_PA	1841	739	C	0	0	735	37.2149659863946
A_PA	1842	731	C	0	0	729	37.7640603566529
A_PA	1843	727	A	0	0	726	38.0165289256198
A_PA	1844	727	A	0	0	727	37.9339752407153
A_PA	1845	726	A	0	0	725	38.0386206896552
A_PA	1846	726	G	0	0	725	37.9848275862069
A_PA	1847	724	A	0	0	722	37.9335180055402
A_PA	1848	721	A	0	0	720	37.7666666666667
A_PA	1849	719	T	0	0	718	37.2743732590529
A_PA	1850	714	T	0	0	713	37.859747545582
A_PA	1851	710	C	0	0	710	37.7887323943662
A_PA	1852	702	T	0	0	698	37.9183381088825
A_PA	1853	703	T	0	0	702	37.9273504273504
A_PA	1854	696	T	0	0	695	38.0820143884892
A_PA	1855	693	G	0	0	691	38.0578871201158
A_PA	1856	690	A	0	0	689	37.7271407837446
A_PA	1857	690	A	0	0	671	37.903129657228
A_PA	1858	675	A	0	0	674	37.9287833827893
A_PA	1859	676	A	0	0	674	37.7418397626113
A_PA	1860	672	C	0	0	672	37.8809523809524
A_PA	1861	671	A	0	0	670	37.3537313432836
A_PA	1862	671	A	0	0	670	37.0805970149254
A_PA	1863	673	A	0	0	671	36.9090909090909
A_PA	1864	678	T	0	0	675	36.1451851851852
A_PA	1865	678	C	0	0	676	37.3565088757396
A_PA	1866	678	G	0	0	677	37.6440177252585
A_PA	1867	677	G	0	0	677	37.4623338257016
A_PA	1868	677	A	0	0	677	37.3485967503693
A_PA	1869	674	A	0	0	655	37.4030534351145
A_PA	1870	673	A	0	0	670	37.2582089552239
A_PA	1871	675	C	0	0	673	37.8216939078752
A_PA	1872	667	A	0	0	666	37.5960960960961
A_PA	1873	665	T	0	0	664	37.3463855421687
A_PA	1874	666	G	0	0	665	37.5609022556391
A_PA	1875	670	G	0	0	669	37.0702541106129
A_PA	1876	678	C	0	0	676	36.7914201183432
A_PA	1877	679	C	0	0	678	37.3790560471976
A_PA	1878	679	A	0	0	678	37.5678466076696
A_PA	1879	686	A	0	0	685	37.436496350365
A_PA	1880	685	T	0	0	683	37.5505124450952
A_PA	1881	687	T	0	0	685	37.8773722627737
A_PA	1882	686	G	0	0	685	37.7605839416058
A_PA	1883	693	G	0	0	692	37.6011560693642
A_PA	1884	690	A	0	0	689	37.0914368650218
A_PA	1885	692	G	0	0	690	37.368115942029
A_PA	1886	686	A	0	0	686	37.8090379008746
A_PA	1887	685	A	0	0	684	37.4956140350877
A_PA	1888	681	T	0	0	681	37.1248164464023
A_PA	1889	675	C	0	0	674	36.3086053412463
A_PA	1890	687	A	0	0	679	35.740795287187
A_PA	1891	687	C	0	0	685	36.5313868613139
A_PA	1892	687	C	0	0	687	36.9112081513828
A_PA	1893	682	C	0	0	681	37.2584434654919
A_PA	1894	678	A	0	0	675	37.3496296296296
A_PA	1895	677	A	0	0	676	37.2233727810651
A_PA	1896	673	A	0	0	669	36.5186846038864
A_PA	1897	683	G	0	0	682	36.7111436950147
A_PA	1898	687	G	0	0	686	36.5451895043732
A_PA	1899	670	G	0	0	669	36.8520179372197
A_PA	1900	675	G	0	0	674	36.973293768546
A_PA	1901	696	T	0	0	692	36.7254335260116
A_PA	1902	695	G	0	0	694	36.5259365994236
A_PA	1903	701	G	0	0	698	36.7893982808023
A_PA	1904	698	A	0	0	698	37.1131805157593
A_PA	1905	703	G	0	0	703	36.5504978662873
A_PA	1906	695	G	0	0	694	36.7377521613833
A_PA	1907	662	A	0	0	660	36.8121212121212
A_PA	1908	656	G	1	0	632	36.1819620253165
A_PA	1909	653	G	0	0	653	35.9877488514548
A_PA	1910	653	G	0	0	653	36.5267993874426
A_PA	1911	655	C	0	0	654	36.6345565749236
A_PA	1912	643	T	0	0	643	37.2970451010886
A_PA	1913	658	C	0	0	657	36.6255707762557
A_PA	1914	660	C	0	0	658	36.9772036474164
A_PA	1915	662	A	0	0	661	37.3298033282905
A_PA	1916	674	T	0	0	674	37.3145400593472
A_PA	1917	670	T	0	0	670	37.555223880597
A_PA	1918	676	G	0	0	676	37.5665680473373
A_PA	1919	674	G	0	0	674	37.3175074183976
A_PA	1920	669	A	0	0	668	37.1452095808383
A_PA	1921	676	A	0	0	675	37.2133333333333
A_PA	1922	645	A	0	0	643	37.3763608087092
A_PA	1923	647	G	0	0	646	36.5526315789474
A_PA	1924	651	G	0	0	651	37.3087557603687
A_PA	1925	619	T	0	0	614	36.9657980456026
A_PA	1926	635	G	0	0	635	37.2283464566929
A_PA	1927	634	T	0	0	632	37.1091772151899
A_PA	1928	635	G	0	0	634	36.7476340694006
A_PA	1929	635	C	0	0	635	37.1984251968504
A_PA	1930	633	A	0	0	633	37.5481832543444
A_PA	1931	639	G	0	0	639	37.4366197183099
A_PA	1932	640	G	0	0	638	37.4263322884013
A_PA	1933	635	A	0	0	634	37.2334384858044
A_PA	1934	640	C	0	0	633	37.4470774091627
A_PA	1935	615	A	0	0	614	37.7247557003257
A_PA	1936	617	T	0	0	616	37.625
A_PA	1937	615	T	0	0	615	37.9252032520325
A_PA	1938	614	G	0	0	609	37.6436781609195
A_PA	1939	614	C	0	0	613	37.7014681892333
A_PA	1940	603	T	0	0	603	37.9800995024876
A_PA	1941	597	A	0	0	596	37.9731543624161
A_PA	1942	598	G	0	0	597	37.9899497487437
A_PA	1943	603	C	0	0	603	37.7860696517413
A_PA	1944	627	A	0	0	626	38.0191693290735
A_PA	1945	626	A	0	0	626	37.926517571885
A_PA	1946	632	A	0	0	632	37.748417721519
A_PA	1947	637	G	0	0	619	37.7964458804523
A_PA	1948	634	T	0	0	634	37.4574132492114
A_PA	1949	634	C	0	0	633	37.3586097946288
A_PA	1950	630	T	0	0	628	37.75
A_PA	1951	652	G	0	0	651	37.6728110599078
A_PA	1952	655	T	0	0	654	37.5275229357798
A_PA	1953	661	A	0	0	661	37.4886535552194
A_PA	1954	657	T	0	0	654	37.6880733944954
A_PA	1955	646	T	0	0	646	37.4860681114551
A_PA	1956	647	C	0	0	644	37.4658385093168
A_PA	1957	640	A	0	0	640	37.8265625
A_PA	1958	640	A	0	0	640	37.7484375
A_PA	1959	634	C	0	0	634	37.6766561514196
A_PA	1960	607	A	0	0	607	37.6902800658979
A_PA	1961	643	G	0	0	643	37.3841368584759
A_PA	1962	638	T	0	0	622	37.2154340836013
A_PA	1963	651	C	0	0	650	37.0523076923077
A_PA	1964	651	T	0	0	651	37.3041474654378
A_PA	1965	652	A	0	0	635	36.7748031496063
A_PA	1966	652	T	0	0	648	36.5
A_PA	1967	658	A	0	0	658	36.436170212766
A_PA	1968	656	C	0	0	639	36.6009389671362
A_PA	1969	655	G	0	0	654	36.9556574923547
A_PA	1970	628	C	0	0	628	36.8980891719745
A_PA	1971	602	T	0	0	585	36.7948717948718
A_PA	1972	585	T	0	0	585	37.3042735042735
A_PA	1973	576	C	0	0	576	36.9149305555556
A_PA	1974	578	T	0	0	576	37.5798611111111
A_PA	1975	581	C	0	0	581	37.0774526678141
A_PA	1976	581	C	0	0	581	37.0464716006885
A_PA	1977	574	A	0	0	573	37.7242582897033
A_PA	1978	574	C	0	0	574	37.9337979094077
A_PA	1979	574	A	0	0	573	37.3787085514834
A_PA	1980	578	A	0	0	578	37.4930795847751
A_PA	1981	576	C	0	0	576	36.8020833333333
A_PA	1982	569	T	0	0	568	36.6954225352113
A_PA	1983	566	C	0	0	566	37.5918727915194
A_PA	1984	562	G	0	0	562	37.7135231316726
A_PA	1985	563	A	0	0	562	37.8149466192171
A_PA	1986	563	G	0	0	563	37.7548845470693
A_PA	1987	562	G	1	0	562	37.5818505338078
A_PA	1988	563	G	1	0	563	37.6749555950266
A_PA	1989	564	A	1	0	558	37.5232974910394
A_PA	1990	563	T	1	0	562	37.2953736654804
A_PA	1991	561	T	1	0	561	37.2442067736185
A_PA	1992	561	T	1	0	560	37.3446428571429
A_PA	1993	562	T	1	0	562	37.0355871886121
A_PA	1994	567	C	1	0	567	37.2486772486772
A_PA	1995	567	G	1	0	565	37.4088495575221
A_PA	1996	567	G	1	0	567	37.3068783068783
A_PA	1997	567	C	1	0	566	37.256183745583
A_PA	1998	566	T	1	0	555	37.9027027027027
A_PA	1999	570	G	0	0	570	37.8105263157895
A_PA	2000	571	A	0	0	571	38.3590192644483
A_PA	2001	573	A	0	0	573	38.151832460733
A_PA	2002	572	T	0	0	572	38.013986013986
A_PA	2003	570	C	0	0	570	38.180701754386
A_PA	2004	570	A	0	0	569	38.0492091388401
A_PA	2005	571	A	0	0	571	38.2854640980736
A_PA	2006	573	G	0	0	573	38.0977312390925
A_PA	2007	580	A	0	0	580	37.8913793103448
A_PA	2008	577	A	0	0	577	38.0987868284229
A_PA	2009	578	A	0	0	578	38.2162629757785
A_PA	2010	576	A	0	0	567	38.0476190476191
A_PA	2011	584	T	0	0	584	37.4503424657534
A_PA	2012	578	T	0	0	577	38.0467937608319
A_PA	2013	580	G	0	0	580	37.9086206896552
A_PA	2014	582	C	0	0	582	37.4364261168385
A_PA	2015	576	T	0	0	576	37.8854166666667
A_PA	2016	578	C	0	0	563	37.7158081705151
A_PA	2017	586	C	0	0	585	37.8854700854701
A_PA	2018	593	T	0	0	592	37.5760135135135
A_PA	2019	600	C	0	0	599	37.7896494156928
A_PA	2020	615	A	0	0	615	37.9674796747967
A_PA	2021	621	T	0	0	621	37.6940418679549
A_PA	2022	621	T	0	0	621	37.8276972624799
A_PA	2023	626	G	0	0	626	37.8690095846645
A_PA	2024	626	T	0	0	626	38.073482428115
A_PA	2025	623	T	0	0	623	37.8170144462279
A_PA	2026	620	C	0	0	619	37.7576736672052
A_PA	2027	604	A	0	0	604	38.0546357615894
A_PA	2028	605	G	0	0	603	37.9601990049751
A_PA	2029	605	G	0	0	604	37.5811258278146
A_PA	2030	603	C	0	0	603	37.1708126036484
A_PA	2031	602	A	0	0	596	36.9127516778523
A_PA	2032	612	C	0	0	612	37.4166666666667
A_PA	2033	600	T	0	0	599	37.7095158597663
A_PA	2034	600	T	0	0	599	37.8464106844741
A_PA	2035	600	A	0	0	600	37.9633333333333
A_PA	2036	599	G	0	0	596	37.751677852349
A_PA	2037	603	G	0	0	602	37.687707641196
A_PA	2038	604	G	0	0	603	37.7495854063018
A_PA	2039	602	A	0	0	601	36.7437603993344
A_PA	2040	599	C	0	0	599	36.9415692821369
A_PA	2041	585	A	0	0	585	37.4905982905983
A_PA	2042	589	A	0	0	588	37.3418367346939
A_PA	2043	592	C	0	0	592	37.4222972972973
A_PA	2044	592	C	0	0	591	37.7089678510998
A_PA	2045	593	T	0	0	589	37.9864176570458
A_PA	2046	593	G	0	0	591	37.5465313028765
A_PA	2047	596	G	0	0	595	37.3983193277311
A_PA	2048	596	A	0	0	596	37.3473154362416
A_PA	2049	601	A	0	0	597	36.8592964824121
A_PA	2050	629	C	0	0	628	36.531847133758
A_PA	2051	601	C	0	0	601	37.1480865224626
A_PA	2052	594	T	0	0	594	37.6060606060606
A_PA	2053	594	G	0	0	591	37.6125211505922
A_PA	2054	594	G	0	0	593	37.1838111298482
A_PA	2055	595	G	0	0	593	36.9460370994941
A_PA	2056	593	A	0	0	591	36.8206429780034
A_PA	2057	594	C	0	0	594	36.3872053872054
A_PA	2058	582	C	0	0	579	36.4490500863558
A_PA	2059	579	T	0	0	578	37.9325259515571
A_PA	2060	593	T	0	0	590	36.9576271186441
A_PA	2061	594	C	0	0	594	37.7087542087542
A_PA	2062	594	G	0	0	594	37.8299663299663
A_PA	2063	598	A	0	0	598	37.5785953177257
A_PA	2064	595	T	0	0	595	37.4638655462185
A_PA	2065	592	C	0	0	585	37.5811965811966
A_PA	2066	592	T	0	0	591	37.1032148900169
A_PA	2067	592	T	0	0	590	37.1983050847458
A_PA	2068	590	G	2	0	589	36.9405772495756
A_PA	2069	592	G	0	0	591	36.9576988155668
A_PA	2070	592	G	0	0	576	36.9583333333333
A_PA	2071	601	G	0	0	601	37.4841930116473
A_PA	2072	589	G	0	0	585	37.1641025641026
A_PA	2073	588	G	0	0	587	37.0715502555366
A_PA	2074	585	C	0	0	581	36.8864027538726
A_PA	2075	580	T	0	0	579	37.7443868739206
A_PA	2076	612	A	0	0	609	37.6420361247947
A_PA	2077	613	T	0	0	613	37.8384991843393
A_PA	2078	615	A	0	0	613	38.0065252854812
A_PA	2079	615	T	0	0	615	37.809756097561
A_PA	2080	601	G	0	0	598	37.9030100334448
A_PA	2081	601	A	1	0	601	37.6356073211314
A_PA	2082	595	A	0	0	592	37.4358108108108
A_PA	2083	595	G	0	0	593	37.3642495784148
A_PA	2084	595	C	0	0	595	37.5126050420168
A_PA	2085	570	A	0	0	570	37.7
A_PA	2086	575	A	0	0	575	37.5860869565217
A_PA	2087	574	T	0	0	573	37.7190226876091
A_PA	2088	573	T	0	0	572	37.8916083916084
A_PA	2089	574	G	0	0	574	37.5522648083624
A_PA	2090	572	A	0	0	568	37.2676056338028
A_PA	2091	572	G	0	0	572	37.1503496503497
A_PA	2092	571	G	0	0	571	37.2994746059545
A_PA	2093	560	A	0	0	558	37.4749103942652
A_PA	2094	560	G	0	0	560	37.3
A_PA	2095	508	T	0	0	508	37.4783464566929
A_PA	2096	508	G	0	0	507	37.3471400394477
A_PA	2097	506	C	0	0	504	37.3273809523809
A_PA	2098	504	C	0	0	504	37.6428571428571
A_PA	2099	504	T	0	0	503	37.7196819085487
A_PA	2100	504	G	0	0	502	37.6613545816733
A_PA	2101	503	A	0	0	499	37.5130260521042
A_PA	2102	502	T	0	0	501	36.8582834331337
A_PA	2103	492	T	0	0	490	37.5122448979592
A_PA	2104	491	A	0	0	491	37.3116089613035
A_PA	2105	491	A	0	0	490	37.1367346938775
A_PA	2106	489	C	0	0	488	36.8586065573771
A_PA	2107	483	G	0	0	482	36.6058091286307
A_PA	2108	481	A	0	0	481	36.7609147609148
A_PA	2109	473	T	0	0	471	36.4649681528662
A_PA	2110	472	C	0	0	472	36.9258474576271
A_PA	2111	472	C	0	0	472	36.7860169491525
A_PA	2112	470	C	0	0	469	37.5778251599147
A_PA	2113	470	T	0	0	470	36.7148936170213
A_PA	2114	470	G	0	0	469	36.8059701492537
A_PA	2115	470	G	0	0	470	36.5170212765957
A_PA	2116	470	G	0	0	470	37.4170212765957
A_PA	2117	463	T	1	0	463	37.8941684665227
A_PA	2118	451	T	0	0	451	37.7317073170732
A_PA	2119	451	T	0	0	451	37.8514412416851
A_PA	2120	451	T	0	0	451	37.8625277161862
A_PA	2121	451	G	0	0	450	37.9
A_PA	2122	451	C	0	0	450	37.5266666666667
A_PA	2123	450	T	0	0	448	37.8125
A_PA	2124	450	T	0	0	450	37.9222222222222
A_PA	2125	441	A	0	0	441	37.2335600907029
A_PA	2126	441	A	0	0	441	36.9614512471655
A_PA	2127	440	T	0	0	439	36.9817767653759
A_PA	2128	439	G	0	0	438	36.7100456621005
A_PA	2129	436	C	0	0	436	36.6330275229358
A_PA	2130	420	G	0	0	413	37.8305084745763
A_PA	2131	419	T	0	0	417	37.5587529976019
A_PA	2132	419	C	0	0	419	37.5059665871122
A_PA	2133	419	T	0	0	418	37.4665071770335
A_PA	2134	418	T	0	0	418	37.5215311004785
A_PA	2135	413	G	0	0	412	37.2378640776699
A_PA	2136	412	G	0	0	411	37.5012165450122
A_PA	2137	411	T	0	0	410	38.0292682926829
A_PA	2138	411	T	0	0	410	37.4756097560976
A_PA	2139	408	C	0	0	405	37.7407407407407
A_PA	2140	402	A	0	0	401	37.643391521197
A_PA	2141	402	A	0	0	400	37.2475
A_PA	2142	402	C	0	0	401	37.2718204488778
A_PA	2143	401	T	0	0	399	37.0501253132832
A_PA	2144	400	C	0	0	399	36.4937343358396
A_PA	2145	386	C	0	0	386	37.3238341968912
A_PA	2146	385	T	1	0	385	37.4155844155844
A_PA	2147	386	T	0	0	386	37.0673575129534
A_PA	2148	386	C	0	0	386	37.0829015544041
A_PA	2149	383	C	0	0	383	37.5169712793734
A_PA	2150	382	T	0	0	380	37.2526315789474
A_PA	2151	380	C	0	0	379	37.1635883905013
A_PA	2152	377	A	0	0	376	36.4281914893617
A_PA	2153	376	C	0	0	376	37.2313829787234
A_PA	2154	374	A	0	0	373	36.4664879356568
A_PA	2155	373	C	0	0	372	37.3602150537634
A_PA	2156	369	A	0	0	369	37.7642276422764
A_PA	2157	358	T	0	0	357	37.2885154061625
A_PA	2158	353	G	0	0	353	37.4107648725212
A_PA	2159	353	C	0	0	353	37.1133144475921
A_PA	2160	351	A	0	0	349	37.1375358166189
A_PA	2161	351	C	0	0	351	37.2478632478633
A_PA	2162	337	T	0	0	337	37.4955489614243
A_PA	2163	337	G	0	0	337	37.4777448071217
A_PA	2164	333	A	0	0	333	37.3693693693694
A_PA	2165	333	A	0	0	332	37.4427710843374
A_PA	2166	332	A	0	0	330	37.2
A_PA	2167	329	T	0	0	329	37.0455927051672
A_PA	2168	313	A	0	0	313	37.0575079872204
A_PA	2169	312	G	0	0	312	36.6826923076923
A_PA	2170	298	T	0	0	295	37.335593220339
A_PA	2171	278	T	0	0	278	37.5827338129496
A_PA	2172	269	G	0	0	269	37.7434944237918
A_PA	2173	256	T	0	0	256	37.9375
A_PA	2174	256	G	0	0	256	37.6171875
A_PA	2175	256	G	0	0	256	37.08984375
A_PA	2176	255	C	0	0	254	37.3976377952756
A_PA	2177	252	A	0	0	252	37.9246031746032
A_PA	2178	248	A	0	0	248	38.008064516129
A_PA	2179	248	T	0	0	248	37.7540322580645
A_PA	2180	248	G	0	0	247	37.6234817813765
A_PA	2181	247	C	0	0	247	37.5141700404858
A_PA	2182	244	T	0	0	244	37.4959016393443
A_PA	2183	244	A	0	0	244	36.8811475409836
A_PA	2184	244	C	0	0	244	37.4713114754098
A_PA	2185	243	T	0	0	243	37.3045267489712
A_PA	2186	243	A	0	0	243	37.1646090534979
A_PA	2187	234	T	0	0	234	37.0726495726496
A_PA	2188	233	T	0	0	233	37.824034334764
A_PA	2189	230	T	0	0	229	36.82096069869
A_PA	2190	227	G	0	0	227	36.6211453744493
A_PA	2191	226	C	0	0	226	35.5929203539823
A_PA	2192	218	T	0	0	218	37.2110091743119
A_PA	2193	218	A	0	0	218	36.3807339449541
A_PA	2194	218	T	0	0	218	36.605504587156
A_PA	2195	217	C	0	0	217	36.5852534562212
A_PA	2196	214	C	0	0	214	36.1401869158879
A_PA	2197	207	A	0	0	207	36.2125603864734
A_PA	2198	207	T	0	0	204	35.4754901960784
A_PA	2199	202	A	0	0	200	35.285
A_PA	2200	202	C	0	0	202	34.6138613861386
A_PA	2201	145	T	0	0	145	36.5103448275862
A_PA	2202	138	G	0	0	138	36.4275362318841
A_PA	2203	131	T	0	0	131	36.7709923664122
A_PA	2204	130	C	0	0	130	35.8846153846154
A_PA	2205	128	C	0	0	128	35.8359375
A_PA	2206	123	A	0	0	123	35.609756097561
A_PA	2207	123	A	0	0	123	35.9593495934959
A_PA	2208	123	A	0	0	123	35.9674796747967
A_PA	2209	123	A	0	0	123	35.8780487804878
A_PA	2210	123	A	0	0	123	35.609756097561
A_PA	2211	74	A	0	0	74	36.7162162162162
A_PA	2212	73	G	0	0	70	36.4
A_PA	2213	73	T	0	0	73	35.2739726027397
A_PA	2214	72	A	0	0	72	34.5
A_PA	2215	72	C	0	0	72	33.4027777777778
A_PA	2216	70	C	0	0	70	35.3714285714286
A_PA	2217	69	T	0	0	68	32.8235294117647
A_PA	2218	66	T	0	0	66	35.469696969697
A_PA	2219	66	G	0	0	66	35.4848484848485
A_PA	2220	65	T	0	0	65	35.8307692307692
A_PA	2221	65	T	0	0	65	35.5076923076923
A_PA	2222	64	T	0	0	64	32.65625
A_PA	2223	59	C	0	0	59	32.0847457627119
A_PA	2224	59	T	0	0	59	31.7627118644068
A_PA	2225	59	A	0	0	59	32.8474576271186
A_PA	2226	59	C	0	0	59	31.6101694915254
