Reference_Name	Position	Total	Consensus_Allele	Minority_Allele	Consensus_Count	Minority_Count	Consensus_Frequency	Minority_Frequency	Consensus_Average_Quality	Minority_Average_Quality	ConfidenceNotMacErr	PairedUB	QualityUB	Phase
A_PA	135	130	C	T	121	9	0.930769230769231	0.0692307692307692	37.5289256198347	38.2222222222222	0.997824903043818	0.0465998937886635	0.0451434009391339	1
A_PA	186	172	G	A	165	7	0.959302325581395	0.0406976744186047	37.3151515151515	35	0.992229832035015	0.035913667737889	0.0348857130205186	1
A_PA	188	171	G	A	164	7	0.95906432748538	0.0409356725146199	37.1524390243902	35	0.99227500743016	0.0361083966787232	0.0350805021566903	1
A_PA	258	238	G	A	228	10	0.957983193277311	0.0420168067226891	37.4210526315789	37.5	0.995767695004107	0.02662142764559	0.0252257280322762	1
A_PA	285	240	G	A	232	8	0.966666666666667	0.0333333333333333	36.3793103448276	37.25	0.994349052731531	0.0264183136330198	0.0250509294055005	1
A_PA	297	234	C	T	226	8	0.965811965811966	0.0341880341880342	37.2433628318584	37.75	0.995089498246991	0.0270378896541909	0.0256153595580975	1
A_PA	315	234	G	A	223	11	0.952991452991453	0.047008547008547	36.3766816143498	37.2727272727273	0.996013879300461	0.0270378896541909	0.02566759927196	1
A_PA	324	241	G	A	230	11	0.954356846473029	0.045643153526971	37.2826086956522	38.2727272727273	0.996738993757702	0.0263179992687867	0.024844655822062	1
A_PA	360	231	A	G	219	12	0.948051948051948	0.051948051948052	37.5251141552511	38.75	0.997432971243086	0.0273595343964139	0.0258441847050708	1
A_PA	372	238	C	T	224	14	0.941176470588235	0.0588235294117647	38.1741071428571	38.0714285714286	0.997349632702345	0.02662142764559	0.0251669227170423	1
A_PA	381	236	A	G	222	14	0.940677966101695	0.0593220338983051	37.8153153153153	37.7142857142857	0.997146647706079	0.0268279245136046	0.0254091908278237	1
A_PA	384	232	A	G	217	14	0.935344827586207	0.0603448275862069	37.926267281106	35.1428571428571	0.994929226232628	0.0272514113857509	0.0261967005249033	1
A_PA	423	234	T	C	217	16	0.927350427350427	0.0683760683760684	37.9400921658986	38	0.997682093706026	0.0270378896541909	0.0255901681889693	1
A_PA	453	261	C	T	245	15	0.938697318007663	0.0574712643678161	37.7959183673469	36.8	0.996364624732314	0.0244705618114377	0.0231595354831977	1
A_PA	474	256	A	G	242	14	0.9453125	0.0546875	37.5289256198347	36.5714285714286	0.995973116434309	0.0249058031398056	0.0236245734330931	1
A_PA	510	254	T	C	240	14	0.94488188976378	0.0551181102362205	37.55	35.7142857142857	0.99513282334285	0.0250846176686276	0.0239312249106367	1
A_PA	528	256	A	G	244	12	0.953125	0.046875	37.2827868852459	35.9166666666667	0.99453749242033	0.0249058031398056	0.0237200811033956	1
A_PA	537	264	C	T	251	13	0.950757575757576	0.0492424242424242	36.4701195219124	37.8461538461538	0.996665388911798	0.0242172028331687	0.0227865404801324	1
A_PA	586	263	T	C	255	8	0.96958174904943	0.0304182509505703	37.4274509803922	36.25	0.992204108942637	0.0243010240395204	0.0230654582029873	1
A_PA	672	266	C	T	238	28	0.894736842105263	0.105263157894737	36.4201680672269	36.25	0.997747194979621	0.0240514206368689	0.0228160963842238	1
A_PA	740	292	A	G	276	16	0.945205479452055	0.0547945205479452	36.481884057971	38	0.997107569923758	0.0220998210957345	0.0206562434104963	1
A_PA	747	308	G	A	299	9	0.970779220779221	0.0292207792207792	36.7591973244147	36.3333333333333	0.992038867103519	0.0210602206067506	0.0198169355069605	1
A_PA	779	318	G	A	308	10	0.968553459119497	0.0314465408805031	36.4285714285714	38.6	0.995610378038563	0.0204628181518548	0.018966903630764	1
A_PA	780	331	C	T	321	10	0.969788519637462	0.0302114803625378	36.6666666666667	38.9	0.995735893983896	0.0197393813780918	0.0182201057507479	1
A_PA	837	379	A	G	369	10	0.973614775725594	0.0263852242744063	36.8292682926829	38	0.993993254800572	0.0174924611433878	0.0160594241731783	1
A_PA	846	378	T	C	368	10	0.973544973544973	0.0264550264550265	37.4972826086956	38.5	0.994660608081326	0.0175335323350534	0.016053912091978	1
A_PA	867	381	A	G	370	11	0.971128608923885	0.0288713910761155	37.5459459459459	37.2727272727273	0.993509777835365	0.0174109562891013	0.0160557786810697	1
A_PA	917	360	A	G	350	10	0.972222222222222	0.0277777777777778	36.8857142857143	36.1	0.991163047903534	0.0183112500940196	0.0171083452216896	1
A_PA	940	364	A	G	355	8	0.975274725274725	0.021978021978022	37.5239436619718	38.25	0.99319212776477	0.0181318736379042	0.0166729317101522	1
A_PA	942	364	C	T	355	9	0.975274725274725	0.0247252747252747	38.1605633802817	38.6666666666667	0.994502158596891	0.0181318736379042	0.0166360036456893	1
A_PA	1014	370	A	C	355	15	0.959459459459459	0.0405405405405405	37.9154929577465	35.9333333333333	0.993708167800179	0.0178699772926151	0.0166938562100729	1
A_PA	1023	375	C	T	362	13	0.965333333333333	0.0346666666666667	37.2624309392265	38.4615384615385	0.995889126912588	0.0176580411593802	0.016181400736053	1
A_PA	1077	435	A	G	413	22	0.949425287356322	0.0505747126436782	37.8668280871671	37.1363636363636	0.996176771873681	0.0154899136399777	0.0141583311039915	1
A_PA	1095	433	C	T	415	18	0.958429561200924	0.0415704387990762	37.889156626506	36.6666666666667	0.994817387662312	0.0155526361617405	0.01427968447988	1
A_PA	1110	454	C	T	447	7	0.984581497797357	0.0154185022026432	37.3154362416107	35.2857142857143	0.980796234934419	0.0149212280044667	0.0138643782982537	3
A_PA	1114	465	T	C	446	19	0.959139784946237	0.0408602150537634	37.390134529148	38.2105263157895	0.996304725370066	0.014612933867147	0.013172181495786	1
A_PA	1173	505	A	G	483	22	0.956435643564356	0.0435643564356436	37.6045548654244	36.5	0.994861117386468	0.0136035409473338	0.0123633151678011	1
A_PA	1177	500	G	A	485	15	0.97	0.03	37.0886597938144	37.5333333333333	0.994117723811268	0.0137210089585392	0.012353865592466	1
A_PA	1188	516	G	A	493	23	0.955426356589147	0.0445736434108527	37.1602434077079	36.0869565217391	0.994476349220995	0.0133530088840328	0.0121733948210866	1
A_PA	1194	534	G	A	512	22	0.958801498127341	0.0411985018726592	36.97265625	36.2272727272727	0.994213828478053	0.0129649914421935	0.0117672852226697	1
A_PA	1215	490	A	G	470	19	0.959183673469388	0.0387755102040816	37.5446808510638	37.2105263157895	0.99509781329841	0.0139630298966005	0.0126307665023601	1
A_PA	1232	537	G	A	525	12	0.977653631284916	0.0223463687150838	37.4990476190476	36.3333333333333	0.989589784824488	0.0129028137552857	0.0116903588456178	2
A_PA	1254	593	T	C	565	27	0.952782462057336	0.045531197301855	37.8353982300885	38.037037037037	0.996548664127004	0.0118560073685111	0.0104512962659282	1
A_PA	1299	619	A	G	590	29	0.953150242326333	0.0468497576736672	37.7033898305085	37.9655172413793	0.996590105621055	0.0114334381410985	0.0100396588381857	1
A_PA	1316	618	C	T	607	11	0.982200647249191	0.0177993527508091	37.3097199341021	37.9090909090909	0.990907429040584	0.0114490435811267	0.0100606910594227	4
A_PA	1350	589	C	T	570	19	0.967741935483871	0.032258064516129	37.8140350877193	38.6842105263158	0.99580298384193	0.0119242764092001	0.0104606001485147	1
A_PA	1368	585	G	A	567	18	0.969230769230769	0.0307692307692308	37.4373897707231	37.4444444444444	0.994146186032914	0.011993464446896	0.0106488539355913	1
A_PA	1476	668	A	G	634	34	0.949101796407186	0.0508982035928144	37.9526813880126	37.0882352941176	0.996158737239074	0.0107251300676518	0.00943363369496673	5
A_PA	1482	670	G	A	655	15	0.977611940298508	0.0223880597014925	37.6900763358779	37.5333333333333	0.992117749907099	0.0106983851421874	0.00935675481862907	1
A_PA	1488	688	A	G	676	12	0.982558139534884	0.0174418604651163	37.3594674556213	32.4166666666667	0.967134478681719	0.0104645632832898	0.010131807357421	6
A_PA	1490	697	C	A	684	12	0.981348637015782	0.0172166427546628	37.7602339181287	38.1666666666667	0.991140996660769	0.0103521061865413	0.00895079203617176	7
A_PA	1506	691	G	A	677	14	0.979739507959479	0.020260492040521	36.930576070901	37.7857142857143	0.991781764481635	0.010426757620336	0.00906177736825118	1
A_PA	1521	745	C	T	730	15	0.979865771812081	0.0201342281879195	37.4876712328767	36.2666666666667	0.988267289708915	0.0097974700463622	0.00862355563681378	1
A_PA	1554	719	A	G	703	16	0.977746870653686	0.0222531293463143	37.9587482219061	37.8125	0.99256366565713	0.0100888655692319	0.00872529968279387	1
A_PA	1574	740	A	C	727	11	0.982432432432432	0.0148648648648649	37.2187070151307	37.7272727272727	0.988646970617425	0.00985194522275666	0.00850015089972968	2
A_PA	1611	695	G	A	667	28	0.959712230215827	0.0402877697841727	37.3193403298351	36.4285714285714	0.994351025290636	0.0103768492128559	0.00917352317376999	1
A_PA	1612	691	T	C	659	28	0.953690303907381	0.040520984081042	36.7541729893778	36.3928571428571	0.994337159860935	0.010426757620336	0.00922779322446972	1
A_PA	1644	676	C	T	648	28	0.958579881656805	0.0414201183431953	36.8966049382716	36	0.993935588472498	0.0106190841926562	0.00947478314419834	1
A_PA	1665	674	G	A	649	24	0.962908011869436	0.0356083086053412	36.8258859784284	36.875	0.994233017217366	0.0106453635795144	0.00938069146011426	1
A_PA	1692	647	G	A	620	27	0.958268933539413	0.0417310664605873	37.25	37.0740740740741	0.995299618491107	0.0110157662468523	0.00972289693107698	1
A_PA	1704	688	C	A	675	13	0.981104651162791	0.0188953488372093	36.9348148148148	37.0769230769231	0.989625843907226	0.0104645632832898	0.0091773105455129	8
A_PA	1818	716	C	T	687	27	0.959497206703911	0.0377094972067039	37.4774381368268	37.0740740740741	0.994798341328643	0.0101238257626886	0.00884093543986524	1
A_PA	1833	753	G	A	729	24	0.968127490039841	0.0318725099601594	37.5692729766804	37.25	0.994090050981726	0.00971178796082708	0.00841366078285628	1
A_PA	1857	690	A	G	671	19	0.972463768115942	0.027536231884058	37.903129657228	35.8947368421053	0.990654085457833	0.0104393235985458	0.00931294893282552	1
A_PA	1869	674	A	G	655	19	0.971810089020771	0.0281899109792285	37.4030534351145	34.4210526315789	0.987182567694312	0.0106453635795144	0.00978427294709787	1
A_PA	1908	657	G	A	632	24	0.961948249619482	0.0365296803652968	36.1819620253165	33.2916666666667	0.98717115785869	0.0108750890056523	0.010282509531267	1
A_PA	1947	637	G	A	619	18	0.971742543171115	0.0282574568288854	37.7964458804523	37.3888888888889	0.993543784199597	0.0111607872912199	0.00983010709287645	1
A_PA	1962	638	T	C	622	15	0.974921630094044	0.0235109717868339	37.2154340836013	37.6666666666667	0.992721150279632	0.0111460839401207	0.0097855100963577	1
A_PA	1965	652	A	G	635	17	0.973926380368098	0.0260736196319018	36.7748031496063	35.7647058823529	0.989829832958515	0.0109448970461702	0.00983376720345048	9
A_PA	1968	656	C	T	639	17	0.974085365853659	0.0259146341463415	36.6009389671362	37.8235294117647	0.993630549353834	0.0108889668766375	0.009514928435766	1
A_PA	1971	602	T	A	585	17	0.971760797342193	0.0282392026578073	36.7948717948718	35.6470588235294	0.9903519024135	0.0117056679643242	0.0106067748863131	1
A_PA	1998	567	T	G	555	11	0.978835978835979	0.0194003527336861	37.9027027027027	36.7272727272727	0.989048764936415	0.0123167004229173	0.0110552649630353	1
A_PA	2010	576	A	G	567	9	0.984375	0.015625	38.0476190476191	38.4444444444444	0.99084337286916	0.0121525959809842	0.0107075608967151	1
A_PA	2016	578	C	T	563	15	0.974048442906574	0.0259515570934256	37.7158081705151	37.2	0.992657624700115	0.0121168117738833	0.0107988931387252	1
A_PA	2070	592	G	A	576	15	0.972972972972973	0.0253378378378378	36.9583333333333	36.8	0.991754244603563	0.0118729894833884	0.0106058717044142	1
A_PA	2130	420	G	A	413	7	0.983333333333333	0.0166666666666667	37.8305084745763	38.4285714285714	0.991384229788227	0.0159746801660858	0.0145073365340521	1
