Reference_Name	Position	Total	Consensus_Allele	Minority_Allele	Consensus_Count	Minority_Count	Consensus_Frequency	Minority_Frequency	Consensus_Average_Quality	Minority_Average_Quality	ConfidenceNotMacErr	PairedUB	QualityUB	Phase
A_PB1	167	155	C	T	139	16	0.896774193548387	0.103225806451613	38.1151079136691	38.875	0.99874480351178	0.0390900797430376	0.0380378344448127	1
A_PB1	203	180	C	T	165	15	0.916666666666667	0.0833333333333333	36.8545454545455	38.3333333333333	0.998238640878854	0.0339641136052878	0.0329541973333673	1
A_PB1	221	187	C	T	165	21	0.882352941176471	0.112299465240642	37.6	38.4761904761905	0.998735254146658	0.032769681119193	0.0317464354488858	1
A_PB1	242	201	A	T	176	25	0.875621890547264	0.124378109452736	37.4545454545455	36.92	0.998365984963207	0.0306258199680948	0.0297651668365439	1
A_PB1	254	199	A	G	178	21	0.894472361809045	0.105527638190955	36.8089887640449	37.5238095238095	0.998324081753728	0.0309139617552506	0.0299830061114698	1
A_PB1	278	204	C	T	179	25	0.877450980392157	0.122549019607843	37.3631284916201	38.4	0.998820521147071	0.0302040070113922	0.0291863745109512	1
A_PB1	431	185	G	A	158	27	0.854054054054054	0.145945945945946	36.8354430379747	37.6666666666667	0.998827423199	0.0331019068552524	0.0321565366383402	1
A_PB1	499	200	C	A	192	8	0.96	0.04	37.2395833333333	35.75	0.993348187350503	0.0307691839223392	0.0300756217142151	2
A_PB1	515	214	C	T	180	33	0.841121495327103	0.154205607476636	37.0111111111111	37.1515151515151	0.998750465308097	0.0288818804194642	0.027992707525828	1
A_PB1	521	251	C	T	205	46	0.816733067729084	0.183266932270916	37.0926829268293	35.5	0.998462143226636	0.0248920790860954	0.0242405157782118	1
A_PB1	668	252	C	T	216	35	0.857142857142857	0.138888888888889	36.9259259259259	36.4571428571429	0.998372135655876	0.0248002563256837	0.02400038680992	1
A_PB1	716	266	G	A	240	26	0.902255639097744	0.0977443609022556	37.9	35.6923076923077	0.997241471219521	0.0235861477270264	0.0229025717820359	1
A_PB1	755	225	G	A	212	13	0.942222222222222	0.0577777777777778	37.0471698113208	35.6153846153846	0.995249922403295	0.0275609970531531	0.0268894547318982	3
A_PB1	857	207	G	A	190	17	0.917874396135266	0.0821256038647343	37.6894736842105	38.1764705882353	0.998147004497358	0.0297941995567731	0.0287968850472253	1
A_PB1	893	200	C	T	185	15	0.925	0.075	37.3621621621622	37.2	0.997459385709382	0.0307691839223392	0.0298747288754073	1
A_PB1	938	209	T	C	187	22	0.894736842105263	0.105263157894737	37.1336898395722	37.2272727272727	0.998201144275533	0.0295274132816638	0.0286294619496858	1
A_PB1	971	205	G	T	179	26	0.873170731707317	0.126829268292683	37.8324022346369	36.3461538461538	0.998171204567133	0.030066096166332	0.0292817746447835	1
A_PB1	1100	195	A	G	164	31	0.841025641025641	0.158974358974359	37.6036585365854	36.1612903225806	0.998477547031676	0.0315076391391092	0.0307504189715722	1
A_PB1	1187	177	T	C	153	24	0.864406779661017	0.135593220338983	36.437908496732	34.75	0.997529629886211	0.0345043372292327	0.0339934837362336	1
A_PB1	1283	204	C	T	170	34	0.833333333333333	0.166666666666667	37.0882352941176	37.8235294117647	0.999009628100749	0.0302040070113922	0.0292413047558488	1
A_PB1	1382	201	A	G	169	31	0.840796019900497	0.154228855721393	37.7869822485207	37.1290322580645	0.998744169178037	0.0306258199680948	0.0297396997860751	1
A_PB1	1389	208	A	G	182	26	0.875	0.125	37.4175824175824	36	0.997990490854792	0.0296601766857586	0.0289269556990797	1
A_PB1	1463	300	G	A	255	44	0.85	0.146666666666667	37.1333333333333	37.8181818181818	0.99887319076828	0.0211029960790672	0.0201418318125213	1
A_PB1	1478	302	G	A	255	47	0.844370860927152	0.155629139072848	36.7843137254902	37.0851063829787	0.998742817153433	0.0209741017092255	0.0200945893805301	1
A_PB1	1512	308	C	G	294	14	0.954545454545455	0.0454545454545455	37.5578231292517	36.1428571428571	0.994652670246554	0.020597324622023	0.0198447341720767	4
A_PB1	1556	326	T	C	281	45	0.861963190184049	0.138036809815951	37.6548042704626	37.2222222222222	0.998626644838479	0.0195491163718911	0.0186545395384268	1
A_PB1	1668	332	T	C	297	35	0.894578313253012	0.105421686746988	38.03367003367	37.8	0.998425763276373	0.0192246415247551	0.0182669984677937	1
A_PB1	1694	378	G	A	334	44	0.883597883597884	0.116402116402116	36.5419161676647	37.75	0.998557754729886	0.0170751442632783	0.0161256145365019	1
A_PB1	1709	376	G	A	337	39	0.896276595744681	0.103723404255319	37.3412462908012	38.5897435897436	0.998666021349794	0.0171577986337884	0.0161286293982741	1
A_PB1	1742	380	T	C	333	47	0.876315789473684	0.123684210526316	38.1741741741742	37.8723404255319	0.998680371470523	0.0169933490643941	0.0160314224172397	1
A_PB1	1778	408	G	A	384	24	0.941176470588235	0.0588235294117647	37.375	37.0833333333333	0.996672518971471	0.0159314186318532	0.0150586995867369	5
A_PB1	1832	721	T	C	683	38	0.947295423023578	0.0527045769764216	37.701317715959	36.3947368421053	0.995648109253936	0.00963006566908507	0.00887063874761136	1
A_PB1	1835	717	C	T	680	37	0.94839609483961	0.0516039051603905	37.7029411764706	37.1081081081081	0.996228565055054	0.00967624145128662	0.00882535895497368	1
A_PB1	1856	832	A	G	786	46	0.944711538461538	0.0552884615384615	37.7468193384224	36.3478260869565	0.995806439760714	0.00852362093121231	0.00777892920027644	1
A_PB1	1871	865	T	C	816	49	0.943352601156069	0.0566473988439306	37.8676470588235	38.3469387755102	0.997416989629117	0.00824872200943616	0.00728251587864681	1
A_PB1	1937	1031	T	C	974	57	0.944713870029098	0.055286129970902	37.8347022587269	37.1052631578947	0.996477447343604	0.00712922063608463	0.00630310433159732	1
A_PB1	1970	1034	C	T	973	60	0.94100580270793	0.058027079303675	37.1901336073998	38.0333333333333	0.997289583983299	0.00711224514880286	0.00618875874254496	1
A_PB1	2060	1023	G	A	971	52	0.949169110459433	0.050830889540567	37.9062821833162	37.6538461538462	0.996623337344858	0.00717496706995354	0.00628818812943803	1
A_PB1	2122	949	C	T	912	37	0.961011591148577	0.0389884088514226	37.9879385964912	37.2432432432432	0.995161172234015	0.00763404887305787	0.00678594298461473	6
A_PB1	2153	841	C	T	778	63	0.925089179548157	0.074910820451843	37.7943444730077	36.3015873015873	0.996871784121092	0.00844654031224713	0.00770892659970422	1
A_PB1	2207	646	T	C	621	25	0.961300309597523	0.0386996904024768	37.3011272141707	37.88	0.995789899051659	0.0105896938652251	0.00964884769810311	1
A_PB1	2283	328	C	A	302	26	0.920731707317073	0.0792682926829268	36.4801324503311	37.4230769230769	0.997716543180583	0.019439656710084	0.0185222096256274	7
