Reference_Name	Position	Coverage Depth	Consensus	Deletions	Ambiguous	Consensus_Count	Consensus_Average_Quality
A_PB2	1	15	C	0	0	15	36.0666666666667
A_PB2	2	15	A	0	0	15	34.8666666666667
A_PB2	3	21	A	0	0	21	35.1428571428571
A_PB2	4	22	A	0	0	22	34.4545454545455
A_PB2	5	22	T	0	0	22	35.4090909090909
A_PB2	6	24	A	0	0	24	35.375
A_PB2	7	24	T	0	0	24	35.9583333333333
A_PB2	8	31	A	0	0	31	34.1612903225806
A_PB2	9	31	T	0	0	31	35.741935483871
A_PB2	10	31	T	0	0	31	34.6129032258064
A_PB2	11	33	C	0	0	33	36
A_PB2	12	35	A	0	0	34	35.3529411764706
A_PB2	13	38	A	0	0	38	36.2631578947368
A_PB2	14	38	T	0	0	38	36.1578947368421
A_PB2	15	38	A	0	0	38	36.4473684210526
A_PB2	16	38	T	0	0	38	36.2631578947368
A_PB2	17	39	G	0	0	39	37.1025641025641
A_PB2	18	39	G	0	0	39	36.2820512820513
A_PB2	19	39	A	0	0	39	34.8974358974359
A_PB2	20	40	G	0	0	40	35.675
A_PB2	21	40	A	0	0	40	36.425
A_PB2	22	42	G	0	0	42	35.1190476190476
A_PB2	23	42	A	0	0	42	34.7380952380952
A_PB2	24	42	A	0	0	42	36.2142857142857
A_PB2	25	42	T	0	0	42	37.8333333333333
A_PB2	26	42	A	0	0	42	37.3333333333333
A_PB2	27	42	A	0	0	42	36.8571428571429
A_PB2	28	42	A	0	0	42	37.1428571428571
A_PB2	29	42	A	0	0	42	37.0952380952381
A_PB2	30	44	G	0	0	44	36.4090909090909
A_PB2	31	45	A	0	0	45	35.5777777777778
A_PB2	32	45	A	0	0	45	37.5777777777778
A_PB2	33	45	C	0	0	41	36.7073170731707
A_PB2	34	45	T	0	0	45	37.7111111111111
A_PB2	35	45	A	0	0	45	37.9333333333333
A_PB2	36	45	A	0	0	45	37.4222222222222
A_PB2	37	45	G	0	0	45	36.3555555555556
A_PB2	38	46	A	0	0	46	36.9782608695652
A_PB2	39	46	G	0	0	46	36.3260869565217
A_PB2	40	46	A	0	0	46	37.9130434782609
A_PB2	41	46	C	0	0	42	37.6904761904762
A_PB2	42	46	T	0	0	42	36.8809523809524
A_PB2	43	46	T	0	0	46	38.304347826087
A_PB2	44	46	G	0	0	42	37.2142857142857
A_PB2	45	47	A	0	0	47	38.1063829787234
A_PB2	46	47	T	0	0	47	37.4468085106383
A_PB2	47	47	G	0	0	47	37.7659574468085
A_PB2	48	48	T	0	0	48	35.8541666666667
A_PB2	49	48	C	0	0	48	36.8541666666667
A_PB2	50	48	G	0	0	48	35.9791666666667
A_PB2	51	48	C	0	0	48	36.2916666666667
A_PB2	52	48	A	0	0	48	35.4791666666667
A_PB2	53	53	G	0	0	53	34.811320754717
A_PB2	54	53	T	0	0	52	34.4807692307692
A_PB2	55	53	C	0	0	53	36.4339622641509
A_PB2	56	53	C	0	0	49	36.4081632653061
A_PB2	57	53	C	0	0	51	36.3137254901961
A_PB2	58	54	G	0	0	53	35.5094339622642
A_PB2	59	54	C	0	0	54	36.5185185185185
A_PB2	60	54	A	0	0	54	35.4814814814815
A_PB2	61	54	C	0	0	54	35.9259259259259
A_PB2	62	54	T	0	0	54	35.5740740740741
A_PB2	63	55	C	0	0	55	36.7272727272727
A_PB2	64	55	G	0	0	55	35.6909090909091
A_PB2	65	56	C	0	0	56	34.9821428571429
A_PB2	66	56	G	0	0	56	35.1428571428571
A_PB2	67	56	A	0	0	55	35.5454545454545
A_PB2	68	56	G	0	0	56	36
A_PB2	69	61	A	0	0	61	35.1475409836066
A_PB2	70	61	T	0	0	61	34.7213114754098
A_PB2	71	61	A	0	0	61	37.0327868852459
A_PB2	72	61	C	0	0	61	37.8524590163934
A_PB2	73	61	T	0	0	61	37.1147540983607
A_PB2	74	61	G	0	0	56	37
A_PB2	75	61	A	0	0	61	38
A_PB2	76	61	C	0	0	61	37.2786885245902
A_PB2	77	61	A	0	0	61	38.0327868852459
A_PB2	78	61	A	0	0	61	38.1475409836066
A_PB2	79	62	A	0	0	62	37.5645161290323
A_PB2	80	62	A	0	0	62	37.4677419354839
A_PB2	81	62	A	0	0	62	37.3870967741936
A_PB2	82	63	C	0	0	63	36.3968253968254
A_PB2	83	63	C	0	0	63	35.6349206349206
A_PB2	84	65	A	0	0	65	37.3384615384615
A_PB2	85	66	C	0	0	66	36.5757575757576
A_PB2	86	66	T	0	0	66	37.3636363636364
A_PB2	87	68	G	0	0	68	37.1911764705882
A_PB2	88	68	T	0	0	68	37.2058823529412
A_PB2	89	72	G	0	0	72	36.9444444444444
A_PB2	90	72	G	0	0	72	35.6388888888889
A_PB2	91	72	A	0	0	70	36.5857142857143
A_PB2	92	81	C	0	0	81	36.5185185185185
A_PB2	93	82	C	0	0	82	36.4268292682927
A_PB2	94	82	A	0	0	82	35.9268292682927
A_PB2	95	82	T	0	0	82	37.1341463414634
A_PB2	96	82	A	0	0	82	37.0975609756098
A_PB2	97	82	T	0	0	81	37.5679012345679
A_PB2	98	83	G	0	0	83	37.0963855421687
A_PB2	99	84	G	0	0	84	36.3452380952381
A_PB2	100	84	C	0	0	82	36.109756097561
A_PB2	101	84	C	0	0	84	35.9880952380952
A_PB2	102	85	A	0	0	84	36.7976190476191
A_PB2	103	89	T	0	0	89	36.6966292134831
A_PB2	104	89	A	0	0	89	36.9213483146067
A_PB2	105	90	A	0	0	90	36.4
A_PB2	106	90	T	0	0	90	37.1222222222222
A_PB2	107	92	A	0	0	87	36.0114942528736
A_PB2	108	93	A	0	0	93	36.7741935483871
A_PB2	109	93	A	0	0	92	37.7391304347826
A_PB2	110	93	G	0	0	88	37.5681818181818
A_PB2	111	94	A	0	0	93	36.8387096774194
A_PB2	112	94	A	0	0	94	37.0212765957447
A_PB2	113	95	A	0	0	95	37.1368421052632
A_PB2	114	95	T	0	0	94	37.6063829787234
A_PB2	115	94	A	0	0	94	37.6702127659574
A_PB2	116	94	C	0	0	90	37.2444444444444
A_PB2	117	94	A	0	0	94	37.6914893617021
A_PB2	118	100	C	0	0	100	37.54
A_PB2	119	101	G	0	0	96	35.90625
A_PB2	120	101	T	0	0	100	36.63
A_PB2	121	102	C	0	0	102	36.3823529411765
A_PB2	122	102	A	0	0	98	35.9591836734694
A_PB2	123	105	G	0	0	105	36.152380952381
A_PB2	124	105	G	0	0	105	35.7238095238095
A_PB2	125	105	A	0	0	104	36.8365384615385
A_PB2	126	106	A	0	0	106	37.188679245283
A_PB2	127	107	G	0	0	107	36.4672897196262
A_PB2	128	107	A	0	0	107	37.1401869158879
A_PB2	129	107	C	0	0	107	37.588785046729
A_PB2	130	107	A	0	0	107	37.3551401869159
A_PB2	131	116	G	0	0	112	37.3035714285714
A_PB2	132	117	G	0	0	117	36.2136752136752
A_PB2	133	117	A	0	0	117	36.7606837606838
A_PB2	134	117	G	0	0	116	35.1206896551724
A_PB2	135	117	A	0	0	117	36.2820512820513
A_PB2	136	117	A	0	0	117	36.5213675213675
A_PB2	137	117	G	0	0	117	36.8803418803419
A_PB2	138	116	A	0	0	116	37.0172413793103
A_PB2	139	117	A	0	0	116	38.1034482758621
A_PB2	140	112	C	0	0	111	36.8468468468468
A_PB2	141	112	C	0	0	112	36.125
A_PB2	142	111	C	0	0	111	36.2702702702703
A_PB2	143	111	T	0	0	110	37.3818181818182
A_PB2	144	115	G	0	0	114	37.5964912280702
A_PB2	145	115	C	0	0	114	37.1140350877193
A_PB2	146	116	C	0	0	116	37.1120689655172
A_PB2	147	114	C	0	0	113	37.1946902654867
A_PB2	148	114	T	0	0	114	37.1929824561403
A_PB2	149	114	C	0	0	114	37.2017543859649
A_PB2	150	114	A	0	0	114	37.5
A_PB2	151	120	G	0	0	120	37.2333333333333
A_PB2	152	117	G	0	0	117	37.008547008547
A_PB2	153	117	A	0	0	117	37.2649572649573
A_PB2	154	114	T	0	0	114	37.780701754386
A_PB2	155	114	G	0	0	114	37.7280701754386
A_PB2	156	117	A	0	0	117	37.4358974358974
A_PB2	157	116	A	0	0	116	38.1293103448276
A_PB2	158	118	A	0	0	115	37.5739130434783
A_PB2	159	115	T	0	0	115	37.5565217391304
A_PB2	160	116	G	0	0	115	37.0869565217391
A_PB2	161	116	G	0	0	116	37.4137931034483
A_PB2	162	114	A	0	0	113	36.6902654867257
A_PB2	163	113	T	0	0	113	37.5840707964602
A_PB2	164	109	G	0	0	109	37.6238532110092
A_PB2	165	109	A	0	0	109	37.8715596330275
A_PB2	166	109	T	0	0	109	37.8440366972477
A_PB2	167	110	G	0	0	109	38.0183486238532
A_PB2	168	111	G	0	0	111	37.3423423423423
A_PB2	169	112	C	0	0	112	37.6071428571429
A_PB2	170	111	A	0	0	111	37.4414414414414
A_PB2	171	110	A	0	0	110	38.1545454545455
A_PB2	172	110	T	0	0	110	38.0181818181818
A_PB2	173	112	G	0	0	112	38.1160714285714
A_PB2	174	112	A	0	0	112	37.8035714285714
A_PB2	175	112	A	0	0	112	38.0357142857143
A_PB2	176	112	A	0	0	112	38.0535714285714
A_PB2	177	113	T	0	0	112	36.9821428571429
A_PB2	178	114	A	0	0	114	37.640350877193
A_PB2	179	116	T	0	0	116	37.1379310344828
A_PB2	180	115	C	0	0	115	37.9130434782609
A_PB2	181	116	C	0	0	116	37.7155172413793
A_PB2	182	116	G	0	0	116	37.3362068965517
A_PB2	183	117	A	0	0	117	37.1111111111111
A_PB2	184	117	T	0	0	116	37.1293103448276
A_PB2	185	117	T	0	0	116	36.8189655172414
A_PB2	186	119	A	0	0	119	37.0672268907563
A_PB2	187	119	C	0	0	118	38.0593220338983
A_PB2	188	119	A	0	0	118	38.0762711864407
A_PB2	189	118	G	0	0	118	37.9491525423729
A_PB2	190	120	C	0	0	118	37.9745762711864
A_PB2	191	120	A	0	0	120	37.5083333333333
A_PB2	192	121	G	0	0	121	37.5619834710744
A_PB2	193	122	A	0	0	120	37.85
A_PB2	194	124	C	0	0	124	37.9354838709677
A_PB2	195	124	A	0	0	124	38.2258064516129
A_PB2	196	123	A	0	0	121	38.1074380165289
A_PB2	197	123	A	0	0	122	37.9098360655738
A_PB2	198	123	A	0	0	122	38.2213114754098
A_PB2	199	129	G	0	0	129	37.906976744186
A_PB2	200	131	A	0	0	131	37.0763358778626
A_PB2	201	131	A	0	0	131	37.5267175572519
A_PB2	202	131	T	0	0	130	37.9846153846154
A_PB2	203	131	A	0	0	130	37.9307692307692
A_PB2	204	132	A	0	0	132	37.8333333333333
A_PB2	205	132	T	0	0	131	38.0687022900763
A_PB2	206	133	G	0	0	133	38.1052631578947
A_PB2	207	136	G	0	0	136	37.6323529411765
A_PB2	208	135	A	0	0	135	38.0740740740741
A_PB2	209	134	A	0	0	130	38.1384615384615
A_PB2	210	134	A	0	0	134	37.6194029850746
A_PB2	211	135	T	0	0	135	37.837037037037
A_PB2	212	135	G	0	0	135	37.762962962963
A_PB2	213	134	A	0	0	134	38.0597014925373
A_PB2	214	134	T	0	0	133	38.0451127819549
A_PB2	215	136	C	0	0	133	38.0751879699248
A_PB2	216	137	C	0	0	137	37.7810218978102
A_PB2	217	133	C	0	0	133	37.8872180451128
A_PB2	218	135	T	0	0	134	38.2835820895522
A_PB2	219	137	G	0	0	137	37.8394160583942
A_PB2	220	137	A	0	0	137	37.9416058394161
A_PB2	221	138	G	0	0	138	38.2753623188406
A_PB2	222	138	A	0	0	138	38.2101449275362
A_PB2	223	138	G	0	0	138	37.9347826086956
A_PB2	224	138	A	0	0	137	37.3503649635037
A_PB2	225	138	A	0	0	138	38.195652173913
A_PB2	226	138	A	0	0	138	38.2101449275362
A_PB2	227	139	C	0	0	138	38.1739130434783
A_PB2	228	139	G	0	0	139	37.589928057554
A_PB2	229	139	A	0	0	139	37.7194244604317
A_PB2	230	139	G	0	0	139	37.8776978417266
A_PB2	231	139	C	0	0	139	37.6402877697842
A_PB2	232	139	A	0	0	139	37.4964028776978
A_PB2	233	141	A	0	0	141	37.5035460992908
A_PB2	234	146	G	0	0	146	37.4383561643836
A_PB2	235	154	G	0	0	154	36.9675324675325
A_PB2	236	153	T	0	0	151	36.9072847682119
A_PB2	237	151	C	0	0	151	36.9271523178808
A_PB2	238	151	A	0	0	151	37.5761589403973
A_PB2	239	151	A	0	0	151	37.6092715231788
A_PB2	240	151	A	0	0	150	37.6333333333333
A_PB2	241	151	C	0	0	151	37.6092715231788
A_PB2	242	149	A	0	0	147	37.8707482993197
A_PB2	243	150	C	0	0	150	37.7533333333333
A_PB2	244	144	T	0	0	142	37.5915492957746
A_PB2	245	144	C	0	0	144	37.5486111111111
A_PB2	246	144	T	0	0	144	37.875
A_PB2	247	144	G	0	0	144	37.6875
A_PB2	248	144	G	0	0	144	37.6875
A_PB2	249	143	A	0	0	143	37.7342657342657
A_PB2	250	143	G	0	0	143	37.8601398601399
A_PB2	251	143	C	0	0	142	38.0985915492958
A_PB2	252	142	A	0	0	142	38.1760563380282
A_PB2	253	143	A	0	0	143	38.1468531468531
A_PB2	254	141	A	0	0	141	37.936170212766
A_PB2	255	141	A	0	0	141	38.0354609929078
A_PB2	256	139	C	0	0	139	38.5323741007194
A_PB2	257	139	A	0	0	139	38.1294964028777
A_PB2	258	140	A	0	0	140	37.7142857142857
A_PB2	259	139	A	0	0	138	38.1086956521739
A_PB2	260	139	T	0	0	138	38.2101449275362
A_PB2	261	139	G	0	0	139	38.3453237410072
A_PB2	262	139	A	0	0	139	37.6187050359712
A_PB2	263	139	T	0	0	137	37.963503649635
A_PB2	264	139	G	0	0	139	37.8705035971223
A_PB2	265	140	C	0	0	139	37.8561151079137
A_PB2	266	140	T	0	0	140	38.2
A_PB2	267	141	G	0	0	141	38.0141843971631
A_PB2	268	142	G	0	0	142	37.6056338028169
A_PB2	269	141	A	0	0	141	37.9432624113475
A_PB2	270	141	T	0	0	140	37.85
A_PB2	271	139	C	0	0	139	37.6834532374101
A_PB2	272	139	A	0	0	137	38.1459854014599
A_PB2	273	141	G	0	0	141	37.9078014184397
A_PB2	274	138	A	0	0	138	37.7028985507246
A_PB2	275	139	C	0	0	139	37.6834532374101
A_PB2	276	133	A	0	0	132	37.9242424242424
A_PB2	277	139	G	0	0	139	37.7122302158273
A_PB2	278	138	A	0	0	137	37.5985401459854
A_PB2	279	142	G	0	0	142	37.8239436619718
A_PB2	280	141	T	0	0	141	36.6170212765957
A_PB2	281	141	G	0	0	141	37.1914893617021
A_PB2	282	135	A	0	0	135	37.5703703703704
A_PB2	283	135	T	0	0	134	37.7985074626866
A_PB2	284	136	G	0	0	136	37.7132352941176
A_PB2	285	136	G	0	0	136	37.7058823529412
A_PB2	286	133	T	0	0	133	36.5112781954887
A_PB2	287	133	G	0	0	130	37.1
A_PB2	288	132	T	0	0	132	37.1742424242424
A_PB2	289	132	C	0	0	132	37.469696969697
A_PB2	290	135	G	0	0	133	37.2706766917293
A_PB2	291	137	C	0	0	137	37.9124087591241
A_PB2	292	137	C	0	0	137	37.6934306569343
A_PB2	293	138	T	0	0	137	37.5109489051095
A_PB2	294	135	C	0	0	134	37.4179104477612
A_PB2	295	135	T	0	0	135	37.4444444444444
A_PB2	296	135	G	0	0	134	37.9477611940299
A_PB2	297	135	G	0	0	135	37.4296296296296
A_PB2	298	133	C	0	0	133	37.4511278195489
A_PB2	299	132	T	0	0	131	38.1603053435115
A_PB2	300	132	G	0	0	132	37.4242424242424
A_PB2	301	132	T	0	0	131	37.5572519083969
A_PB2	302	134	G	0	0	132	38
A_PB2	303	136	A	0	0	136	37.9852941176471
A_PB2	304	136	C	0	0	136	38.0735294117647
A_PB2	305	134	A	0	0	133	38.0827067669173
A_PB2	306	133	T	0	0	133	38.0977443609023
A_PB2	307	132	G	0	0	132	38.5227272727273
A_PB2	308	139	G	0	0	139	37.8345323741007
A_PB2	309	138	T	0	0	136	36.3014705882353
A_PB2	310	138	G	0	0	138	37.6304347826087
A_PB2	311	138	G	0	0	138	36.9927536231884
A_PB2	312	138	A	0	0	138	37.3985507246377
A_PB2	313	140	A	0	0	140	37.8
A_PB2	314	142	T	0	0	141	38.0851063829787
A_PB2	315	142	A	0	0	142	38.2464788732394
A_PB2	316	143	G	0	0	143	38.0839160839161
A_PB2	317	141	A	0	0	139	38.3669064748201
A_PB2	318	140	A	0	0	139	38.2805755395683
A_PB2	319	138	A	0	0	138	38.2463768115942
A_PB2	320	135	T	0	0	134	37.589552238806
A_PB2	321	135	G	0	0	135	37.9185185185185
A_PB2	322	138	G	0	0	138	37.6666666666667
A_PB2	323	139	G	0	0	138	37.8405797101449
A_PB2	324	137	C	0	0	137	37.978102189781
A_PB2	325	137	C	0	0	137	37.7080291970803
A_PB2	326	138	A	0	0	137	37.0875912408759
A_PB2	327	138	A	0	0	138	37.3188405797101
A_PB2	328	139	C	0	0	139	37.2446043165468
A_PB2	329	141	G	0	0	140	37.6642857142857
A_PB2	330	141	A	0	0	140	37.4714285714286
A_PB2	331	140	C	0	0	140	36.9642857142857
A_PB2	332	141	A	0	0	141	37.2198581560284
A_PB2	333	140	A	0	0	140	37.2714285714286
A_PB2	334	149	G	0	0	149	37.503355704698
A_PB2	335	151	T	0	0	151	37.2847682119205
A_PB2	336	152	A	0	0	152	37.375
A_PB2	337	150	C	0	0	150	37.5266666666667
A_PB2	338	147	A	0	0	147	37.9251700680272
A_PB2	339	146	A	0	0	145	37.9724137931034
A_PB2	340	146	T	0	0	146	38.0479452054795
A_PB2	341	148	C	0	0	148	37.6959459459459
A_PB2	342	149	C	0	0	148	37.8445945945946
A_PB2	343	147	A	0	0	147	38.0136054421769
A_PB2	344	147	C	0	0	147	38.0612244897959
A_PB2	345	146	T	0	0	146	38.1301369863014
A_PB2	346	155	A	0	0	155	37.8516129032258
A_PB2	347	156	T	0	0	156	37.8653846153846
A_PB2	348	156	C	0	0	156	37.6794871794872
A_PB2	349	151	C	0	0	151	38.0198675496689
A_PB2	350	149	A	0	0	148	38.1418918918919
A_PB2	351	149	A	0	0	149	38.2348993288591
A_PB2	352	149	A	0	0	148	38.0675675675676
A_PB2	353	156	G	0	0	155	38.1096774193548
A_PB2	354	159	G	0	0	159	37.6792452830189
A_PB2	355	154	T	0	0	154	37.0714285714286
A_PB2	356	152	C	0	0	151	37.4834437086093
A_PB2	357	155	T	0	0	155	37.5225806451613
A_PB2	358	157	A	0	0	157	38.0891719745223
A_PB2	359	161	C	0	0	161	38.1614906832298
A_PB2	360	161	A	0	0	161	38.2608695652174
A_PB2	361	161	A	0	0	161	38.1180124223603
A_PB2	362	159	A	0	0	159	38.0440251572327
A_PB2	363	158	A	0	0	157	37.828025477707
A_PB2	364	158	C	0	0	158	38.0126582278481
A_PB2	365	157	A	0	0	156	38.0641025641026
A_PB2	366	158	T	0	0	158	37.7784810126582
A_PB2	367	159	A	0	0	159	37.3710691823899
A_PB2	368	158	C	0	0	158	38.2025316455696
A_PB2	369	155	T	0	0	155	38.1677419354839
A_PB2	370	156	T	0	0	156	38.4038461538462
A_PB2	371	156	T	0	0	156	38.3717948717949
A_PB2	372	156	G	0	0	156	38.0128205128205
A_PB2	373	156	A	0	0	156	37.9358974358974
A_PB2	374	157	A	0	0	156	38.1474358974359
A_PB2	375	157	A	0	0	157	38.1528662420382
A_PB2	376	154	A	0	0	154	37.8311688311688
A_PB2	377	155	G	0	0	155	37.7354838709677
A_PB2	378	155	G	0	0	155	37.0064516129032
A_PB2	379	155	T	0	0	154	36.3701298701299
A_PB2	380	155	C	0	0	154	37.3116883116883
A_PB2	381	155	G	0	0	155	37.4451612903226
A_PB2	382	155	A	0	0	155	37.3677419354839
A_PB2	383	155	A	0	0	155	37.4645161290323
A_PB2	384	160	A	0	0	160	37.25
A_PB2	385	165	G	0	0	165	37.0121212121212
A_PB2	386	165	G	0	0	165	37.6787878787879
A_PB2	387	164	T	0	0	164	36.7439024390244
A_PB2	388	164	T	0	0	163	37.1472392638037
A_PB2	389	163	G	0	0	162	37.9506172839506
A_PB2	390	165	A	0	0	165	37.9393939393939
A_PB2	391	165	A	0	0	165	37.8424242424242
A_PB2	392	166	A	0	0	166	38.0843373493976
A_PB2	393	162	C	0	0	162	38.1296296296296
A_PB2	394	163	A	0	0	163	38.1901840490798
A_PB2	395	164	T	0	0	164	38.109756097561
A_PB2	396	164	G	0	0	164	37.9878048780488
A_PB2	397	165	G	0	0	165	37.6121212121212
A_PB2	398	166	A	0	0	165	37.8969696969697
A_PB2	399	166	A	0	0	166	37.1325301204819
A_PB2	400	167	C	0	0	167	37.9281437125749
A_PB2	401	168	C	0	0	168	37.0238095238095
A_PB2	402	167	T	0	0	166	37.7289156626506
A_PB2	403	167	T	0	0	167	37.6586826347305
A_PB2	404	166	T	0	0	166	37.7771084337349
A_PB2	405	167	G	0	0	167	37.9461077844311
A_PB2	406	171	G	0	0	171	37.3216374269006
A_PB2	407	171	T	0	0	170	37.1235294117647
A_PB2	408	171	C	0	0	171	37.3625730994152
A_PB2	409	168	C	0	0	167	37.7245508982036
A_PB2	410	165	T	0	0	165	37.769696969697
A_PB2	411	166	G	0	0	165	38.2787878787879
A_PB2	412	166	T	0	0	165	38.169696969697
A_PB2	413	165	T	0	0	165	38
A_PB2	414	165	C	0	0	165	38.2121212121212
A_PB2	415	164	A	0	0	164	37.9512195121951
A_PB2	416	167	C	0	0	167	37.940119760479
A_PB2	417	168	T	0	0	168	37.5297619047619
A_PB2	418	167	T	0	0	167	38.125748502994
A_PB2	419	166	T	0	0	166	37.6867469879518
A_PB2	420	163	C	0	0	162	38.1049382716049
A_PB2	421	163	G	0	0	163	37.638036809816
A_PB2	422	163	A	0	0	162	37.1975308641975
A_PB2	423	164	A	0	0	164	38.3536585365854
A_PB2	424	162	A	0	0	162	37.3395061728395
A_PB2	425	162	T	0	0	162	37.8024691358025
A_PB2	426	161	C	0	0	161	38.0745341614907
A_PB2	427	159	A	0	0	158	38.2848101265823
A_PB2	428	164	G	0	0	164	37.8780487804878
A_PB2	429	164	G	0	0	164	37.5243902439024
A_PB2	430	161	T	0	0	161	37.1739130434783
A_PB2	431	161	T	0	0	161	37.2795031055901
A_PB2	432	165	A	0	0	165	37.830303030303
A_PB2	433	165	A	0	0	165	37.3212121212121
A_PB2	434	167	A	0	0	167	38.0538922155689
A_PB2	435	167	A	0	0	167	37.4191616766467
A_PB2	436	166	T	0	0	166	37.2831325301205
A_PB2	437	163	A	0	0	163	37.4478527607362
A_PB2	438	163	C	0	0	163	37.9631901840491
A_PB2	439	162	G	0	0	162	37.5740740740741
A_PB2	440	163	C	0	0	163	37.0736196319018
A_PB2	441	159	C	0	0	159	37.2327044025157
A_PB2	442	159	G	0	0	159	37.2452830188679
A_PB2	443	159	C	0	0	159	36.9622641509434
A_PB2	444	159	A	0	0	156	37.0961538461538
A_PB2	445	166	G	0	0	166	36.6506024096386
A_PB2	446	166	G	0	0	166	36.6265060240964
A_PB2	447	166	G	0	0	166	36.6204819277108
A_PB2	448	166	T	0	0	166	36.7228915662651
A_PB2	449	171	T	0	0	170	37.5294117647059
A_PB2	450	175	G	0	0	175	37.08
A_PB2	451	180	A	0	0	179	37.4189944134078
A_PB2	452	182	C	0	0	182	37.8791208791209
A_PB2	453	182	A	0	0	182	37.9395604395604
A_PB2	454	179	T	0	0	179	37.854748603352
A_PB2	455	179	A	0	0	179	37.2625698324022
A_PB2	456	182	A	0	0	182	37.1483516483516
A_PB2	457	187	A	0	0	187	37.2780748663102
A_PB2	458	184	C	0	0	184	36.9565217391304
A_PB2	459	184	C	0	0	184	37.054347826087
A_PB2	460	180	C	0	0	180	36.7388888888889
A_PB2	461	178	A	0	0	178	36.561797752809
A_PB2	462	178	G	0	0	178	37.4606741573034
A_PB2	463	179	G	0	0	179	36.6871508379888
A_PB2	464	178	C	0	0	177	36.8248587570621
A_PB2	465	175	C	0	0	175	37.3542857142857
A_PB2	466	179	A	0	0	179	37.7541899441341
A_PB2	467	179	T	0	0	179	37.8212290502793
A_PB2	468	179	T	0	0	178	37.9213483146067
A_PB2	469	179	C	0	0	179	37.9553072625698
A_PB2	470	178	A	0	0	178	37.7247191011236
A_PB2	471	180	G	0	0	180	37.6888888888889
A_PB2	472	180	A	0	0	180	37.6888888888889
A_PB2	473	179	T	0	0	179	37.6033519553073
A_PB2	474	178	C	0	0	178	37.5393258426966
A_PB2	475	178	T	0	0	177	37.3559322033898
A_PB2	476	178	C	0	0	178	37.6179775280899
A_PB2	477	177	A	0	0	177	38.0960451977401
A_PB2	478	179	G	0	0	179	37.804469273743
A_PB2	479	177	T	0	0	176	37.4318181818182
A_PB2	480	177	G	0	0	176	37.6193181818182
A_PB2	481	178	C	0	0	177	37.1016949152542
A_PB2	482	178	C	0	0	177	37.4067796610169
A_PB2	483	178	A	0	0	177	37.5988700564972
A_PB2	484	178	A	0	0	178	36.7134831460674
A_PB2	485	172	A	0	0	172	37.1511627906977
A_PB2	486	173	G	0	0	173	37.3410404624277
A_PB2	487	172	A	0	0	172	37.2732558139535
A_PB2	488	173	G	0	0	172	37.7732558139535
A_PB2	489	178	G	0	0	178	37.2865168539326
A_PB2	490	179	C	0	0	179	37.072625698324
A_PB2	491	179	A	0	0	179	36.9162011173184
A_PB2	492	178	C	0	0	178	37.747191011236
A_PB2	493	175	A	0	0	173	37.7456647398844
A_PB2	494	186	G	0	0	186	37.6129032258064
A_PB2	495	186	G	0	0	185	36.8864864864865
A_PB2	496	191	A	0	0	191	36.8324607329843
A_PB2	497	188	T	0	0	188	37.4468085106383
A_PB2	498	190	G	0	0	190	37.4684210526316
A_PB2	499	192	T	0	0	192	37.2916666666667
A_PB2	500	194	C	0	0	194	37.2680412371134
A_PB2	501	196	A	0	0	196	37.5204081632653
A_PB2	502	196	T	0	0	196	37.6938775510204
A_PB2	503	187	C	0	0	187	37.5080213903743
A_PB2	504	186	A	0	0	186	37.5376344086022
A_PB2	505	186	T	0	0	186	37.6236559139785
A_PB2	506	186	G	0	0	186	37.8817204301075
A_PB2	507	186	G	0	0	185	37.4810810810811
A_PB2	508	180	A	0	0	179	36.6145251396648
A_PB2	509	179	G	0	0	179	37.1173184357542
A_PB2	510	178	G	0	0	178	36.4494382022472
A_PB2	511	178	T	0	0	178	36.3932584269663
A_PB2	512	178	C	0	0	178	37.2808988764045
A_PB2	513	178	G	0	0	178	37.3033707865169
A_PB2	514	178	T	0	0	178	37.0842696629214
A_PB2	515	178	T	0	0	177	37.2768361581921
A_PB2	516	178	T	0	0	178	37.5955056179775
A_PB2	517	178	T	0	0	177	37.6892655367232
A_PB2	518	176	C	0	0	176	37.0568181818182
A_PB2	519	175	C	0	0	175	37.5085714285714
A_PB2	520	176	C	0	0	176	38.125
A_PB2	521	175	A	0	0	174	37.9827586206897
A_PB2	522	177	A	0	0	177	37.5141242937853
A_PB2	523	177	A	0	0	177	37.5593220338983
A_PB2	524	177	T	0	0	177	37.8418079096045
A_PB2	525	176	G	0	0	176	38.1022727272727
A_PB2	526	183	A	0	0	183	37.4426229508197
A_PB2	527	183	A	0	0	181	37.7900552486188
A_PB2	528	182	G	0	0	182	37.8516483516484
A_PB2	529	182	T	0	0	182	37.0054945054945
A_PB2	530	183	T	0	0	166	37.578313253012
A_PB2	531	184	G	0	0	184	37.4891304347826
A_PB2	532	186	G	0	0	186	37.5430107526882
A_PB2	533	186	A	0	0	185	37.6216216216216
A_PB2	534	186	G	0	0	186	37.3817204301075
A_PB2	535	173	C	0	0	173	37.4566473988439
A_PB2	536	171	A	0	0	171	37.8245614035088
A_PB2	537	174	A	0	0	174	37.3563218390805
A_PB2	538	175	G	0	0	175	37.9257142857143
A_PB2	539	182	G	0	0	182	36.9230769230769
A_PB2	540	182	A	0	0	182	37.2252747252747
A_PB2	541	183	T	0	0	183	37.2786885245902
A_PB2	542	185	A	0	0	184	37.5217391304348
A_PB2	543	184	T	0	0	184	37.5326086956522
A_PB2	544	186	T	0	0	186	37.5967741935484
A_PB2	545	185	G	0	0	185	37.6432432432432
A_PB2	546	186	A	0	0	186	37.7043010752688
A_PB2	547	187	C	0	0	187	37.5775401069519
A_PB2	548	187	A	0	0	187	37.8663101604278
A_PB2	549	188	T	0	0	188	38.0106382978723
A_PB2	550	188	C	0	0	188	37.3882978723404
A_PB2	551	187	A	0	0	187	37.7860962566845
A_PB2	552	186	G	0	0	185	38.2486486486486
A_PB2	553	195	A	0	0	195	37.7641025641026
A_PB2	554	195	A	0	0	195	37.8564102564103
A_PB2	555	196	T	0	0	196	37.765306122449
A_PB2	556	193	C	0	0	193	37.7772020725389
A_PB2	557	193	A	0	0	193	37.5751295336788
A_PB2	558	195	C	0	0	195	37.8820512820513
A_PB2	559	195	A	0	0	194	38.139175257732
A_PB2	560	197	A	0	0	197	38.0659898477157
A_PB2	561	196	T	0	0	196	38.0714285714286
A_PB2	562	195	T	0	0	195	37.6923076923077
A_PB2	563	196	A	0	0	196	37.8367346938776
A_PB2	564	196	A	0	0	196	37.5051020408163
A_PB2	565	198	C	0	0	198	37.8484848484849
A_PB2	566	197	A	0	0	196	38.3928571428571
A_PB2	567	194	A	0	0	194	37.840206185567
A_PB2	568	193	T	0	0	193	37.8756476683938
A_PB2	569	198	A	0	0	198	37.8585858585859
A_PB2	570	198	A	0	0	198	37.8585858585859
A_PB2	571	200	C	0	0	199	37.9849246231156
A_PB2	572	199	A	0	0	198	37.7979797979798
A_PB2	573	201	A	0	0	201	37.7512437810945
A_PB2	574	198	G	0	0	197	38.0304568527919
A_PB2	575	200	G	0	0	200	37.775
A_PB2	576	200	G	0	0	200	37.615
A_PB2	577	198	A	0	0	198	37.7626262626263
A_PB2	578	198	A	0	0	198	38.0606060606061
A_PB2	579	195	A	0	0	195	37.5128205128205
A_PB2	580	196	A	0	0	196	37.7244897959184
A_PB2	581	196	G	0	0	195	38.0564102564103
A_PB2	582	196	A	0	0	196	37.0051020408163
A_PB2	583	193	A	0	0	193	37.9637305699482
A_PB2	584	195	G	0	0	195	37.6666666666667
A_PB2	585	195	G	0	0	195	37.4615384615385
A_PB2	586	195	A	0	0	195	37.5076923076923
A_PB2	587	195	G	0	0	195	37.5128205128205
A_PB2	588	195	G	0	0	189	36.5714285714286
A_PB2	589	197	A	0	0	197	37.238578680203
A_PB2	590	197	A	0	0	196	37.25
A_PB2	591	213	C	0	0	213	37.0469483568075
A_PB2	592	213	T	0	0	213	37.2816901408451
A_PB2	593	214	T	0	0	214	37.3271028037383
A_PB2	594	214	C	0	0	214	37.2663551401869
A_PB2	595	214	A	0	0	213	37.3615023474178
A_PB2	596	215	G	0	0	215	37.6
A_PB2	597	215	G	0	0	215	37.1674418604651
A_PB2	598	215	A	0	0	215	37.4325581395349
A_PB2	599	219	C	0	0	219	37.1917808219178
A_PB2	600	212	T	0	0	212	37.5754716981132
A_PB2	601	214	G	0	0	214	37.411214953271
A_PB2	602	214	T	0	0	214	37.6869158878505
A_PB2	603	214	A	0	0	214	37.8411214953271
A_PB2	604	214	A	0	0	214	37.8598130841121
A_PB2	605	215	G	0	0	215	37.553488372093
A_PB2	606	219	A	0	0	219	37.3561643835616
A_PB2	607	219	T	0	0	219	37.4885844748858
A_PB2	608	212	T	0	0	212	38.0188679245283
A_PB2	609	212	G	0	0	212	37.6933962264151
A_PB2	610	213	C	0	0	212	37.2452830188679
A_PB2	611	213	T	0	0	212	37.2783018867925
A_PB2	612	221	C	0	0	220	37.2590909090909
A_PB2	613	221	C	0	0	221	37.2171945701357
A_PB2	614	224	T	0	0	224	37.71875
A_PB2	615	224	T	0	0	224	37.5133928571429
A_PB2	616	225	T	0	0	225	37.88
A_PB2	617	225	G	0	0	225	37.8488888888889
A_PB2	618	225	A	0	0	225	38.1911111111111
A_PB2	619	228	T	0	0	228	38.0394736842105
A_PB2	620	228	G	0	0	228	37.5877192982456
A_PB2	621	228	G	0	0	228	37.3157894736842
A_PB2	622	227	T	0	0	226	37.2477876106195
A_PB2	623	232	G	0	0	232	37.4094827586207
A_PB2	624	231	G	0	0	230	37.3
A_PB2	625	233	C	0	0	232	37.6724137931034
A_PB2	626	234	A	0	0	234	37.6666666666667
A_PB2	627	234	T	0	0	233	37.8454935622318
A_PB2	628	235	A	0	0	234	37.7692307692308
A_PB2	629	234	C	0	0	234	37.5726495726496
A_PB2	630	236	A	0	0	236	37.4915254237288
A_PB2	631	235	T	0	0	235	37.5234042553192
A_PB2	632	235	G	0	0	235	38.0425531914894
A_PB2	633	236	T	0	0	236	37.8559322033898
A_PB2	634	236	T	0	0	236	38.0169491525424
A_PB2	635	236	G	0	0	236	37.978813559322
A_PB2	636	237	G	0	0	237	37.5527426160338
A_PB2	637	238	A	0	0	238	37.0756302521008
A_PB2	638	238	G	0	0	238	37.6848739495798
A_PB2	639	235	A	0	0	235	37.4723404255319
A_PB2	640	236	G	0	0	236	37.2923728813559
A_PB2	641	232	A	0	0	231	37
A_PB2	642	235	G	0	0	235	37.3531914893617
A_PB2	643	235	A	0	0	235	37.0851063829787
A_PB2	644	238	A	0	0	238	37.281512605042
A_PB2	645	236	C	0	0	236	37.7796610169492
A_PB2	646	226	T	0	0	225	37.4222222222222
A_PB2	647	226	G	0	0	226	37.353982300885
A_PB2	648	226	G	0	0	226	36.9734513274336
A_PB2	649	225	T	0	0	225	36.6711111111111
A_PB2	650	222	C	0	0	221	37.0995475113122
A_PB2	651	220	C	0	0	220	37.2590909090909
A_PB2	652	220	G	0	0	220	37.3818181818182
A_PB2	653	220	C	0	0	220	37.0318181818182
A_PB2	654	219	A	0	0	219	36.8401826484018
A_PB2	655	219	A	0	0	219	36.7808219178082
A_PB2	656	219	G	0	0	217	37.1520737327189
A_PB2	657	219	A	0	0	218	37.3807339449541
A_PB2	658	220	C	0	0	220	37.1545454545455
A_PB2	659	217	C	0	0	217	37.7511520737327
A_PB2	660	217	A	0	0	217	37.5529953917051
A_PB2	661	232	G	0	0	232	37.4698275862069
A_PB2	662	234	A	0	0	234	37.2264957264957
A_PB2	663	234	T	0	0	234	37.4188034188034
A_PB2	664	234	T	0	0	234	37.8247863247863
A_PB2	665	233	T	0	0	232	37.5474137931034
A_PB2	666	233	T	0	0	233	37.7210300429185
A_PB2	667	233	T	0	0	233	38.1201716738197
A_PB2	668	233	A	0	0	232	37.1810344827586
A_PB2	669	233	C	0	0	232	37.4008620689655
A_PB2	670	233	C	0	0	233	37.8669527896996
A_PB2	671	233	A	0	0	232	38.0344827586207
A_PB2	672	233	G	0	0	233	38.1459227467811
A_PB2	673	233	T	0	0	232	37.1163793103448
A_PB2	674	233	A	0	0	228	37.2938596491228
A_PB2	675	233	G	0	0	233	37.1630901287554
A_PB2	676	231	C	0	0	231	37.3203463203463
A_PB2	677	230	C	0	0	228	37.2675438596491
A_PB2	678	228	G	0	0	228	37.1359649122807
A_PB2	679	228	G	0	0	228	37.5043859649123
A_PB2	680	228	T	0	0	228	36.5877192982456
A_PB2	681	228	G	0	0	228	37.1271929824561
A_PB2	682	229	G	0	0	229	37.5676855895196
A_PB2	683	231	G	0	0	230	37.4130434782609
A_PB2	684	231	A	0	0	230	37.2782608695652
A_PB2	685	236	C	0	0	235	37.6978723404255
A_PB2	686	236	A	0	0	236	37.4872881355932
A_PB2	687	237	A	0	0	237	37.5569620253165
A_PB2	688	240	G	0	0	240	37.5541666666667
A_PB2	689	236	C	0	0	236	37.1525423728814
A_PB2	690	235	A	0	0	235	37.6510638297872
A_PB2	691	267	G	0	0	267	37.063670411985
A_PB2	692	266	T	0	0	266	36.7293233082707
A_PB2	693	275	G	0	0	274	36.8795620437956
A_PB2	694	277	T	0	0	277	36.5451263537906
A_PB2	695	276	A	0	0	276	36.3442028985507
A_PB2	696	276	T	0	0	276	36.8260869565217
A_PB2	697	278	A	0	0	277	36.6028880866426
A_PB2	698	281	C	0	0	280	36.8714285714286
A_PB2	699	275	A	0	0	275	37.0363636363636
A_PB2	700	265	T	0	0	265	37.3584905660377
A_PB2	701	246	T	0	0	245	37.4897959183673
A_PB2	702	246	G	0	0	246	37.2032520325203
A_PB2	703	243	A	0	0	243	37.4362139917695
A_PB2	704	243	G	0	0	242	37.1487603305785
A_PB2	705	244	G	0	0	244	36.6762295081967
A_PB2	706	244	T	0	0	241	36.5643153526971
A_PB2	707	243	G	0	0	242	37.202479338843
A_PB2	708	243	T	0	0	241	37.6473029045643
A_PB2	709	242	T	0	0	241	37.2655601659751
A_PB2	710	244	G	0	0	244	37.5614754098361
A_PB2	711	246	C	0	0	244	37.75
A_PB2	712	247	A	0	0	245	37.6571428571429
A_PB2	713	247	T	0	0	246	37.6463414634146
A_PB2	714	244	T	0	0	243	37.8518518518519
A_PB2	715	244	T	0	0	243	37.6666666666667
A_PB2	716	242	G	0	0	242	37.4297520661157
A_PB2	717	243	A	0	0	241	37.7759336099585
A_PB2	718	244	C	0	0	243	37.8600823045267
A_PB2	719	243	T	0	0	242	37.7396694214876
A_PB2	720	243	C	0	0	241	37.4066390041494
A_PB2	721	244	A	0	0	244	38.1106557377049
A_PB2	722	243	A	0	0	242	37.5578512396694
A_PB2	723	243	G	0	0	243	38.037037037037
A_PB2	724	243	G	0	0	243	37.7242798353909
A_PB2	725	245	G	0	0	245	36.6775510204082
A_PB2	726	243	A	0	0	243	37.1604938271605
A_PB2	727	243	C	0	0	242	36.9669421487603
A_PB2	728	241	C	0	0	241	36.8755186721992
A_PB2	729	243	T	0	0	241	37.6846473029046
A_PB2	730	249	G	0	0	249	37.5381526104418
A_PB2	731	250	C	0	0	250	37.38
A_PB2	732	250	T	0	0	250	37.516
A_PB2	733	251	G	0	0	251	37.8884462151394
A_PB2	734	250	G	0	0	249	37.7068273092369
A_PB2	735	246	G	0	0	246	37.0894308943089
A_PB2	736	245	A	0	0	245	37.4408163265306
A_PB2	737	245	A	0	0	244	37.5081967213115
A_PB2	738	247	C	0	0	247	37.165991902834
A_PB2	739	243	A	0	0	243	37.8683127572016
A_PB2	740	244	A	0	0	244	37.7008196721311
A_PB2	741	246	A	0	0	246	37.5772357723577
A_PB2	742	240	T	0	0	240	37.7333333333333
A_PB2	743	241	G	0	0	241	38.0539419087137
A_PB2	744	244	T	0	0	243	37.3086419753086
A_PB2	745	247	A	0	0	246	37.4186991869919
A_PB2	746	248	C	0	0	248	37.0645161290323
A_PB2	747	243	A	0	0	243	36.761316872428
A_PB2	748	248	C	0	0	248	36.8588709677419
A_PB2	749	241	A	0	0	241	36.7427385892116
A_PB2	750	243	C	0	0	243	36.0534979423868
A_PB2	751	238	C	0	0	238	36.2983193277311
A_PB2	752	239	G	0	0	238	36.3193277310924
A_PB2	753	245	G	0	0	245	36.4734693877551
A_PB2	754	247	G	0	0	247	36.8178137651822
A_PB2	755	252	A	0	0	250	35.844
A_PB2	756	252	G	0	0	252	36.4325396825397
A_PB2	757	247	G	0	0	247	35.8623481781377
A_PB2	758	248	G	0	0	248	36.6451612903226
A_PB2	759	247	G	0	0	247	36.8016194331984
A_PB2	760	244	A	0	0	243	35.8395061728395
A_PB2	761	242	G	0	0	240	37.075
A_PB2	762	244	G	0	0	244	36.9590163934426
A_PB2	763	244	T	0	0	239	36.0292887029289
A_PB2	764	245	G	0	0	245	37.3265306122449
A_PB2	765	243	A	0	0	243	37.7407407407407
A_PB2	766	244	G	0	0	244	37.7909836065574
A_PB2	767	244	A	0	0	244	37.5081967213115
A_PB2	768	244	A	0	0	244	37.7008196721311
A_PB2	769	246	A	0	0	246	37.8373983739837
A_PB2	770	245	T	0	0	243	37.8148148148148
A_PB2	771	246	G	0	0	245	38.1714285714286
A_PB2	772	246	A	0	0	245	38.0408163265306
A_PB2	773	245	T	0	0	245	37.6857142857143
A_PB2	774	243	G	0	0	243	37.9547325102881
A_PB2	775	246	A	0	0	246	37.5040650406504
A_PB2	776	245	T	0	0	245	37.534693877551
A_PB2	777	245	G	0	0	245	38.0244897959184
A_PB2	778	246	T	0	0	246	37.5772357723577
A_PB2	779	244	T	0	0	243	37.6213991769547
A_PB2	780	247	G	0	0	247	37.6194331983806
A_PB2	781	246	A	0	0	245	37.5591836734694
A_PB2	782	247	T	0	0	247	37.0971659919028
A_PB2	783	248	C	0	0	248	37.6048387096774
A_PB2	784	246	A	0	0	246	37.4756097560976
A_PB2	785	252	G	0	0	251	37.7609561752988
A_PB2	786	253	A	0	0	253	37.4189723320158
A_PB2	787	253	G	0	0	253	37.703557312253
A_PB2	788	251	T	0	0	250	36.9
A_PB2	789	250	T	0	0	250	37.732
A_PB2	790	249	T	0	0	249	37.85140562249
A_PB2	791	248	G	0	0	248	37.8306451612903
A_PB2	792	251	A	0	0	249	37.4016064257028
A_PB2	793	251	T	0	0	250	37.904
A_PB2	794	250	C	0	0	250	38.052
A_PB2	795	244	A	0	0	244	38.077868852459
A_PB2	796	244	T	0	0	244	37.9836065573771
A_PB2	797	243	T	0	0	243	37.7489711934156
A_PB2	798	243	G	0	0	243	37.9300411522634
A_PB2	799	244	C	0	0	244	37.8237704918033
A_PB2	800	244	T	0	0	244	37.7336065573771
A_PB2	801	243	G	0	0	243	37.761316872428
A_PB2	802	247	C	0	0	247	37.587044534413
A_PB2	803	248	T	0	0	248	38.0887096774194
A_PB2	804	249	A	0	0	249	37.9558232931727
A_PB2	805	249	G	0	0	249	38.2329317269076
A_PB2	806	249	A	0	0	249	38.0883534136546
A_PB2	807	249	A	0	0	249	37.7309236947791
A_PB2	808	250	A	0	0	250	37.32
A_PB2	809	249	T	0	0	249	37.3493975903614
A_PB2	810	253	A	0	0	253	37.5059288537549
A_PB2	811	253	T	0	0	253	37.8616600790514
A_PB2	812	246	C	0	0	246	37.2154471544715
A_PB2	813	246	G	0	0	246	37.6056910569106
A_PB2	814	246	T	0	0	245	37.7877551020408
A_PB2	815	246	T	0	0	245	37.8204081632653
A_PB2	816	246	A	0	0	246	37.520325203252
A_PB2	817	246	G	0	0	246	36.9918699186992
A_PB2	818	248	G	0	0	248	37.6814516129032
A_PB2	819	247	A	0	0	246	37.390243902439
A_PB2	820	247	G	0	0	247	37.4858299595142
A_PB2	821	245	A	0	0	245	37.4163265306122
A_PB2	822	247	G	0	0	247	37
A_PB2	823	249	C	0	0	244	37.3483606557377
A_PB2	824	247	A	0	0	247	37.8461538461538
A_PB2	825	247	A	0	0	247	37.6356275303644
A_PB2	826	252	C	0	0	252	37.5277777777778
A_PB2	827	253	A	0	0	253	37.7707509881423
A_PB2	828	260	G	0	0	260	37.5730769230769
A_PB2	829	257	T	0	0	257	37.420233463035
A_PB2	830	259	A	0	0	259	37.3822393822394
A_PB2	831	257	T	0	0	257	36.9688715953307
A_PB2	832	255	C	0	0	255	37.4078431372549
A_PB2	833	255	A	0	0	255	37.7372549019608
A_PB2	834	254	G	0	0	254	37.6023622047244
A_PB2	835	254	C	0	0	254	37.7992125984252
A_PB2	836	244	A	0	0	244	37.9303278688525
A_PB2	837	246	G	0	0	246	37.7967479674797
A_PB2	838	250	A	0	0	249	37.566265060241
A_PB2	839	253	C	0	0	253	37.1185770750988
A_PB2	840	253	C	0	0	253	36.7509881422925
A_PB2	841	237	C	0	0	237	37.0886075949367
A_PB2	842	236	A	0	0	236	37.7372881355932
A_PB2	843	236	T	0	0	236	37.5720338983051
A_PB2	844	233	T	0	0	233	37.3948497854077
A_PB2	845	234	G	0	0	234	37.4786324786325
A_PB2	846	233	G	0	0	233	37.4635193133047
A_PB2	847	225	C	0	0	225	37.3822222222222
A_PB2	848	223	T	0	0	223	37.0403587443946
A_PB2	849	223	T	0	0	222	36.9864864864865
A_PB2	850	223	C	0	0	222	36.7612612612613
A_PB2	851	223	T	0	0	221	37.7963800904977
A_PB2	852	227	C	0	0	227	37.1762114537445
A_PB2	853	229	T	0	0	229	37.2751091703057
A_PB2	854	230	C	0	0	227	37.6211453744493
A_PB2	855	229	T	0	0	229	37.4148471615721
A_PB2	856	228	T	0	0	227	37.9647577092511
A_PB2	857	228	G	0	0	228	37.8114035087719
A_PB2	858	228	G	0	0	228	38.1184210526316
A_PB2	859	229	A	0	0	229	37.9213973799127
A_PB2	860	227	A	0	0	227	38.0484581497797
A_PB2	861	226	A	0	0	226	37.6725663716814
A_PB2	862	226	T	0	0	226	37.2300884955752
A_PB2	863	227	G	0	0	227	37.5859030837004
A_PB2	864	225	T	0	0	225	36.4844444444444
A_PB2	865	225	G	0	0	225	37.4533333333333
A_PB2	866	226	C	0	0	226	37.0088495575221
A_PB2	867	223	C	0	0	223	37.1569506726457
A_PB2	868	225	A	0	0	225	37.3066666666667
A_PB2	869	225	C	0	0	225	37.4177777777778
A_PB2	870	223	A	0	0	223	37.4394618834081
A_PB2	871	237	G	0	0	237	37.1392405063291
A_PB2	872	233	T	0	0	233	36.8927038626609
A_PB2	873	235	A	0	0	235	37.1659574468085
A_PB2	874	237	C	0	0	237	36.8860759493671
A_PB2	875	237	A	0	0	235	36.8297872340426
A_PB2	876	237	C	0	0	237	37.5021097046413
A_PB2	877	235	A	0	0	235	37.6765957446809
A_PB2	878	235	A	0	0	235	36.7276595744681
A_PB2	879	235	A	0	0	235	37.0808510638298
A_PB2	880	221	T	0	0	221	36.6470588235294
A_PB2	881	216	T	0	0	215	37.0232558139535
A_PB2	882	213	G	0	0	213	37.6197183098592
A_PB2	883	214	G	0	0	213	36.8450704225352
A_PB2	884	214	C	0	0	214	37.1775700934579
A_PB2	885	214	G	0	0	214	37.2616822429907
A_PB2	886	222	G	0	0	222	37.2747747747748
A_PB2	887	222	G	0	0	221	37.2262443438914
A_PB2	888	222	G	0	0	222	37.5225225225225
A_PB2	889	222	T	0	0	211	32.563981042654
A_PB2	890	223	A	0	0	222	34.8963963963964
A_PB2	891	222	A	0	0	221	36.841628959276
A_PB2	892	222	G	0	0	222	33.963963963964
A_PB2	893	223	A	0	0	223	35.237668161435
A_PB2	894	234	A	0	0	234	36.7692307692308
A_PB2	895	232	T	0	0	229	34.882096069869
A_PB2	896	228	G	0	0	227	34.5947136563877
A_PB2	897	227	G	0	0	227	36.511013215859
A_PB2	898	227	T	0	0	223	32.5381165919283
A_PB2	899	225	A	0	0	224	34.8839285714286
A_PB2	900	225	G	0	0	225	34.5288888888889
A_PB2	901	223	A	0	0	223	34.8923766816144
A_PB2	902	221	C	0	0	221	33.5701357466063
A_PB2	903	218	A	0	0	218	35.2935779816514
A_PB2	904	244	T	0	0	242	35.1611570247934
A_PB2	905	236	T	0	0	236	36.3771186440678
A_PB2	906	237	C	0	0	234	34.5042735042735
A_PB2	907	237	T	0	0	237	35.3417721518987
A_PB2	908	237	T	0	0	237	36.6540084388186
A_PB2	909	237	A	0	0	236	35.0932203389831
A_PB2	910	238	G	0	0	236	35.2245762711864
A_PB2	911	237	A	0	0	235	35.2893617021277
A_PB2	912	237	C	0	0	236	34.3474576271186
A_PB2	913	219	A	0	0	219	36.0547945205479
A_PB2	914	219	G	0	0	219	35.5662100456621
A_PB2	915	220	A	0	0	220	35.3681818181818
A_PB2	916	226	A	0	0	226	36.7610619469027
A_PB2	917	225	C	0	0	223	33.6860986547085
A_PB2	918	224	C	0	0	224	35.9866071428571
A_PB2	919	224	C	0	0	224	36.3660714285714
A_PB2	920	224	A	0	0	224	34.7366071428571
A_PB2	921	226	A	0	0	225	36.6622222222222
A_PB2	922	228	C	0	0	225	34.5822222222222
A_PB2	923	227	A	0	0	225	35.5511111111111
A_PB2	924	229	G	0	0	229	35.7379912663755
A_PB2	925	227	A	0	0	226	35.1769911504425
A_PB2	926	226	A	0	0	225	37.0355555555556
A_PB2	927	227	G	0	0	227	35.8325991189427
A_PB2	928	227	A	0	0	227	35.0528634361233
A_PB2	929	227	G	0	0	227	35.4273127753304
A_PB2	930	231	C	0	0	230	35.6739130434783
A_PB2	931	231	A	0	0	230	36.2434782608696
A_PB2	932	230	A	0	0	228	37.2982456140351
A_PB2	933	232	G	0	0	232	35.2327586206897
A_PB2	934	233	C	0	0	232	34.6120689655172
A_PB2	935	229	T	0	0	228	36.3859649122807
A_PB2	936	232	G	0	0	232	36.7801724137931
A_PB2	937	231	T	0	0	228	35.2149122807018
A_PB2	938	239	G	0	0	239	36.1882845188285
A_PB2	939	246	G	0	0	246	36.8414634146341
A_PB2	940	248	A	0	0	248	34.3548387096774
A_PB2	941	248	T	0	0	246	35.2357723577236
A_PB2	942	246	A	0	0	245	36.4979591836735
A_PB2	943	245	T	0	0	245	35.7020408163265
A_PB2	944	251	A	0	0	251	36.5099601593625
A_PB2	945	249	T	0	0	249	35.8353413654619
A_PB2	946	249	G	0	0	249	35.2650602409639
A_PB2	947	248	C	0	0	248	35.3508064516129
A_PB2	948	244	A	0	0	243	36.2674897119342
A_PB2	949	246	A	0	0	245	37.0040816326531
A_PB2	950	245	A	0	0	245	37.0367346938775
A_PB2	951	250	G	0	0	249	34.9678714859438
A_PB2	952	250	C	0	0	249	35.3172690763052
A_PB2	953	244	A	0	0	243	36.3456790123457
A_PB2	954	246	G	0	0	245	35.7632653061224
A_PB2	955	246	C	0	0	246	36.1788617886179
A_PB2	956	246	A	0	0	245	36.1632653061224
A_PB2	957	250	A	0	0	250	37.036
A_PB2	958	250	T	0	0	250	35.72
A_PB2	959	253	G	0	0	252	36.7222222222222
A_PB2	960	258	G	0	0	258	36.7519379844961
A_PB2	961	255	G	0	0	255	37.3372549019608
A_PB2	962	260	T	0	0	253	34.395256916996
A_PB2	963	260	T	0	0	259	36.3397683397683
A_PB2	964	260	T	0	0	260	36.7076923076923
A_PB2	965	260	G	0	0	259	35.6486486486486
A_PB2	966	260	A	0	0	259	36.5521235521236
A_PB2	967	260	G	0	0	260	35.9
A_PB2	968	262	G	0	0	262	37.5496183206107
A_PB2	969	260	A	0	0	260	36.3153846153846
A_PB2	970	260	T	0	0	259	35.0733590733591
A_PB2	971	261	C	0	0	260	37.05
A_PB2	972	263	A	0	0	263	36.7414448669202
A_PB2	973	269	G	0	0	269	36.4646840148699
A_PB2	974	271	T	0	0	269	35.6171003717472
A_PB2	975	271	T	0	0	271	36.8081180811808
A_PB2	976	268	C	0	0	268	36.7873134328358
A_PB2	977	267	A	0	0	266	37.0601503759398
A_PB2	978	270	T	0	0	269	37.17843866171
A_PB2	979	269	C	0	0	269	37.1152416356877
A_PB2	980	270	C	0	0	269	37.6840148698885
A_PB2	981	268	T	0	0	268	37.3880597014925
A_PB2	982	265	T	0	0	265	37.588679245283
A_PB2	983	263	T	0	0	263	37.9011406844106
A_PB2	984	262	A	0	0	261	37.5134099616858
A_PB2	985	262	G	0	0	261	35.2528735632184
A_PB2	986	262	C	0	0	262	36.3473282442748
A_PB2	987	259	T	0	0	259	36.9343629343629
A_PB2	988	259	T	0	0	258	37.8139534883721
A_PB2	989	259	T	0	0	259	38.2084942084942
A_PB2	990	255	G	0	0	255	37.3843137254902
A_PB2	991	255	G	0	0	255	37.4392156862745
A_PB2	992	255	A	0	0	254	37.1259842519685
A_PB2	993	256	G	0	0	256	37.5
A_PB2	994	255	G	0	0	255	36.7372549019608
A_PB2	995	254	C	0	0	254	36.8228346456693
A_PB2	996	254	T	0	0	252	36.7738095238095
A_PB2	997	254	T	0	0	254	37.6377952755905
A_PB2	998	255	C	0	0	255	37.1176470588235
A_PB2	999	256	A	0	0	256	37.421875
A_PB2	1000	257	C	0	0	256	37.8515625
A_PB2	1001	257	T	0	0	256	37.6640625
A_PB2	1002	256	T	0	0	256	37.92578125
A_PB2	1003	254	T	0	0	254	37.503937007874
A_PB2	1004	252	C	0	0	250	37.628
A_PB2	1005	262	A	0	0	261	37.6590038314176
A_PB2	1006	262	A	0	0	261	38.1494252873563
A_PB2	1007	262	A	0	0	261	38.0727969348659
A_PB2	1008	262	A	0	0	262	38.206106870229
A_PB2	1009	261	G	0	0	261	37.272030651341
A_PB2	1010	261	A	0	0	261	37.2605363984674
A_PB2	1011	262	A	0	0	262	38.0839694656489
A_PB2	1012	264	C	0	0	264	37.6969696969697
A_PB2	1013	262	A	0	0	262	37.9007633587786
A_PB2	1014	260	A	0	0	259	38.1351351351351
A_PB2	1015	262	G	0	0	262	36.8969465648855
A_PB2	1016	263	T	0	0	263	36.3307984790875
A_PB2	1017	263	G	0	0	263	37.0608365019011
A_PB2	1018	262	G	0	0	262	37.2557251908397
A_PB2	1019	259	G	0	0	258	37.5232558139535
A_PB2	1020	262	T	0	0	260	36.9538461538462
A_PB2	1021	253	C	0	0	253	37.5415019762846
A_PB2	1022	253	A	0	0	252	37.8373015873016
A_PB2	1023	254	T	0	0	254	37.8149606299213
A_PB2	1024	253	C	0	0	252	37.7103174603175
A_PB2	1025	251	T	0	0	251	38.2709163346614
A_PB2	1026	257	G	0	0	257	38.2295719844358
A_PB2	1027	256	T	0	0	254	37.5511811023622
A_PB2	1028	256	C	0	0	256	37.8203125
A_PB2	1029	255	A	1	0	255	38.0705882352941
A_PB2	1030	256	A	0	0	256	37.8125
A_PB2	1031	256	A	0	0	256	37.484375
A_PB2	1032	257	A	0	0	257	37.5019455252918
A_PB2	1033	258	G	0	0	258	37.5387596899225
A_PB2	1034	254	A	0	0	254	36.5748031496063
A_PB2	1035	255	G	0	0	255	37.5058823529412
A_PB2	1036	243	A	0	0	241	37.2365145228216
A_PB2	1037	240	G	0	0	239	37.0669456066946
A_PB2	1038	241	G	0	0	240	37.0875
A_PB2	1039	241	A	0	0	241	37.701244813278
A_PB2	1040	241	A	0	0	240	37.5041666666667
A_PB2	1041	240	G	0	0	240	37.2416666666667
A_PB2	1042	239	A	0	0	238	37.3319327731092
A_PB2	1043	237	A	0	0	237	37.6033755274262
A_PB2	1044	235	G	0	0	235	37.7021276595745
A_PB2	1045	224	T	0	0	223	37.2242152466368
A_PB2	1046	230	G	0	0	229	37.1965065502183
A_PB2	1047	228	C	0	0	228	37.2280701754386
A_PB2	1048	228	T	0	0	228	37.4824561403509
A_PB2	1049	229	C	0	0	229	37.2794759825328
A_PB2	1050	228	A	0	0	227	38.0660792951542
A_PB2	1051	228	C	0	0	228	37.890350877193
A_PB2	1052	228	A	0	0	228	37.8859649122807
A_PB2	1053	230	G	0	0	230	37.8
A_PB2	1054	231	G	0	0	231	37.012987012987
A_PB2	1055	215	C	0	0	215	36.9441860465116
A_PB2	1056	215	A	0	0	215	37.3255813953488
A_PB2	1057	218	A	0	0	218	36.697247706422
A_PB2	1058	226	C	0	0	226	36.1814159292035
A_PB2	1059	228	C	0	0	228	36.7061403508772
A_PB2	1060	213	T	0	0	213	36.7981220657277
A_PB2	1061	213	C	0	0	213	36.3802816901408
A_PB2	1062	212	C	0	0	212	37.3301886792453
A_PB2	1063	212	A	0	0	212	37.5518867924528
A_PB2	1064	212	A	0	0	212	37.188679245283
A_PB2	1065	214	A	0	0	213	37.4037558685446
A_PB2	1066	212	C	0	0	212	37.5141509433962
A_PB2	1067	208	A	0	0	208	37.3701923076923
A_PB2	1068	208	C	0	0	207	37.6714975845411
A_PB2	1069	204	T	0	0	203	37.7290640394089
A_PB2	1070	206	G	0	0	206	37.9223300970874
A_PB2	1071	207	A	0	0	207	37.1884057971015
A_PB2	1072	209	A	0	0	209	37.4210526315789
A_PB2	1073	208	A	0	0	207	37.8599033816425
A_PB2	1074	209	A	0	0	209	37.6315789473684
A_PB2	1075	206	T	0	0	206	37.373786407767
A_PB2	1076	205	A	0	0	205	37.7658536585366
A_PB2	1077	203	A	0	0	203	37.9655172413793
A_PB2	1078	203	G	0	0	202	37.6089108910891
A_PB2	1079	198	A	0	0	198	37.8131313131313
A_PB2	1080	202	G	0	0	202	37.8118811881188
A_PB2	1081	196	T	0	0	196	37.1173469387755
A_PB2	1082	197	A	0	0	196	37.2295918367347
A_PB2	1083	197	C	0	0	197	37.7258883248731
A_PB2	1084	196	A	0	0	196	37.6275510204082
A_PB2	1085	195	T	0	0	195	37.5128205128205
A_PB2	1086	195	G	0	0	194	37.7061855670103
A_PB2	1087	189	A	0	0	187	37.8930481283422
A_PB2	1088	189	A	0	0	189	37.4232804232804
A_PB2	1089	191	G	0	0	190	37.6631578947368
A_PB2	1090	203	G	0	0	203	36.8275862068966
A_PB2	1091	206	G	0	0	205	36.5365853658537
A_PB2	1092	203	T	0	0	201	36.318407960199
A_PB2	1093	203	A	0	0	203	37.0394088669951
A_PB2	1094	201	C	0	0	201	37.2139303482587
A_PB2	1095	202	G	0	0	202	37.3663366336634
A_PB2	1096	202	A	0	0	202	37.3712871287129
A_PB2	1097	203	G	0	0	202	37.2623762376238
A_PB2	1098	204	G	0	0	204	37.4656862745098
A_PB2	1099	203	A	0	0	203	37.5270935960591
A_PB2	1100	205	A	0	0	205	37.7609756097561
A_PB2	1101	205	T	0	0	204	37.25
A_PB2	1102	212	T	0	0	212	37.4198113207547
A_PB2	1103	213	C	0	0	213	37.3896713615023
A_PB2	1104	211	A	0	0	211	37.3649289099526
A_PB2	1105	210	C	0	0	210	37.847619047619
A_PB2	1106	208	A	0	0	208	38.2307692307692
A_PB2	1107	211	A	0	0	211	37.8104265402844
A_PB2	1108	209	T	0	0	209	37.2631578947368
A_PB2	1109	211	G	0	0	211	37.2227488151659
A_PB2	1110	214	G	0	0	214	37.0140186915888
A_PB2	1111	213	T	0	0	213	37.2863849765258
A_PB2	1112	209	T	0	0	209	36.5167464114833
A_PB2	1113	208	G	0	0	208	36.3990384615385
A_PB2	1114	210	G	0	0	196	36.5867346938776
A_PB2	1115	210	G	0	0	209	36.3684210526316
A_PB2	1116	211	C	0	0	211	37.6729857819905
A_PB2	1117	212	G	0	0	212	37.1698113207547
A_PB2	1118	210	A	0	0	210	37.4619047619048
A_PB2	1119	207	A	0	0	207	37.2850241545894
A_PB2	1120	209	G	0	0	209	36.6076555023923
A_PB2	1121	212	G	0	0	211	36.2132701421801
A_PB2	1122	210	G	0	0	210	36.8333333333333
A_PB2	1123	203	C	1	0	203	37.2512315270936
A_PB2	1124	204	T	0	0	204	37.1813725490196
A_PB2	1125	204	A	0	0	203	37.8472906403941
A_PB2	1126	204	C	0	0	204	36.9901960784314
A_PB2	1127	204	A	0	0	203	37.9064039408867
A_PB2	1128	205	G	0	0	205	37.7121951219512
A_PB2	1129	203	C	0	0	199	37.8241206030151
A_PB2	1130	203	C	0	0	203	37.5369458128079
A_PB2	1131	207	A	0	0	206	37.7038834951456
A_PB2	1132	207	T	0	0	207	37.768115942029
A_PB2	1133	208	T	0	0	206	37.5194174757282
A_PB2	1134	208	T	0	0	208	37.7163461538462
A_PB2	1135	207	T	0	0	207	37.8067632850242
A_PB2	1136	209	G	0	0	209	37.7894736842105
A_PB2	1137	208	A	0	0	206	37.504854368932
A_PB2	1138	208	G	0	0	208	36.7884615384615
A_PB2	1139	207	G	0	0	207	37.6811594202899
A_PB2	1140	205	A	0	0	205	38.0682926829268
A_PB2	1141	205	A	0	0	205	37.9804878048781
A_PB2	1142	205	A	0	0	205	38.0878048780488
A_PB2	1143	205	G	0	0	205	38.1951219512195
A_PB2	1144	205	C	0	0	205	36.8829268292683
A_PB2	1145	205	A	0	0	205	37.5609756097561
A_PB2	1146	206	A	0	0	206	37.373786407767
A_PB2	1147	211	C	0	0	211	37.2843601895735
A_PB2	1148	212	C	0	0	212	37.6132075471698
A_PB2	1149	210	A	0	0	210	37.2
A_PB2	1150	210	G	0	0	210	37.8571428571429
A_PB2	1151	209	A	0	0	209	37.5789473684211
A_PB2	1152	210	A	0	0	210	37.1714285714286
A_PB2	1153	210	G	0	0	210	36.8333333333333
A_PB2	1154	218	G	0	0	218	36.8440366972477
A_PB2	1155	218	C	0	0	218	37
A_PB2	1156	201	T	0	0	201	37.865671641791
A_PB2	1157	202	G	0	0	202	38.2821782178218
A_PB2	1158	204	A	0	0	204	37.9117647058824
A_PB2	1159	204	T	0	0	204	38.0441176470588
A_PB2	1160	204	C	0	0	204	37.4558823529412
A_PB2	1161	204	C	0	0	204	37.3725490196078
A_PB2	1162	208	A	0	0	208	37.7019230769231
A_PB2	1163	207	A	0	0	207	37.4009661835749
A_PB2	1164	207	T	0	0	207	37.8212560386473
A_PB2	1165	207	T	0	0	207	38.1545893719807
A_PB2	1166	206	A	0	0	206	37.8398058252427
A_PB2	1167	205	A	0	0	205	37.7414634146341
A_PB2	1168	207	T	0	0	207	37.6763285024155
A_PB2	1169	207	T	0	0	207	38.024154589372
A_PB2	1170	207	G	0	0	207	38.1111111111111
A_PB2	1171	204	T	0	0	203	37.6256157635468
A_PB2	1172	208	A	0	0	208	37.9038461538462
A_PB2	1173	208	A	0	0	208	37.5913461538462
A_PB2	1174	207	G	0	0	207	38.0386473429952
A_PB2	1175	208	T	0	0	207	36.8840579710145
A_PB2	1176	208	G	0	0	208	37.2644230769231
A_PB2	1177	205	G	0	0	205	36.5951219512195
A_PB2	1178	205	G	0	0	205	37.1268292682927
A_PB2	1179	202	A	0	0	201	36.7313432835821
A_PB2	1180	205	G	0	0	205	37.3853658536585
A_PB2	1181	204	A	0	0	202	36.9306930693069
A_PB2	1182	204	G	0	0	204	36.5245098039216
A_PB2	1183	204	A	0	0	204	35.8970588235294
A_PB2	1184	203	C	0	0	203	37.2118226600985
A_PB2	1185	203	G	0	0	203	37.2610837438424
A_PB2	1186	203	A	0	0	203	36.8669950738916
A_PB2	1187	202	A	0	0	202	37.1138613861386
A_PB2	1188	203	C	0	0	203	37.1871921182266
A_PB2	1189	201	A	0	0	200	37.33
A_PB2	1190	204	G	0	0	204	37.5882352941176
A_PB2	1191	204	T	0	0	204	37.406862745098
A_PB2	1192	207	C	0	0	207	37.0289855072464
A_PB2	1193	208	A	0	0	208	37.6778846153846
A_PB2	1194	207	A	0	0	207	37.6425120772947
A_PB2	1195	207	T	0	0	207	37.1835748792271
A_PB2	1196	203	C	0	0	203	36.9802955665025
A_PB2	1197	203	G	0	0	203	37.6256157635468
A_PB2	1198	204	C	0	0	204	37.2745098039216
A_PB2	1199	200	T	0	0	200	38.165
A_PB2	1200	201	G	0	0	201	37.4726368159204
A_PB2	1201	202	A	0	0	202	37.1336633663366
A_PB2	1202	204	A	0	0	204	37.6911764705882
A_PB2	1203	205	G	0	0	205	37.7756097560976
A_PB2	1204	203	C	0	0	203	37.7980295566502
A_PB2	1205	203	A	0	0	203	38.0443349753695
A_PB2	1206	206	A	0	0	206	37.6699029126214
A_PB2	1207	209	T	0	0	209	37.7033492822966
A_PB2	1208	209	C	0	0	209	37.7129186602871
A_PB2	1209	208	A	0	0	208	37.7884615384615
A_PB2	1210	207	T	0	0	207	37.7487922705314
A_PB2	1211	206	A	0	0	203	37.6354679802956
A_PB2	1212	206	G	0	0	206	37.5728155339806
A_PB2	1213	204	T	0	0	203	37.1527093596059
A_PB2	1214	206	G	0	0	206	37.4077669902913
A_PB2	1215	205	G	0	0	205	37.3073170731707
A_PB2	1216	203	C	0	0	203	36.7339901477833
A_PB2	1217	203	A	0	0	203	37.3694581280788
A_PB2	1218	202	A	0	0	202	37.5346534653465
A_PB2	1219	200	T	0	0	200	37.76
A_PB2	1220	201	G	0	0	201	37.452736318408
A_PB2	1221	199	G	0	0	199	37.6884422110553
A_PB2	1222	199	T	0	0	199	36.894472361809
A_PB2	1223	197	T	0	0	196	37.4336734693878
A_PB2	1224	197	T	0	0	197	37.4771573604061
A_PB2	1225	198	T	0	0	198	37.1111111111111
A_PB2	1226	198	C	0	0	198	37.3585858585859
A_PB2	1227	199	T	0	0	199	37.391959798995
A_PB2	1228	204	C	0	0	204	37.3333333333333
A_PB2	1229	205	A	0	0	205	37.4585365853659
A_PB2	1230	215	C	0	0	215	37.3348837209302
A_PB2	1231	214	A	0	0	214	37.2336448598131
A_PB2	1232	214	A	0	0	213	37.1596244131455
A_PB2	1233	213	G	0	0	213	37.1549295774648
A_PB2	1234	210	A	0	0	210	36.5714285714286
A_PB2	1235	210	G	0	0	210	36.7952380952381
A_PB2	1236	209	G	0	0	209	36.4114832535885
A_PB2	1237	206	A	0	0	204	37.0686274509804
A_PB2	1238	205	C	0	0	205	36.390243902439
A_PB2	1239	183	T	0	0	183	37.3715846994535
A_PB2	1240	188	G	0	0	188	37.5744680851064
A_PB2	1241	188	C	0	0	188	37.8351063829787
A_PB2	1242	187	A	0	0	185	37.4540540540541
A_PB2	1243	187	T	0	0	186	37.989247311828
A_PB2	1244	190	G	0	0	190	37.8736842105263
A_PB2	1245	192	A	0	0	192	37.984375
A_PB2	1246	191	T	0	0	191	37.8219895287958
A_PB2	1247	191	A	0	0	191	37.7696335078534
A_PB2	1248	190	A	0	0	190	37.3473684210526
A_PB2	1249	193	A	0	0	193	37.3212435233161
A_PB2	1250	193	A	0	0	192	37.453125
A_PB2	1251	192	G	0	0	192	36.9479166666667
A_PB2	1252	192	C	0	0	192	37.5052083333333
A_PB2	1253	181	A	0	0	181	37.707182320442
A_PB2	1254	188	G	0	0	188	37.1063829787234
A_PB2	1255	194	T	0	0	194	36.4329896907216
A_PB2	1256	194	A	0	0	194	37.3762886597938
A_PB2	1257	195	C	0	0	195	36.7794871794872
A_PB2	1258	192	G	0	0	192	37.0104166666667
A_PB2	1259	193	A	0	0	193	36.300518134715
A_PB2	1260	191	G	0	0	190	36.7263157894737
A_PB2	1261	190	G	0	0	190	36.7105263157895
A_PB2	1262	186	T	0	0	185	34.5081081081081
A_PB2	1263	186	G	0	0	186	36.747311827957
A_PB2	1264	187	A	0	0	187	37.2941176470588
A_PB2	1265	187	T	0	0	187	37.475935828877
A_PB2	1266	187	C	0	0	186	38.0645161290323
A_PB2	1267	186	T	0	0	186	38.0376344086022
A_PB2	1268	189	G	0	0	189	38.1957671957672
A_PB2	1269	202	A	0	0	202	37.980198019802
A_PB2	1270	202	A	0	0	202	37.8069306930693
A_PB2	1271	205	T	0	0	205	37.8878048780488
A_PB2	1272	206	T	0	0	206	38.0339805825243
A_PB2	1273	207	T	0	0	207	38.2028985507246
A_PB2	1274	207	T	0	0	207	38.1352657004831
A_PB2	1275	208	G	0	0	208	38.2163461538462
A_PB2	1276	211	T	0	0	210	38.0095238095238
A_PB2	1277	211	T	0	0	211	38.1990521327014
A_PB2	1278	212	A	0	0	212	38.061320754717
A_PB2	1279	211	A	0	0	211	38.175355450237
A_PB2	1280	212	C	0	0	212	37.9858490566038
A_PB2	1281	211	A	0	0	211	37.6113744075829
A_PB2	1282	207	G	0	0	207	37.695652173913
A_PB2	1283	213	A	0	0	213	36.6572769953052
A_PB2	1284	213	G	0	0	213	36.9953051643192
A_PB2	1285	212	C	0	0	212	37.5330188679245
A_PB2	1286	212	G	0	0	212	37.3537735849057
A_PB2	1287	214	A	0	0	214	37.1542056074766
A_PB2	1288	214	A	0	0	214	37.2336448598131
A_PB2	1289	216	T	0	0	215	36.3302325581395
A_PB2	1290	216	C	0	0	216	36.3935185185185
A_PB2	1291	213	A	0	0	212	37.2877358490566
A_PB2	1292	213	G	0	0	213	37.18779342723
A_PB2	1293	218	C	0	0	218	36.9311926605505
A_PB2	1294	218	G	0	0	218	37.1834862385321
A_PB2	1295	225	G	0	0	225	36.5466666666667
A_PB2	1296	223	C	0	0	223	36.9461883408072
A_PB2	1297	223	T	0	0	223	37.1479820627803
A_PB2	1298	226	A	0	0	226	37.6504424778761
A_PB2	1299	226	A	0	0	226	37.2920353982301
A_PB2	1300	231	A	0	0	231	37.4718614718615
A_PB2	1301	232	T	0	0	231	36.991341991342
A_PB2	1302	240	C	0	0	239	36.8828451882845
A_PB2	1303	241	C	0	0	241	36.896265560166
A_PB2	1304	226	T	0	0	225	37.7466666666667
A_PB2	1305	226	A	0	0	225	37.2755555555556
A_PB2	1306	226	T	0	0	225	37.5333333333333
A_PB2	1307	229	G	0	0	229	37.3755458515284
A_PB2	1308	231	C	0	0	231	37.2770562770563
A_PB2	1309	228	A	0	0	227	37.4493392070485
A_PB2	1310	228	T	0	0	227	37.4625550660793
A_PB2	1311	226	C	0	0	226	37.0929203539823
A_PB2	1312	225	A	0	0	225	37.6755555555556
A_PB2	1313	223	A	0	0	223	36.9686098654709
A_PB2	1314	228	C	0	0	228	37.280701754386
A_PB2	1315	230	T	0	0	229	37.1091703056769
A_PB2	1316	232	T	0	0	232	37.0646551724138
A_PB2	1317	230	C	0	0	228	37.7324561403509
A_PB2	1318	229	T	0	0	229	37.3580786026201
A_PB2	1319	229	G	0	0	228	37.4780701754386
A_PB2	1320	229	A	0	0	227	37.4449339207048
A_PB2	1321	230	G	0	0	229	37.4497816593886
A_PB2	1322	230	G	0	0	230	37.1173913043478
A_PB2	1323	231	C	0	0	230	36.9695652173913
A_PB2	1324	231	A	0	0	231	37.012987012987
A_PB2	1325	232	T	1	0	232	37.8663793103448
A_PB2	1326	236	T	0	0	236	37.6186440677966
A_PB2	1327	236	T	0	0	236	37.7415254237288
A_PB2	1328	239	T	0	0	239	37.1004184100418
A_PB2	1329	239	C	0	0	239	37.5857740585774
A_PB2	1330	239	A	0	0	239	37.7615062761506
A_PB2	1331	239	A	0	0	239	37.5857740585774
A_PB2	1332	239	A	0	0	237	37.6919831223629
A_PB2	1333	238	A	0	0	238	37.546218487395
A_PB2	1334	239	G	0	0	237	37.2573839662447
A_PB2	1335	238	G	0	0	238	36.9873949579832
A_PB2	1336	250	A	0	0	250	37.708
A_PB2	1337	250	T	0	0	250	37.948
A_PB2	1338	250	G	0	0	250	37.516
A_PB2	1339	252	C	0	0	251	37.4741035856574
A_PB2	1340	252	A	0	0	252	37.6785714285714
A_PB2	1341	252	A	0	0	252	37.7539682539683
A_PB2	1342	254	A	0	0	254	37.7165354330709
A_PB2	1343	252	A	0	0	252	37.6190476190476
A_PB2	1344	251	G	0	0	250	37.176
A_PB2	1345	252	T	0	0	248	36.7056451612903
A_PB2	1346	253	G	0	0	253	37.3320158102767
A_PB2	1347	253	T	0	0	252	36.8968253968254
A_PB2	1348	251	T	0	0	251	37.6613545816733
A_PB2	1349	253	G	0	0	253	37.5138339920949
A_PB2	1350	255	T	0	0	255	37.1803921568627
A_PB2	1351	253	T	0	0	253	37.7351778656126
A_PB2	1352	253	T	0	0	253	37.3083003952569
A_PB2	1353	252	C	0	0	252	37.8730158730159
A_PB2	1354	252	A	0	0	251	37.9282868525896
A_PB2	1355	255	A	0	0	255	37.8862745098039
A_PB2	1356	255	A	0	0	255	37.3764705882353
A_PB2	1357	252	A	0	0	252	37.5595238095238
A_PB2	1358	251	C	0	0	251	37.1075697211155
A_PB2	1359	246	T	0	0	246	36.9959349593496
A_PB2	1360	243	G	2	0	243	36.8065843621399
A_PB2	1361	245	G	0	0	245	36.9183673469388
A_PB2	1362	245	G	0	0	245	37.4285714285714
A_PB2	1363	250	G	0	0	249	37.1927710843374
A_PB2	1364	251	G	0	0	251	37.5219123505976
A_PB2	1365	250	A	0	0	250	37.192
A_PB2	1366	249	T	0	0	248	37.2096774193548
A_PB2	1367	245	T	0	0	245	37.9714285714286
A_PB2	1368	245	G	0	0	245	37.3632653061225
A_PB2	1369	245	A	0	0	245	37.2204081632653
A_PB2	1370	245	A	0	0	244	37.405737704918
A_PB2	1371	250	C	0	0	250	37.872
A_PB2	1372	249	C	0	0	248	37.1935483870968
A_PB2	1373	250	A	0	0	249	37.8313253012048
A_PB2	1374	254	A	0	0	254	37.9842519685039
A_PB2	1375	254	T	0	0	254	37.2992125984252
A_PB2	1376	256	T	0	0	255	37.6588235294118
A_PB2	1377	257	G	0	0	257	37.6420233463035
A_PB2	1378	256	A	0	0	256	37.73046875
A_PB2	1379	254	C	0	0	254	37.5866141732283
A_PB2	1380	250	A	0	0	250	38.096
A_PB2	1381	252	A	0	0	252	37.3412698412698
A_PB2	1382	253	T	0	0	253	37.5256916996047
A_PB2	1383	255	G	0	0	255	37.5882352941176
A_PB2	1384	257	T	0	0	257	36.8287937743191
A_PB2	1385	257	A	0	0	257	37.2568093385214
A_PB2	1386	257	A	0	0	256	37.29296875
A_PB2	1387	257	T	0	0	257	37.136186770428
A_PB2	1388	257	G	0	0	257	36.9961089494163
A_PB2	1389	257	G	0	0	256	37.46875
A_PB2	1390	252	G	0	0	251	37.3426294820717
A_PB2	1391	247	G	0	0	247	37.1457489878542
A_PB2	1392	243	A	0	0	243	37.2222222222222
A_PB2	1393	242	T	0	0	242	35.9628099173554
A_PB2	1394	246	G	0	0	246	36.1951219512195
A_PB2	1395	250	A	0	0	249	36.7068273092369
A_PB2	1396	261	T	0	0	261	36.3026819923372
A_PB2	1397	261	C	0	0	261	36.8429118773946
A_PB2	1398	260	G	0	0	260	36.8
A_PB2	1399	268	G	0	0	268	36.6902985074627
A_PB2	1400	267	A	0	0	267	36.8202247191011
A_PB2	1401	268	A	0	0	267	36.7453183520599
A_PB2	1402	267	T	0	0	266	36.6691729323308
A_PB2	1403	264	A	0	0	263	37.1406844106464
A_PB2	1404	266	C	0	0	265	36.5471698113208
A_PB2	1405	254	T	0	0	254	37.0275590551181
A_PB2	1406	261	G	0	0	260	36.9423076923077
A_PB2	1407	262	C	0	0	261	36.7816091954023
A_PB2	1408	261	C	0	0	261	37.2260536398467
A_PB2	1409	259	T	0	0	258	37.015503875969
A_PB2	1410	258	G	0	0	258	37.3682170542636
A_PB2	1411	260	A	0	0	259	37.1389961389961
A_PB2	1412	260	C	0	0	260	37.3307692307692
A_PB2	1413	260	A	0	0	260	37.3307692307692
A_PB2	1414	259	T	0	0	259	37.4864864864865
A_PB2	1415	259	G	0	0	258	36.1356589147287
A_PB2	1416	260	A	0	0	259	36.4826254826255
A_PB2	1417	263	C	0	0	262	36.0229007633588
A_PB2	1418	265	C	0	0	265	36.1056603773585
A_PB2	1419	265	C	0	0	265	35.7320754716981
A_PB2	1420	250	C	0	0	250	36.196
A_PB2	1421	250	C	0	0	250	36.908
A_PB2	1422	247	A	0	0	245	36.8857142857143
A_PB2	1423	257	G	0	0	257	36.6770428015564
A_PB2	1424	257	C	0	0	257	37.0817120622568
A_PB2	1425	257	A	0	0	256	36.83984375
A_PB2	1426	255	C	0	0	255	37.2235294117647
A_PB2	1427	253	A	0	0	253	37.4901185770751
A_PB2	1428	254	G	0	0	254	37.4448818897638
A_PB2	1429	256	A	0	0	256	36.93359375
A_PB2	1430	257	G	0	0	256	37.23046875
A_PB2	1431	257	A	0	0	256	37.359375
A_PB2	1432	246	T	0	0	246	37.2154471544715
A_PB2	1433	247	G	0	0	247	37.7773279352227
A_PB2	1434	250	T	0	0	250	36.94
A_PB2	1435	248	C	0	0	248	37.2620967741936
A_PB2	1436	248	A	0	0	246	37.2235772357724
A_PB2	1437	250	C	0	0	250	37.612
A_PB2	1438	247	T	0	0	247	37.2753036437247
A_PB2	1439	248	G	0	0	248	37.7056451612903
A_PB2	1440	247	A	0	0	246	37.1869918699187
A_PB2	1441	252	G	0	0	252	37.3015873015873
A_PB2	1442	249	A	0	0	249	36.8995983935743
A_PB2	1443	246	G	0	0	245	37.1469387755102
A_PB2	1444	272	G	0	0	272	36.6360294117647
A_PB2	1445	268	A	0	0	266	36.8383458646617
A_PB2	1446	266	G	0	0	265	36.7735849056604
A_PB2	1447	265	T	0	0	265	36.6641509433962
A_PB2	1448	266	G	0	0	266	37.3721804511278
A_PB2	1449	265	A	0	0	265	37.4188679245283
A_PB2	1450	264	G	0	0	264	37.4962121212121
A_PB2	1451	264	A	0	0	264	37.6666666666667
A_PB2	1452	264	G	0	0	264	37.1856060606061
A_PB2	1453	250	T	0	0	249	37.2088353413655
A_PB2	1454	249	C	0	0	248	37.2620967741936
A_PB2	1455	248	A	0	0	247	37.6720647773279
A_PB2	1456	251	G	0	0	251	37.6215139442231
A_PB2	1457	251	C	0	0	251	37.5378486055777
A_PB2	1458	250	A	0	0	250	37.992
A_PB2	1459	254	A	0	0	254	37.8031496062992
A_PB2	1460	254	A	0	0	254	38.0629921259843
A_PB2	1461	258	A	0	0	258	37.7596899224806
A_PB2	1462	258	T	0	0	258	37.7829457364341
A_PB2	1463	259	G	0	0	259	37.6216216216216
A_PB2	1464	263	G	0	0	263	37.5171102661597
A_PB2	1465	265	G	0	0	265	37.1849056603774
A_PB2	1466	264	A	0	0	263	36.9391634980989
A_PB2	1467	265	G	0	0	265	36.5622641509434
A_PB2	1468	264	T	0	0	263	36.1368821292776
A_PB2	1469	278	G	0	0	277	36.5090252707581
A_PB2	1470	282	G	0	0	282	36.8439716312057
A_PB2	1471	282	A	0	0	282	36.8581560283688
A_PB2	1472	283	T	0	0	282	36.9503546099291
A_PB2	1473	293	G	0	0	292	37.1712328767123
A_PB2	1474	290	A	0	0	290	37.1
A_PB2	1475	294	A	0	0	294	37.1156462585034
A_PB2	1476	295	T	0	0	294	37.1292517006803
A_PB2	1477	292	A	0	0	292	37.2739726027397
A_PB2	1478	306	T	0	0	305	37.2655737704918
A_PB2	1479	301	T	0	0	301	37.3920265780731
A_PB2	1480	305	C	0	0	305	37.0196721311475
A_PB2	1481	306	C	0	0	306	37.2418300653595
A_PB2	1482	306	A	0	0	304	36.8157894736842
A_PB2	1483	323	G	0	0	323	36.9597523219814
A_PB2	1484	322	T	0	0	320	36.6625
A_PB2	1485	323	A	0	0	322	36.6894409937888
A_PB2	1486	330	C	0	0	329	36.644376899696
A_PB2	1487	314	T	0	0	313	37.0958466453674
A_PB2	1488	317	G	0	0	317	37.2145110410095
A_PB2	1489	315	A	0	0	315	36.647619047619
A_PB2	1490	316	G	0	0	316	37.2405063291139
A_PB2	1491	317	A	0	0	317	37.1104100946372
A_PB2	1492	317	G	0	0	316	37.5537974683544
A_PB2	1493	314	A	0	0	313	36.4121405750799
A_PB2	1494	314	G	0	0	314	36.6592356687898
A_PB2	1495	312	T	0	0	311	35.8167202572347
A_PB2	1496	314	G	0	0	313	36.8306709265176
A_PB2	1497	317	G	0	0	317	36.1198738170347
A_PB2	1498	316	T	0	0	313	36.6038338658147
A_PB2	1499	317	C	0	0	316	37.003164556962
A_PB2	1500	317	G	0	0	317	36.8517350157729
A_PB2	1501	317	T	0	0	315	35.9777777777778
A_PB2	1502	317	G	0	0	316	36.5886075949367
A_PB2	1503	317	A	0	0	317	37.3059936908517
A_PB2	1504	322	G	0	0	322	36.9782608695652
A_PB2	1505	327	C	0	0	326	37.4355828220859
A_PB2	1506	322	A	0	0	322	37.8540372670807
A_PB2	1507	322	T	0	0	322	37.6304347826087
A_PB2	1508	322	T	0	0	322	37.3198757763975
A_PB2	1509	326	G	0	0	325	37.3938461538462
A_PB2	1510	332	A	0	0	332	37.4789156626506
A_PB2	1511	332	T	0	0	331	36.987915407855
A_PB2	1512	332	C	0	0	332	37.5301204819277
A_PB2	1513	331	G	0	0	331	37.0151057401813
A_PB2	1514	344	T	0	0	343	37.0145772594752
A_PB2	1515	352	T	0	0	352	36.90625
A_PB2	1516	354	T	0	0	354	36.7203389830508
A_PB2	1517	355	C	0	0	353	37.7535410764873
A_PB2	1518	357	T	0	0	355	37.4647887323944
A_PB2	1519	357	T	0	0	354	37.5847457627119
A_PB2	1520	357	G	0	0	355	37.4732394366197
A_PB2	1521	357	A	0	0	357	37.3109243697479
A_PB2	1522	357	G	0	0	357	37.5966386554622
A_PB2	1523	353	A	0	0	352	36.5369318181818
A_PB2	1524	356	G	0	0	356	36.8539325842697
A_PB2	1525	354	T	0	0	354	36.8446327683616
A_PB2	1526	353	C	0	0	352	36.8721590909091
A_PB2	1527	352	C	0	0	350	37.2914285714286
A_PB2	1528	352	G	0	0	351	37.2421652421652
A_PB2	1529	352	A	0	0	351	36.8490028490029
A_PB2	1530	354	G	0	0	354	36.7796610169492
A_PB2	1531	354	A	0	0	353	36.9376770538244
A_PB2	1532	351	T	0	0	350	36.7514285714286
A_PB2	1533	348	C	0	0	347	37.7146974063401
A_PB2	1534	347	A	0	0	346	37.4797687861272
A_PB2	1535	352	G	0	0	351	37.7264957264957
A_PB2	1536	353	A	0	0	353	37.5807365439093
A_PB2	1537	354	G	0	0	354	37.8333333333333
A_PB2	1538	355	G	0	0	353	37.1756373937677
A_PB2	1539	354	G	0	0	354	36.9943502824859
A_PB2	1540	353	G	0	0	353	36.8215297450425
A_PB2	1541	353	A	0	0	352	36.8636363636364
A_PB2	1542	354	A	0	0	354	36.7598870056497
A_PB2	1543	360	A	0	0	357	37.5546218487395
A_PB2	1544	358	C	0	0	358	37.3128491620112
A_PB2	1545	362	G	0	0	362	37.3397790055249
A_PB2	1546	359	T	0	0	359	36.6434540389972
A_PB2	1547	353	A	0	0	352	36.9829545454545
A_PB2	1548	353	C	0	0	352	36.7982954545455
A_PB2	1549	351	T	0	0	351	37.2079772079772
A_PB2	1550	356	C	0	0	355	37.1070422535211
A_PB2	1551	348	C	0	0	346	37.5346820809249
A_PB2	1552	344	T	0	0	343	37.5276967930029
A_PB2	1553	345	G	0	0	344	37.0494186046512
A_PB2	1554	344	T	0	0	343	37.4985422740525
A_PB2	1555	351	C	0	0	351	37.1396011396011
A_PB2	1556	352	T	0	0	349	37.0171919770774
A_PB2	1557	354	C	0	0	353	37.257790368272
A_PB2	1558	354	C	0	0	354	37.1497175141243
A_PB2	1559	351	T	0	0	349	37.5730659025788
A_PB2	1560	351	G	0	0	350	37.6714285714286
A_PB2	1561	350	A	0	0	349	36.7793696275072
A_PB2	1562	350	G	0	0	348	37.3189655172414
A_PB2	1563	350	G	0	0	349	37.0343839541547
A_PB2	1564	346	A	0	0	346	37.6040462427746
A_PB2	1565	346	A	0	0	346	37.4248554913295
A_PB2	1566	346	G	0	0	346	37.5346820809249
A_PB2	1567	346	T	0	0	346	37.3352601156069
A_PB2	1568	345	T	0	0	343	37.4781341107872
A_PB2	1569	343	A	0	0	343	37.8279883381924
A_PB2	1570	349	G	0	0	349	37.8080229226361
A_PB2	1571	349	T	0	0	347	37.5244956772334
A_PB2	1572	348	G	0	0	348	37.5373563218391
A_PB2	1573	351	A	0	0	351	37.1794871794872
A_PB2	1574	339	A	0	0	337	37.3382789317507
A_PB2	1575	339	A	0	0	337	37.4658753709199
A_PB2	1576	337	C	0	0	335	37.4597014925373
A_PB2	1577	338	A	0	0	336	37.5833333333333
A_PB2	1578	342	C	0	0	342	37.4590643274854
A_PB2	1579	339	A	0	0	339	37.1061946902655
A_PB2	1580	347	G	0	0	344	37.5174418604651
A_PB2	1581	350	G	0	0	349	37.3037249283668
A_PB2	1582	357	G	0	0	357	36.6638655462185
A_PB2	1583	361	A	0	0	360	36.7722222222222
A_PB2	1584	360	A	0	0	360	37.8
A_PB2	1585	361	C	0	0	361	37.1024930747922
A_PB2	1586	361	A	0	0	358	37.5279329608939
A_PB2	1587	366	G	0	0	366	37.7868852459016
A_PB2	1588	366	A	0	0	366	37.6830601092896
A_PB2	1589	364	G	0	0	364	37.3214285714286
A_PB2	1590	364	A	0	0	364	37.4642857142857
A_PB2	1591	361	A	0	0	361	37.5927977839335
A_PB2	1592	361	A	0	0	360	37.725
A_PB2	1593	356	C	0	0	354	37.3022598870056
A_PB2	1594	353	T	0	0	353	37.7592067988669
A_PB2	1595	357	G	0	0	357	37.4397759103641
A_PB2	1596	355	A	0	0	355	37.1211267605634
A_PB2	1597	356	C	0	0	356	37.7640449438202
A_PB2	1598	356	G	0	0	352	37.2869318181818
A_PB2	1599	363	A	0	0	363	37.3939393939394
A_PB2	1600	367	T	0	0	367	37.5040871934605
A_PB2	1601	370	A	0	0	370	37.1756756756757
A_PB2	1602	371	A	0	0	370	37.1621621621622
A_PB2	1603	390	C	0	0	390	37.7205128205128
A_PB2	1604	388	A	0	0	386	37.8212435233161
A_PB2	1605	388	T	0	0	388	37.389175257732
A_PB2	1606	389	A	0	0	389	37.6632390745501
A_PB2	1607	388	T	0	0	388	37.2422680412371
A_PB2	1608	386	T	0	0	386	37.4844559585492
A_PB2	1609	386	C	0	0	386	37.1632124352332
A_PB2	1610	388	A	0	0	388	37.0077319587629
A_PB2	1611	388	T	0	0	386	36.9041450777202
A_PB2	1612	377	C	0	0	376	37.0292553191489
A_PB2	1613	381	G	0	0	381	37.5328083989501
A_PB2	1614	391	T	0	0	391	37.2992327365729
A_PB2	1615	389	C	0	0	389	36.9408740359897
A_PB2	1616	388	C	0	0	387	36.9560723514212
A_PB2	1617	388	A	0	0	388	37.3376288659794
A_PB2	1618	386	T	0	0	386	37.5155440414508
A_PB2	1619	387	G	0	0	387	37.8811369509044
A_PB2	1620	380	A	0	0	380	37.6710526315789
A_PB2	1621	377	T	0	0	377	37.5437665782493
A_PB2	1622	377	G	0	0	377	37.6392572944297
A_PB2	1623	369	T	0	0	367	37.5858310626703
A_PB2	1624	363	G	0	0	363	37.8236914600551
A_PB2	1625	364	G	0	0	364	37.5769230769231
A_PB2	1626	362	G	0	0	362	37.1519337016575
A_PB2	1627	359	A	0	0	358	37.6815642458101
A_PB2	1628	358	A	0	0	358	37.7625698324022
A_PB2	1629	358	A	0	0	356	37.9157303370786
A_PB2	1630	358	T	0	0	357	37.4117647058824
A_PB2	1631	359	C	0	0	359	37.6044568245125
A_PB2	1632	359	A	0	0	359	38.1030640668524
A_PB2	1633	357	A	0	0	356	37.811797752809
A_PB2	1634	350	T	0	0	350	37.7428571428571
A_PB2	1635	349	G	0	0	349	37.2206303724928
A_PB2	1636	350	G	0	0	350	37.0085714285714
A_PB2	1637	347	T	0	0	347	37.1585014409222
A_PB2	1638	347	C	0	0	344	36.7877906976744
A_PB2	1639	347	C	0	0	346	37.6040462427746
A_PB2	1640	346	G	0	0	346	37.3410404624277
A_PB2	1641	356	G	0	0	356	37.1067415730337
A_PB2	1642	358	A	0	0	358	37.3128491620112
A_PB2	1643	356	A	0	0	356	36.8230337078652
A_PB2	1644	356	T	0	0	355	37.0985915492958
A_PB2	1645	355	C	0	0	355	37.7802816901408
A_PB2	1646	354	A	0	0	354	37.909604519774
A_PB2	1647	370	G	0	0	370	37.5216216216216
A_PB2	1648	381	T	0	0	378	37.3941798941799
A_PB2	1649	382	G	0	0	381	37.1443569553806
A_PB2	1650	380	C	0	0	380	37.25
A_PB2	1651	378	T	0	0	377	37.4854111405836
A_PB2	1652	396	A	0	0	396	37.5151515151515
A_PB2	1653	397	G	0	0	397	37.1612090680101
A_PB2	1654	396	T	0	0	396	37.1843434343434
A_PB2	1655	395	C	0	0	395	36.893670886076
A_PB2	1656	386	A	0	0	385	37.3506493506493
A_PB2	1657	403	A	0	0	403	37.4416873449131
A_PB2	1658	404	C	0	0	404	37.2252475247525
A_PB2	1659	405	A	0	0	404	36.9579207920792
A_PB2	1660	409	C	0	0	409	37.119804400978
A_PB2	1661	395	A	0	0	395	37.1569620253165
A_PB2	1662	403	T	0	0	402	37.4800995024876
A_PB2	1663	403	A	0	0	402	37.7014925373134
A_PB2	1664	407	T	0	0	406	37.423645320197
A_PB2	1665	400	C	0	0	400	37.5875
A_PB2	1666	383	A	0	0	383	37.9190600522193
A_PB2	1667	382	G	0	0	381	37.7742782152231
A_PB2	1668	388	T	0	0	386	37.3937823834197
A_PB2	1669	388	G	0	0	388	37.4123711340206
A_PB2	1670	387	G	0	0	387	37.3514211886305
A_PB2	1671	385	A	0	0	384	37.4427083333333
A_PB2	1672	386	T	0	0	386	37.339378238342
A_PB2	1673	382	C	0	0	382	37.9607329842932
A_PB2	1674	384	A	0	0	384	37.9505208333333
A_PB2	1675	384	T	0	0	384	37.796875
A_PB2	1676	384	T	0	0	384	38.21875
A_PB2	1677	384	A	0	0	384	38.0546875
A_PB2	1678	386	G	0	0	386	37.5025906735751
A_PB2	1679	388	A	0	0	388	37.9201030927835
A_PB2	1680	390	A	0	0	390	37.7282051282051
A_PB2	1681	389	A	0	0	389	37.6221079691517
A_PB2	1682	393	T	0	0	393	37.6259541984733
A_PB2	1683	389	T	0	0	389	37.8971722365039
A_PB2	1684	388	G	0	0	388	37.7139175257732
A_PB2	1685	388	G	0	0	388	37.5979381443299
A_PB2	1686	387	G	0	0	387	37.5142118863049
A_PB2	1687	386	A	0	0	386	37.0958549222798
A_PB2	1688	386	G	0	0	386	37.2124352331606
A_PB2	1689	390	A	0	0	389	36.9305912596401
A_PB2	1690	393	C	0	0	393	36.9770992366412
A_PB2	1691	393	T	0	0	392	37.7729591836735
A_PB2	1692	397	G	0	0	396	37.9267676767677
A_PB2	1693	396	T	0	0	395	37.5493670886076
A_PB2	1694	397	G	0	0	395	37.946835443038
A_PB2	1695	397	A	0	0	396	37.7272727272727
A_PB2	1696	396	A	0	0	396	37.7449494949495
A_PB2	1697	398	G	0	0	396	37.6111111111111
A_PB2	1698	399	A	0	0	399	37.874686716792
A_PB2	1699	405	T	0	0	405	37.8444444444444
A_PB2	1700	404	T	0	0	404	37.8391089108911
A_PB2	1701	403	C	0	0	403	37.7667493796526
A_PB2	1702	403	A	0	0	403	37.7220843672457
A_PB2	1703	407	G	0	0	406	37.6995073891626
A_PB2	1704	408	T	0	0	405	37.558024691358
A_PB2	1705	408	G	1	0	408	37.2892156862745
A_PB2	1706	406	G	0	0	406	37.307881773399
A_PB2	1707	404	T	0	0	404	37.4084158415842
A_PB2	1708	405	C	0	0	405	37.1456790123457
A_PB2	1709	409	C	0	0	408	37.3897058823529
A_PB2	1710	411	C	0	0	411	37.8832116788321
A_PB2	1711	412	A	0	0	412	37.7839805825243
A_PB2	1712	414	A	0	0	414	37.6376811594203
A_PB2	1713	414	G	0	0	414	37.5724637681159
A_PB2	1714	421	A	0	0	421	37.2802850356295
A_PB2	1715	421	T	0	0	421	37.3087885985748
A_PB2	1716	423	C	0	0	423	37.4917257683215
A_PB2	1717	437	C	0	0	437	37.5446224256293
A_PB2	1718	434	T	0	0	433	37.4434180138568
A_PB2	1719	437	A	0	0	437	37.533180778032
A_PB2	1720	432	C	0	0	432	37.8842592592593
A_PB2	1721	429	A	0	0	428	37.7803738317757
A_PB2	1722	445	A	0	0	445	37.5550561797753
A_PB2	1723	438	T	0	0	438	37.324200913242
A_PB2	1724	451	G	0	0	451	37.490022172949
A_PB2	1725	452	T	0	0	452	37.4004424778761
A_PB2	1726	439	T	0	0	439	37.619589977221
A_PB2	1727	452	G	0	0	450	37.5133333333333
A_PB2	1728	451	T	0	0	450	37.3155555555556
A_PB2	1729	451	A	0	0	451	37.5942350332594
A_PB2	1730	450	C	0	0	450	37.4377777777778
A_PB2	1731	439	A	0	0	438	37.5776255707763
A_PB2	1732	444	A	0	0	443	37.902934537246
A_PB2	1733	435	T	0	0	434	37.831797235023
A_PB2	1734	434	A	0	0	433	37.905311778291
A_PB2	1735	435	G	0	0	434	37.8271889400922
A_PB2	1736	423	G	0	0	422	38.0071090047393
A_PB2	1737	423	A	0	0	422	37.9810426540284
A_PB2	1738	421	T	0	0	421	37.7553444180523
A_PB2	1739	417	G	0	0	417	38.2470023980815
A_PB2	1740	419	G	0	0	419	37.5751789976134
A_PB2	1741	419	A	0	0	419	37.8162291169451
A_PB2	1742	426	A	0	0	426	37.7887323943662
A_PB2	1743	427	T	0	0	427	37.7002341920375
A_PB2	1744	426	T	0	0	424	37.9150943396226
A_PB2	1745	426	T	0	0	426	37.9366197183099
A_PB2	1746	425	G	0	0	425	37.7811764705882
A_PB2	1747	426	A	0	0	424	37.6344339622642
A_PB2	1748	425	A	0	0	424	37.1603773584906
A_PB2	1749	421	C	0	0	421	37.3895486935867
A_PB2	1750	416	C	0	0	416	37.46875
A_PB2	1751	415	T	0	0	414	37.780193236715
A_PB2	1752	424	T	0	0	424	37.8160377358491
A_PB2	1753	426	T	0	0	426	37.7840375586854
A_PB2	1754	419	C	0	0	419	37.5608591885441
A_PB2	1755	418	C	0	0	418	37.9928229665072
A_PB2	1756	421	A	0	0	421	37.9477434679335
A_PB2	1757	420	A	0	0	420	37.7690476190476
A_PB2	1758	421	T	0	0	421	37.7862232779097
A_PB2	1759	422	C	0	0	422	37.6635071090047
A_PB2	1760	421	C	0	0	421	37.8788598574822
A_PB2	1761	411	T	0	0	411	38.1873479318735
A_PB2	1762	411	T	0	0	411	38.2895377128954
A_PB2	1763	411	G	0	0	411	37.7712895377129
A_PB2	1764	410	G	0	0	410	37.3707317073171
A_PB2	1765	408	T	0	0	408	37.5980392156863
A_PB2	1766	409	G	0	0	409	37.200488997555
A_PB2	1767	409	C	0	0	409	36.6479217603912
A_PB2	1768	408	C	0	0	408	37.8235294117647
A_PB2	1769	408	C	0	0	407	37.997542997543
A_PB2	1770	410	A	0	0	410	38.2170731707317
A_PB2	1771	409	A	0	0	409	38.0317848410758
A_PB2	1772	411	A	0	0	411	38.0535279805353
A_PB2	1773	411	G	0	0	411	37.4306569343066
A_PB2	1774	413	C	0	0	413	37.3559322033898
A_PB2	1775	411	T	0	0	411	37.7177615571776
A_PB2	1776	411	G	0	0	411	37.9975669099757
A_PB2	1777	414	C	0	0	413	37.8958837772397
A_PB2	1778	412	C	0	0	412	37.9805825242718
A_PB2	1779	412	A	0	0	411	38.0097323600973
A_PB2	1780	413	G	0	0	413	38.0484261501211
A_PB2	1781	413	A	0	0	413	37.8208232445521
A_PB2	1782	433	G	0	0	433	37.4988452655889
A_PB2	1783	433	G	0	0	432	36.9027777777778
A_PB2	1784	435	C	0	0	428	36.6051401869159
A_PB2	1785	435	C	0	0	434	36.9539170506912
A_PB2	1786	435	A	0	0	433	36.9237875288684
A_PB2	1787	460	G	0	0	460	37.2239130434783
A_PB2	1788	460	T	0	0	457	36.9212253829322
A_PB2	1789	463	A	0	0	462	37.3268398268398
A_PB2	1790	463	T	0	0	463	37.2850971922246
A_PB2	1791	447	A	0	0	447	37.2371364653244
A_PB2	1792	448	G	0	0	448	37.1383928571429
A_PB2	1793	445	T	0	0	443	36.589164785553
A_PB2	1794	445	G	0	0	445	36.8786516853933
A_PB2	1795	447	G	0	0	447	37.0022371364653
A_PB2	1796	440	G	0	0	439	37.2027334851936
A_PB2	1797	424	T	0	0	424	36.6603773584906
A_PB2	1798	408	T	0	0	408	37.2377450980392
A_PB2	1799	408	T	0	0	408	37.2622549019608
A_PB2	1800	408	G	0	0	408	37.343137254902
A_PB2	1801	408	T	0	0	407	37.5577395577396
A_PB2	1802	408	G	0	0	408	37.7720588235294
A_PB2	1803	392	A	0	0	392	37.5612244897959
A_PB2	1804	391	G	0	0	390	37.6179487179487
A_PB2	1805	390	G	0	0	390	37.5358974358974
A_PB2	1806	391	A	0	0	390	37.7
A_PB2	1807	389	C	0	0	389	37.6889460154242
A_PB2	1808	385	A	0	0	385	38.0233766233766
A_PB2	1809	389	T	0	0	386	37.9974093264249
A_PB2	1810	388	T	0	0	387	37.9922480620155
A_PB2	1811	388	A	0	0	388	37.9768041237113
A_PB2	1812	388	T	0	0	388	37.6365979381443
A_PB2	1813	387	T	0	0	385	37.3558441558442
A_PB2	1814	384	C	0	0	384	37.2630208333333
A_PB2	1815	383	C	0	0	382	37.9764397905759
A_PB2	1816	373	A	0	0	373	37.9678284182306
A_PB2	1817	373	G	0	0	372	37.8602150537634
A_PB2	1818	373	C	0	0	373	37.8766756032172
A_PB2	1819	371	A	0	0	370	38.2
A_PB2	1820	369	G	0	0	368	37.6875
A_PB2	1821	369	A	0	0	369	37.6531165311653
A_PB2	1822	371	T	0	0	370	37.2594594594595
A_PB2	1823	371	G	0	0	371	37.0916442048518
A_PB2	1824	368	C	0	0	368	37.7445652173913
A_PB2	1825	369	G	0	0	369	37.6639566395664
A_PB2	1826	371	A	0	0	368	37.0896739130435
A_PB2	1827	371	G	0	0	370	37.5324324324324
A_PB2	1828	371	A	0	0	370	36.9324324324324
A_PB2	1829	364	T	0	0	361	37.5401662049861
A_PB2	1830	371	G	0	0	371	37.811320754717
A_PB2	1831	368	T	0	0	368	37.3179347826087
A_PB2	1832	374	G	0	0	373	37.6005361930295
A_PB2	1833	375	C	0	0	375	37.056
A_PB2	1834	375	T	0	0	375	37.584
A_PB2	1835	392	G	0	0	391	37.4987212276215
A_PB2	1836	398	G	0	0	397	37.1939546599496
A_PB2	1837	399	G	0	0	396	36.9419191919192
A_PB2	1838	398	G	0	0	397	36.8942065491184
A_PB2	1839	396	A	0	0	396	36.7878787878788
A_PB2	1840	410	C	0	0	410	36.9390243902439
A_PB2	1841	421	A	0	0	421	36.8859857482185
A_PB2	1842	420	T	0	0	419	37.6157517899761
A_PB2	1843	419	T	0	0	419	37.6849642004773
A_PB2	1844	419	T	0	0	418	37.8421052631579
A_PB2	1845	419	G	0	0	419	37.3174224343675
A_PB2	1846	418	A	0	0	417	37.2038369304556
A_PB2	1847	416	C	0	0	414	37.6594202898551
A_PB2	1848	415	A	0	0	414	37.3840579710145
A_PB2	1849	414	C	0	0	414	37.1328502415459
A_PB2	1850	380	T	0	0	380	37.8
A_PB2	1851	394	G	0	0	394	37.51269035533
A_PB2	1852	393	T	0	0	391	37.539641943734
A_PB2	1853	393	C	0	0	392	37.6989795918367
A_PB2	1854	394	C	0	0	394	37.8096446700508
A_PB2	1855	395	A	0	0	395	37.5113924050633
A_PB2	1856	395	A	0	0	394	37.751269035533
A_PB2	1857	408	A	0	0	408	37.8504901960784
A_PB2	1858	415	T	0	0	415	37.8313253012048
A_PB2	1859	414	A	0	0	414	38.0048309178744
A_PB2	1860	408	A	0	0	407	38.009828009828
A_PB2	1861	403	T	0	0	403	38.0893300248139
A_PB2	1862	402	A	0	0	402	38.2064676616915
A_PB2	1863	401	A	0	0	401	38.2094763092269
A_PB2	1864	404	A	0	0	404	37.9183168316832
A_PB2	1865	404	G	0	0	404	37.470297029703
A_PB2	1866	400	C	0	0	400	37.655
A_PB2	1867	390	T	0	0	389	37.4498714652956
A_PB2	1868	390	C	0	0	388	37.3556701030928
A_PB2	1869	386	C	0	0	386	37.860103626943
A_PB2	1870	385	T	0	0	385	37.6571428571429
A_PB2	1871	393	A	0	0	392	37.6020408163265
A_PB2	1872	387	C	0	0	386	37.699481865285
A_PB2	1873	387	C	0	0	387	37.8036175710594
A_PB2	1874	387	A	0	0	385	37.9454545454545
A_PB2	1875	376	T	0	0	375	37.9226666666667
A_PB2	1876	377	T	0	0	376	37.8962765957447
A_PB2	1877	377	T	0	0	377	38.1034482758621
A_PB2	1878	372	G	0	0	372	38.1693548387097
A_PB2	1879	373	C	0	0	370	37.9675675675676
A_PB2	1880	371	A	0	0	371	37.9137466307278
A_PB2	1881	370	G	0	0	370	37.9
A_PB2	1882	373	C	0	0	373	37.7613941018767
A_PB2	1883	366	A	0	0	366	38.0819672131148
A_PB2	1884	368	G	0	0	368	37.8070652173913
A_PB2	1885	367	C	0	0	366	37.4262295081967
A_PB2	1886	368	T	0	0	367	37.4196185286104
A_PB2	1887	370	C	0	0	370	37.0783783783784
A_PB2	1888	370	C	0	0	370	37.0486486486487
A_PB2	1889	370	A	0	0	370	37.0918918918919
A_PB2	1890	370	C	0	0	370	36.9891891891892
A_PB2	1891	374	C	0	0	374	37.4064171122995
A_PB2	1892	374	G	0	0	374	37.5133689839572
A_PB2	1893	373	G	0	0	373	37.3887399463807
A_PB2	1894	372	A	0	0	371	37.6954177897574
A_PB2	1895	379	A	0	0	378	37.542328042328
A_PB2	1896	379	C	0	0	379	37.3825857519789
A_PB2	1897	374	A	0	0	374	37.8101604278075
A_PB2	1898	384	G	0	0	384	37.8125
A_PB2	1899	382	A	0	0	379	37.5435356200528
A_PB2	1900	383	G	0	0	382	37.9240837696335
A_PB2	1901	386	T	0	0	385	37.3064935064935
A_PB2	1902	381	A	1	0	381	37.7952755905512
A_PB2	1903	381	G	0	0	381	37.8083989501312
A_PB2	1904	380	G	0	0	380	37.4526315789474
A_PB2	1905	384	A	0	0	384	37.8880208333333
A_PB2	1906	384	T	0	0	384	37.6510416666667
A_PB2	1907	371	G	0	0	371	37.7924528301887
A_PB2	1908	375	C	0	0	375	37.6506666666667
A_PB2	1909	370	A	0	0	370	37.9351351351351
A_PB2	1910	371	G	0	0	370	37.8351351351351
A_PB2	1911	376	T	0	0	375	37.6746666666667
A_PB2	1912	395	T	0	0	395	37.9772151898734
A_PB2	1913	394	T	0	0	392	37.9005102040816
A_PB2	1914	393	T	0	0	393	37.4834605597964
A_PB2	1915	394	C	0	0	394	37.3781725888325
A_PB2	1916	397	C	0	0	396	37.3737373737374
A_PB2	1917	400	T	0	0	399	37.390977443609
A_PB2	1918	400	C	0	0	400	37.825
A_PB2	1919	398	C	0	0	397	37.7506297229219
A_PB2	1920	402	C	0	0	402	37.181592039801
A_PB2	1921	395	T	0	0	395	37.6430379746835
A_PB2	1922	397	G	0	0	396	37.4722222222222
A_PB2	1923	397	A	0	0	397	37.3652392947103
A_PB2	1924	397	C	0	0	397	37.5088161209068
A_PB2	1925	397	C	0	0	396	38.0909090909091
A_PB2	1926	397	G	0	0	396	37.7954545454545
A_PB2	1927	402	T	0	0	401	37.1246882793017
A_PB2	1928	401	G	0	0	400	38.005
A_PB2	1929	403	A	0	0	402	37.3383084577114
A_PB2	1930	406	A	0	0	406	37.7290640394089
A_PB2	1931	414	C	0	0	413	37.6174334140436
A_PB2	1932	415	G	0	0	415	38.0771084337349
A_PB2	1933	409	T	0	0	406	37.1650246305419
A_PB2	1934	409	A	0	0	408	37.5441176470588
A_PB2	1935	409	A	0	0	408	37.6299019607843
A_PB2	1936	410	G	0	0	410	37.8414634146341
A_PB2	1937	411	A	0	0	410	37.3926829268293
A_PB2	1938	398	G	0	0	397	37.6523929471033
A_PB2	1939	409	G	0	0	409	37.5647921760391
A_PB2	1940	410	T	0	0	408	36.9950980392157
A_PB2	1941	410	T	0	0	410	37.2560975609756
A_PB2	1942	410	C	0	0	408	37.7156862745098
A_PB2	1943	410	A	0	0	407	37.3243243243243
A_PB2	1944	473	G	0	0	473	37.4820295983087
A_PB2	1945	477	G	0	0	476	37.172268907563
A_PB2	1946	473	A	0	0	472	37.4279661016949
A_PB2	1947	475	A	0	0	475	37.6252631578947
A_PB2	1948	469	T	0	0	469	37.3688699360341
A_PB2	1949	473	G	0	0	472	37.7457627118644
A_PB2	1950	473	A	0	0	473	37.7610993657505
A_PB2	1951	475	G	0	0	475	37.6505263157895
A_PB2	1952	476	A	0	0	476	37.9432773109244
A_PB2	1953	490	A	0	0	489	37.8323108384458
A_PB2	1954	489	T	0	0	489	37.7811860940695
A_PB2	1955	492	A	0	0	490	37.6020408163265
A_PB2	1956	495	C	0	0	495	38.1111111111111
A_PB2	1957	494	T	0	0	494	37.9817813765182
A_PB2	1958	497	T	0	0	495	38.0484848484848
A_PB2	1959	497	G	0	0	497	37.8229376257545
A_PB2	1960	493	T	0	0	493	37.8052738336714
A_PB2	1961	493	G	0	0	491	37.9918533604888
A_PB2	1962	493	A	0	0	493	37.8052738336714
A_PB2	1963	492	G	0	0	492	37.7886178861789
A_PB2	1964	492	A	0	0	491	37.9531568228106
A_PB2	1965	491	G	0	0	491	37.9164969450102
A_PB2	1966	491	G	0	0	491	37.2749490835031
A_PB2	1967	493	C	0	0	493	37.6105476673428
A_PB2	1968	492	A	0	0	492	37.6707317073171
A_PB2	1969	494	A	0	0	493	37.894523326572
A_PB2	1970	493	T	0	0	490	37.7530612244898
A_PB2	1971	491	T	0	0	490	37.7938775510204
A_PB2	1972	495	C	0	0	495	37.2464646464646
A_PB2	1973	495	A	0	0	490	36.5897959183673
A_PB2	1974	497	C	0	0	497	37.430583501006
A_PB2	1975	497	C	0	0	497	36.9476861167002
A_PB2	1976	492	C	0	0	491	37.9042769857434
A_PB2	1977	495	G	0	0	495	37.8686868686869
A_PB2	1978	495	T	0	0	495	37.1575757575758
A_PB2	1979	496	A	0	0	495	37.7232323232323
A_PB2	1980	498	T	0	0	497	37.8732394366197
A_PB2	1981	495	T	0	0	494	37.836032388664
A_PB2	1982	498	C	0	0	498	38.0180722891566
A_PB2	1983	493	A	0	0	492	37.9817073170732
A_PB2	1984	499	A	0	0	499	37.7695390781563
A_PB2	1985	491	C	0	0	490	37.7285714285714
A_PB2	1986	489	T	0	0	489	37.918200408998
A_PB2	1987	495	A	0	0	495	38.1979797979798
A_PB2	1988	497	T	0	0	494	37.9939271255061
A_PB2	1989	497	A	0	0	497	38.1649899396378
A_PB2	1990	497	A	0	0	497	37.9215291750503
A_PB2	1991	498	C	0	0	498	37.8574297188755
A_PB2	1992	486	A	0	0	484	38.103305785124
A_PB2	1993	498	A	0	0	498	38.0160642570281
A_PB2	1994	497	G	0	0	497	37.748490945674
A_PB2	1995	499	G	0	0	499	37.2965931863727
A_PB2	1996	503	C	0	0	501	36.7764471057884
A_PB2	1997	502	A	0	0	502	37.4780876494024
A_PB2	1998	513	A	0	0	512	37.349609375
A_PB2	1999	526	C	0	0	526	36.8669201520913
A_PB2	2000	526	C	0	0	523	37.8240917782027
A_PB2	2001	525	A	0	0	504	37.7480158730159
A_PB2	2002	523	A	0	0	523	37.9885277246654
A_PB2	2003	522	A	0	0	440	37.7318181818182
A_PB2	2004	523	A	0	0	522	37.5325670498084
A_PB2	2005	522	G	0	0	522	37.6053639846743
A_PB2	2006	521	A	0	0	517	37.1566731141199
A_PB2	2007	517	C	0	0	517	37.5551257253385
A_PB2	2008	481	T	0	0	478	37.6506276150628
A_PB2	2009	481	C	0	0	480	38.075
A_PB2	2010	480	A	0	0	479	37.7118997912317
A_PB2	2011	481	C	0	0	480	38.1979166666667
A_PB2	2012	481	A	0	0	480	38.2208333333333
A_PB2	2013	486	G	0	0	486	38.2777777777778
A_PB2	2014	486	T	0	0	485	38.020618556701
A_PB2	2015	488	T	0	0	488	37.6065573770492
A_PB2	2016	488	C	0	0	488	37.7151639344262
A_PB2	2017	487	T	0	0	487	38.0492813141684
A_PB2	2018	487	T	0	0	487	38.1108829568789
A_PB2	2019	487	G	0	0	487	37.9609856262834
A_PB2	2020	490	G	0	0	490	37.8326530612245
A_PB2	2021	492	G	0	0	491	37.7942973523422
A_PB2	2022	487	A	0	0	487	37.9158110882957
A_PB2	2023	486	A	0	0	485	38.0041237113402
A_PB2	2024	482	A	0	0	480	38.075
A_PB2	2025	481	G	0	0	480	38.2770833333333
A_PB2	2026	482	A	0	0	482	38.1659751037344
A_PB2	2027	482	T	0	0	480	37.8958333333333
A_PB2	2028	699	G	0	0	699	37.1917024320458
A_PB2	2029	713	C	0	0	712	37.1783707865169
A_PB2	2030	709	A	0	0	707	37.2574257425743
A_PB2	2031	725	G	0	0	725	37.1158620689655
A_PB2	2032	753	G	0	0	753	36.5086321381142
A_PB2	2033	764	T	0	0	762	36.6076115485564
A_PB2	2034	776	G	0	0	776	36.9342783505155
A_PB2	2035	787	C	0	0	787	37.1524777636595
A_PB2	2036	790	T	0	0	778	37.5064267352185
A_PB2	2037	791	T	0	0	789	37.7376425855513
A_PB2	2038	792	T	0	0	792	37.9217171717172
A_PB2	2039	794	G	0	0	790	37.7329113924051
A_PB2	2040	804	A	0	0	804	37.7549751243781
A_PB2	2041	810	C	0	0	808	37.8440594059406
A_PB2	2042	797	A	0	0	796	38.0175879396985
A_PB2	2043	801	G	0	0	800	37.9675
A_PB2	2044	804	A	0	0	804	38.0074626865672
A_PB2	2045	810	A	0	0	807	37.9429987608426
A_PB2	2046	809	G	0	0	807	37.6282527881041
A_PB2	2047	853	A	0	0	849	37.3710247349823
A_PB2	2048	852	C	0	0	850	37.6305882352941
A_PB2	2049	851	C	0	0	851	37.6004700352526
A_PB2	2050	850	C	0	0	849	37.678445229682
A_PB2	2051	852	A	0	0	850	37.7447058823529
A_PB2	2052	881	G	0	0	881	37.6708286038592
A_PB2	2053	889	A	0	0	887	37.3630214205186
A_PB2	2054	896	T	0	0	896	37.8225446428571
A_PB2	2055	898	G	0	0	898	37.9331848552339
A_PB2	2056	895	A	0	0	890	37.523595505618
A_PB2	2057	904	G	0	0	903	37.8394241417497
A_PB2	2058	905	G	0	0	904	37.7654867256637
A_PB2	2059	927	G	0	0	926	37.1069114470842
A_PB2	2060	931	A	0	0	930	37.0634408602151
A_PB2	2061	920	A	0	0	919	37.59521218716
A_PB2	2062	936	C	0	0	929	37.3692142088267
A_PB2	2063	1168	A	0	0	1167	37.4678663239075
A_PB2	2064	1189	G	0	0	1189	37.3414634146341
A_PB2	2065	1214	C	0	0	1213	37.3289365210223
A_PB2	2066	1211	A	0	0	1209	37.2696443341605
A_PB2	2067	1356	G	0	0	1355	37.1778597785978
A_PB2	2068	1383	G	0	0	1379	36.6845540246555
A_PB2	2069	1405	A	0	0	1403	36.1375623663578
A_PB2	2070	1443	G	0	0	1440	36.7638888888889
A_PB2	2071	1443	T	0	0	1431	36.79035639413
A_PB2	2072	1485	G	0	0	1482	37.2941970310391
A_PB2	2073	1495	G	0	0	1495	36.6214046822742
A_PB2	2074	1537	A	0	0	1536	37.4576822916667
A_PB2	2075	1546	A	0	0	1545	37.4466019417476
A_PB2	2076	1537	T	0	0	1536	37.4459635416667
A_PB2	2077	1691	C	0	0	1690	37.3852071005917
A_PB2	2078	1677	T	0	0	1675	37.5874626865672
A_PB2	2079	1795	G	0	0	1794	37.2430323299888
A_PB2	2080	1796	C	0	0	1796	37.3580178173719
A_PB2	2081	1792	A	0	0	1791	37.3137911781128
A_PB2	2082	2020	G	0	0	2020	37.2712871287129
A_PB2	2083	2017	T	0	0	2012	36.85337972167
A_PB2	2084	2203	A	0	0	2202	36.8787465940054
A_PB2	2085	2205	T	0	0	2203	37.197911938266
A_PB2	2086	2197	T	0	0	2195	37.3225512528474
A_PB2	2087	2200	G	0	0	2199	37.5766257389723
A_PB2	2088	2191	A	0	0	2188	37.3697440585009
A_PB2	2089	2203	G	0	0	2202	37.705267938238
A_PB2	2090	2199	A	0	0	2194	37.0004557885141
A_PB2	2091	2202	G	0	0	2201	37.8328032712403
A_PB2	2092	2234	G	0	0	2234	36.9453894359893
A_PB2	2093	2237	A	0	0	2233	37.5665024630542
A_PB2	2094	2344	T	1	0	2344	37.8651877133106
A_PB2	2095	2711	T	0	0	2710	37.4509225092251
A_PB2	2096	2725	T	0	0	2721	37.5762587284087
A_PB2	2097	2728	C	0	0	2728	37.5197947214076
A_PB2	2098	2729	T	0	0	2722	37.7531227038942
A_PB2	2099	2730	A	0	0	2727	37.7748441510818
A_PB2	2100	2758	A	0	0	2757	37.8621690243018
A_PB2	2101	2752	T	0	0	2747	38.0232981434292
A_PB2	2102	2752	T	0	0	2751	37.9396583060705
A_PB2	2103	2749	C	0	0	2748	37.8744541484716
A_PB2	2104	2705	T	0	0	2703	38.0980392156863
A_PB2	2105	2749	G	0	0	2744	38.0692419825073
A_PB2	2106	2754	G	0	0	2751	37.8411486732097
A_PB2	2107	2756	G	0	0	2754	37.9938271604938
A_PB2	2108	2756	C	0	0	2755	37.9328493647913
A_PB2	2109	2760	A	0	0	2759	38.1478796665458
A_PB2	2110	2764	A	0	0	2763	37.8845457835686
A_PB2	2111	2764	A	0	0	2759	38.1170714026821
A_PB2	2112	2783	G	0	0	2783	38.2885375494071
A_PB2	2113	2785	A	0	0	2783	38.0114983830399
A_PB2	2114	2864	G	0	0	2860	38.1646853146853
A_PB2	2115	2886	G	0	0	2886	37.9920304920305
A_PB2	2116	2891	A	0	0	2881	37.9996528982992
A_PB2	2117	2931	C	0	0	2929	38.1181290542847
A_PB2	2118	2933	A	0	0	2932	38.1851978171896
A_PB2	2119	2947	A	0	0	2942	38.0992522093814
A_PB2	2120	2953	A	0	0	2947	38.0844927044452
A_PB2	2121	2971	A	0	0	2959	37.9780331192971
A_PB2	2122	3084	G	0	0	3083	38.0480051897502
A_PB2	2123	3152	A	0	0	3146	37.4602670057215
A_PB2	2124	3152	T	0	0	3151	38.0174547762615
A_PB2	2125	3154	A	0	0	3148	38.093710292249
A_PB2	2126	3151	T	0	0	3150	38.1888888888889
A_PB2	2127	3161	G	0	0	3158	38.2007599746675
A_PB2	2128	3343	G	0	0	3341	37.9607901825801
A_PB2	2129	3343	A	0	0	3335	37.8443778110945
A_PB2	2130	3361	C	0	0	3360	37.9011904761905
A_PB2	2131	3352	C	0	0	3350	37.9683582089552
A_PB2	2132	3349	A	0	0	3346	37.982068141064
A_PB2	2133	3555	G	0	0	3554	37.9679234665166
A_PB2	2134	3556	C	0	0	3554	37.8182329769274
A_PB2	2135	3565	A	0	0	3564	38.0620089786756
A_PB2	2136	3564	T	0	0	3562	38.1190342504211
A_PB2	2137	3547	T	0	0	3545	38.1963328631876
A_PB2	2138	3569	G	0	0	3566	38.0933819405496
A_PB2	2139	3582	A	0	0	3575	37.9572027972028
A_PB2	2140	3623	G	0	0	3621	38.037558685446
A_PB2	2141	3634	C	0	0	3631	38.0892316166345
A_PB2	2142	3616	A	0	0	3615	38.1939142461964
A_PB2	2143	3672	T	0	0	3670	38.1482288828338
A_PB2	2144	3670	T	0	0	3664	38.3698144104804
A_PB2	2145	3693	A	0	0	3691	38.4516391221891
A_PB2	2146	3698	A	0	0	3695	38.3266576454668
A_PB2	2147	3697	C	0	0	3685	38.2333785617368
A_PB2	2148	3722	G	0	0	3722	37.9613111230521
A_PB2	2149	3708	A	0	0	3708	37.9104638619202
A_PB2	2150	3709	A	0	0	3704	38.0129589632829
A_PB2	2151	3711	T	0	0	3700	38.1516216216216
A_PB2	2152	3705	T	0	0	3703	38.3632190116122
A_PB2	2153	3732	G	0	0	3730	38.3211796246649
A_PB2	2154	3731	A	0	0	3729	38.3368195226602
A_PB2	2155	3732	G	0	0	3730	38.4016085790885
A_PB2	2156	3735	C	0	0	3732	38.3121650589496
A_PB2	2157	3730	A	0	0	3729	38.4987932421561
A_PB2	2158	3787	A	0	0	3784	38.291754756871
A_PB2	2159	3786	T	0	0	3786	38.3972530375066
A_PB2	2160	3788	C	0	0	3785	38.1733157199472
A_PB2	2161	3788	T	0	0	3787	38.1130182202271
A_PB2	2162	3803	T	0	0	3799	38.3282442748092
A_PB2	2163	3806	G	0	0	3805	38.2544021024967
A_PB2	2164	3809	C	0	0	3805	38.1316688567674
A_PB2	2165	3810	G	0	0	3808	38.2402836134454
A_PB2	2166	3819	A	0	0	3817	37.9701336127849
A_PB2	2167	3808	A	0	0	3797	38.0026336581512
A_PB2	2168	3809	A	0	0	3806	38.0239096163952
A_PB2	2169	3828	G	0	0	3827	37.3877711000784
A_PB2	2170	3840	G	0	0	3837	38.3898879332812
A_PB2	2171	3844	G	0	0	3843	38.072079104866
A_PB2	2172	3844	G	0	0	3842	38.0856324830817
A_PB2	2173	3828	A	0	0	3826	37.9228959749085
A_PB2	2174	3832	G	0	0	3831	38.0469851213782
A_PB2	2175	3843	A	0	0	3841	38.1640197865139
A_PB2	2176	3887	A	0	0	3881	38.3728420510178
A_PB2	2177	3934	G	1	0	3933	38.3549453343504
A_PB2	2178	4009	G	0	0	4004	38.29995004995
A_PB2	2179	4020	C	0	1	4019	38.3117690967902
A_PB2	2180	4013	T	0	1	4012	38.522183449651
A_PB2	2181	4021	A	0	0	4019	38.554117939786
A_PB2	2182	4029	A	0	0	4029	38.5740878629933
A_PB2	2183	4030	T	0	0	4028	38.5513902681231
A_PB2	2184	4070	G	0	0	4069	38.5986728926026
A_PB2	2185	4032	T	0	0	4025	38.3331677018634
A_PB2	2186	4035	G	0	0	4032	38.4675099206349
A_PB2	2187	4035	C	0	0	4029	38.4442789774138
A_PB2	2188	4017	T	0	0	4013	38.5833540991777
A_PB2	2189	4054	G	0	0	4043	38.6594113282216
A_PB2	2190	4052	A	0	0	4050	38.5832098765432
A_PB2	2191	4054	T	0	0	4050	38.4343209876543
A_PB2	2192	4045	A	0	0	4038	38.60004952947
A_PB2	2193	4057	G	0	0	4056	38.4829881656805
A_PB2	2194	4071	G	0	0	4068	38.4424778761062
A_PB2	2195	4065	A	0	0	4050	38.4906172839506
A_PB2	2196	4072	C	0	0	4070	38.4783783783784
A_PB2	2197	4055	A	1	0	4054	38.586827824371
A_PB2	2198	4034	A	1	0	4027	38.5669232679414
A_PB2	2199	4039	G	2	0	4038	38.5438335809807
A_PB2	2200	4050	G	0	0	4047	38.3968371633309
A_PB2	2201	4049	A	0	0	4044	38.3528684470821
A_PB2	2202	3997	G	0	0	3994	38.3753129694542
A_PB2	2203	3970	A	0	0	3960	38.254797979798
A_PB2	2204	3958	C	0	0	3954	37.5030349013657
A_PB2	2205	3948	G	0	0	3947	38.2809728908031
A_PB2	2206	3939	T	0	0	3932	38.1846388606307
A_PB2	2207	3933	G	0	0	3931	37.3579241923175
A_PB2	2208	3937	G	0	0	3936	37.6051829268293
A_PB2	2209	3896	T	0	0	3895	37.593324775353
A_PB2	2210	3894	G	0	0	3893	37.4371949653224
A_PB2	2211	3864	T	0	0	3862	38.4101501812532
A_PB2	2212	3854	T	0	0	3848	38.3095114345114
A_PB2	2213	3852	G	0	0	3851	38.5115554401454
A_PB2	2214	3845	G	0	0	3843	38.5209471766849
A_PB2	2215	3842	T	0	0	3836	38.4011991657977
A_PB2	2216	3823	A	0	0	3820	38.5780104712042
A_PB2	2217	3799	A	0	0	3798	38.5879410215903
A_PB2	2218	3775	T	0	0	3772	38.5538176033934
A_PB2	2219	3762	G	0	0	3759	38.633945198191
A_PB2	2220	3753	A	0	0	3752	38.5525053304904
A_PB2	2221	3739	A	0	0	3739	38.4150842471249
A_PB2	2222	3731	A	0	0	3724	38.3426423200859
A_PB2	2223	3718	C	0	0	3568	38.1737668161435
A_PB2	2224	3716	G	0	0	3715	38.2422611036339
A_PB2	2225	3715	G	0	0	3711	38.1945567232552
A_PB2	2226	3712	A	0	0	3710	38.2614555256065
A_PB2	2227	3705	A	0	0	3626	38.1773303916161
A_PB2	2228	3656	A	0	0	3652	38.0030120481928
A_PB2	2229	3648	C	0	0	3646	38.0038398244652
A_PB2	2230	3641	G	0	0	3634	38.1662080352229
A_PB2	2231	3637	G	0	0	3635	37.9997248968363
A_PB2	2232	3619	G	0	0	3617	38.1183301078242
A_PB2	2233	3592	A	0	0	3586	37.8926380368098
A_PB2	2234	3590	C	0	0	3587	37.9509339280736
A_PB2	2235	3562	T	1	0	3557	38.0924936744448
A_PB2	2236	3561	C	0	0	3560	38.1738764044944
A_PB2	2237	3560	T	0	0	3557	38.2097272982851
A_PB2	2238	3548	A	0	0	3544	38.1986455981941
A_PB2	2239	3548	G	0	0	3546	38.1034968979131
A_PB2	2240	3497	C	0	0	3492	37.9453035509737
A_PB2	2241	3491	A	0	0	3489	37.9810834049871
A_PB2	2242	3479	T	0	0	3479	37.8493820063237
A_PB2	2243	3399	A	0	0	3394	37.7563347083088
A_PB2	2244	3397	C	0	0	3397	37.8130703561966
A_PB2	2245	3092	T	0	0	3088	38.2302461139896
A_PB2	2246	3088	T	0	0	3088	38.1926813471503
A_PB2	2247	3042	A	0	0	3042	38.2337278106509
A_PB2	2248	3037	C	0	0	3036	37.9917654808959
A_PB2	2249	3014	T	0	0	3012	38.0361885790173
A_PB2	2250	3008	G	0	0	3007	38.045560359162
A_PB2	2251	2959	A	0	0	2955	38.0345177664975
A_PB2	2252	2957	C	0	0	2957	37.5519107203247
A_PB2	2253	2785	A	0	0	2779	38.181720043181
A_PB2	2254	2785	G	0	0	2784	38.1479885057471
A_PB2	2255	2783	C	0	0	2781	37.9097446961525
A_PB2	2256	2781	C	0	0	2779	37.9503418495862
A_PB2	2257	2768	A	0	0	2760	38.1492753623188
A_PB2	2258	2768	G	0	0	2768	38.0762283236994
A_PB2	2259	2757	A	0	0	2748	37.5862445414847
A_PB2	2260	2755	C	0	0	2755	37.1669691470054
A_PB2	2261	2622	A	0	0	2596	37.652157164869
A_PB2	2262	2621	G	0	0	2621	37.6169400991988
A_PB2	2263	2530	C	0	0	2526	37.4136975455265
A_PB2	2264	2529	G	0	0	2529	37.9909054962436
A_PB2	2265	2529	A	0	0	2526	37.527711797308
A_PB2	2266	2528	C	0	0	2523	36.8937772493064
A_PB2	2267	2522	C	0	0	2521	37.9936533121777
A_PB2	2268	2514	A	0	0	2513	38.2427377636291
A_PB2	2269	2513	A	0	0	2511	38.3058542413381
A_PB2	2270	2513	A	0	0	2512	38.2507961783439
A_PB2	2271	2506	A	0	0	2503	38.1801837794646
A_PB2	2272	2506	G	0	0	2504	38.142571884984
A_PB2	2273	2413	A	0	0	2411	38.0576524263791
A_PB2	2274	2407	A	0	0	2407	37.6526796842543
A_PB2	2275	2396	T	0	0	2396	37.389816360601
A_PB2	2276	2393	T	0	0	2391	37.5035549979088
A_PB2	2277	2390	C	0	0	2390	37.5753138075314
A_PB2	2278	2358	G	0	0	2357	37.9176919813322
A_PB2	2279	2357	G	0	0	2357	37.8807806533729
A_PB2	2280	2351	A	0	0	2349	37.9186888037463
A_PB2	2281	2287	T	0	0	2285	37.9676148796499
A_PB2	2282	2284	G	0	0	2283	37.7516425755585
A_PB2	2283	2282	G	0	0	2281	37.4975887768523
A_PB2	2284	2277	C	0	0	2274	36.9819700967458
A_PB2	2285	2272	C	0	0	2271	37.6759136944077
A_PB2	2286	2266	A	0	0	2261	37.8403361344538
A_PB2	2287	2265	T	0	0	2263	37.6880247459125
A_PB2	2288	2261	C	0	0	2260	37.5672566371681
A_PB2	2289	2260	A	0	0	2258	37.7196634189548
A_PB2	2290	2259	A	0	0	2257	37.4887018165707
A_PB2	2291	2235	T	0	0	2234	37.2569382273948
A_PB2	2292	2169	T	0	0	2169	37.4296911018903
A_PB2	2293	2021	A	0	0	2020	37.5688118811881
A_PB2	2294	2016	G	0	0	2015	36.9736972704715
A_PB2	2295	1925	T	0	0	1921	37.0307131702238
A_PB2	2296	1922	G	0	0	1921	36.9463820926601
A_PB2	2297	1884	T	0	0	1882	37.6354941551541
A_PB2	2298	1790	C	0	0	1788	37.1560402684564
A_PB2	2299	1780	G	0	0	1779	37.7920179876335
A_PB2	2300	1776	A	0	0	1774	37.7406989853439
A_PB2	2301	1776	A	0	0	1776	37.6210585585586
A_PB2	2302	1775	T	0	0	1775	37.0377464788732
A_PB2	2303	1613	T	0	0	1612	37.9888337468983
A_PB2	2304	1612	G	0	0	1612	38.0031017369727
A_PB2	2305	1592	T	0	0	1591	37.926461345066
A_PB2	2306	1592	T	0	0	1592	37.5295226130653
A_PB2	2307	1592	T	0	0	1592	36.9472361809045
A_PB2	2308	1576	A	0	0	1576	37.0520304568528
A_PB2	2309	1574	A	0	0	1573	36.942784488239
A_PB2	2310	1573	A	0	0	1573	36.864589955499
A_PB2	2311	1569	A	0	0	1569	36.7100063734863
A_PB2	2312	1569	A	0	0	1568	36.3207908163265
A_PB2	2313	1267	C	0	0	1267	36.5351223362273
A_PB2	2314	1233	G	1	0	1147	37.1987794245859
A_PB2	2315	1234	A	0	0	1211	36.9000825763832
A_PB2	2316	1234	C	0	0	1233	34.4931062449311
A_PB2	2317	1228	C	0	0	1228	36.6734527687296
A_PB2	2318	1219	T	0	0	1218	34.4991789819376
A_PB2	2319	1183	T	0	0	1182	36.6954314720812
A_PB2	2320	1180	G	0	0	1180	36.5745762711864
A_PB2	2321	1174	T	0	0	1173	36.4953111679454
A_PB2	2322	1169	T	0	0	1169	36.5834046193328
A_PB2	2323	1161	T	0	0	1159	34.06988783434
A_PB2	2324	1007	C	0	0	1005	34.0328358208955
A_PB2	2325	978	T	0	0	978	34.0184049079755
A_PB2	2326	978	A	0	0	978	33.8149284253579
A_PB2	2327	978	C	0	0	978	33.5787321063395
