Reference_Name	Position	Coverage Depth	Consensus	Deletions	Ambiguous	Consensus_Count	Consensus_Average_Quality
A_PB1	1	10	A	0	0	10	34
A_PB1	2	10	A	0	0	10	35.4
A_PB1	3	10	A	0	0	10	37
A_PB1	4	10	G	0	0	10	35.1
A_PB1	5	10	C	0	0	10	34.8
A_PB1	6	10	A	0	0	10	35.5
A_PB1	7	11	G	0	0	11	33.9090909090909
A_PB1	8	11	G	0	0	11	35
A_PB1	9	11	C	0	0	11	35
A_PB1	10	11	A	0	0	11	37.2727272727273
A_PB1	11	12	A	0	0	12	37.25
A_PB1	12	12	A	0	0	12	37.9166666666667
A_PB1	13	17	C	0	0	17	36.1764705882353
A_PB1	14	17	C	0	0	17	34.8235294117647
A_PB1	15	18	A	0	0	18	35.7777777777778
A_PB1	16	20	T	0	0	20	36.65
A_PB1	17	20	T	0	0	20	36.35
A_PB1	18	20	T	0	0	20	37.35
A_PB1	19	20	G	0	0	20	37.1
A_PB1	20	20	A	0	0	20	37.7
A_PB1	21	20	A	0	0	20	36.9
A_PB1	22	20	T	0	0	20	37.9
A_PB1	23	20	G	0	0	20	37.55
A_PB1	24	21	G	0	0	21	37.6666666666667
A_PB1	25	23	A	0	0	23	37.3478260869565
A_PB1	26	26	T	0	0	26	36.8076923076923
A_PB1	27	26	G	0	0	26	37
A_PB1	28	26	T	0	0	26	36.4230769230769
A_PB1	29	26	C	0	0	26	37.3461538461538
A_PB1	30	26	A	0	0	26	37.6923076923077
A_PB1	31	27	A	0	0	27	37.7037037037037
A_PB1	32	27	T	0	0	27	36.4074074074074
A_PB1	33	27	C	0	0	27	37.7407407407407
A_PB1	34	27	C	0	0	27	37.7777777777778
A_PB1	35	27	G	0	0	27	35.3333333333333
A_PB1	36	27	A	0	0	27	36.2222222222222
A_PB1	37	27	C	0	0	27	36.2592592592593
A_PB1	38	27	T	0	0	27	36.0740740740741
A_PB1	39	27	C	0	0	27	36.8148148148148
A_PB1	40	27	T	0	0	27	38.1481481481481
A_PB1	41	29	A	0	0	29	37.2758620689655
A_PB1	42	29	C	0	0	29	38.2758620689655
A_PB1	43	29	T	0	0	29	38.2413793103448
A_PB1	44	29	T	0	0	29	37.448275862069
A_PB1	45	29	T	0	0	29	36.6206896551724
A_PB1	46	39	T	0	0	39	36.974358974359
A_PB1	47	39	C	0	0	39	36.5641025641026
A_PB1	48	39	T	0	0	39	37.1538461538462
A_PB1	49	39	T	0	0	39	37.3333333333333
A_PB1	50	39	G	0	0	27	38.037037037037
A_PB1	51	39	A	0	0	39	38.2051282051282
A_PB1	52	39	A	0	0	39	37.5641025641026
A_PB1	53	39	A	0	0	39	37.6153846153846
A_PB1	54	39	G	0	0	39	37.5384615384615
A_PB1	55	39	T	0	0	39	36.3076923076923
A_PB1	56	39	G	0	0	39	36.7179487179487
A_PB1	57	39	C	0	0	39	37.4615384615385
A_PB1	58	39	C	0	0	39	38.4615384615385
A_PB1	59	39	A	0	0	39	38.5128205128205
A_PB1	60	39	G	0	0	39	37.1025641025641
A_PB1	61	39	C	0	0	39	36.1282051282051
A_PB1	62	39	G	0	0	28	37.5714285714286
A_PB1	63	40	C	0	0	40	36.85
A_PB1	64	40	A	0	0	40	37.85
A_PB1	65	40	A	0	0	40	37.85
A_PB1	66	40	A	0	0	40	37.975
A_PB1	67	41	A	0	0	41	37.8048780487805
A_PB1	68	41	T	0	0	41	38.2926829268293
A_PB1	69	44	G	0	0	44	37.1136363636364
A_PB1	70	44	C	0	0	44	37.6818181818182
A_PB1	71	44	C	0	0	44	37.7727272727273
A_PB1	72	44	A	0	0	44	38.2045454545455
A_PB1	73	44	T	0	0	44	38
A_PB1	74	45	A	0	0	45	38.4666666666667
A_PB1	75	46	A	0	0	46	37.8260869565217
A_PB1	76	47	G	0	0	47	38.0851063829787
A_PB1	77	47	T	0	0	47	36.5957446808511
A_PB1	78	47	A	0	0	47	37.8510638297872
A_PB1	79	47	C	0	0	47	37.6595744680851
A_PB1	80	47	C	0	0	47	37.1063829787234
A_PB1	81	48	A	0	0	48	37.4583333333333
A_PB1	82	49	C	0	0	49	37.8979591836735
A_PB1	83	49	A	0	0	49	37.0612244897959
A_PB1	84	49	T	0	0	49	38.3061224489796
A_PB1	85	49	T	0	0	49	38.3877551020408
A_PB1	86	67	C	0	0	67	36.6865671641791
A_PB1	87	67	C	0	0	67	36.4776119402985
A_PB1	88	69	C	0	0	69	36.8405797101449
A_PB1	89	69	T	0	0	69	36.9130434782609
A_PB1	90	69	T	0	0	69	37.0434782608696
A_PB1	91	74	A	0	0	74	37.4594594594595
A_PB1	92	74	T	0	0	74	37.6486486486486
A_PB1	93	76	A	0	0	76	37.3684210526316
A_PB1	94	76	C	0	0	76	37.7236842105263
A_PB1	95	76	T	0	0	75	37.6
A_PB1	96	77	G	0	0	77	37.4025974025974
A_PB1	97	77	G	0	0	77	37.4025974025974
A_PB1	98	77	A	0	0	77	37.5844155844156
A_PB1	99	77	G	0	0	77	37.4155844155844
A_PB1	100	79	A	0	0	78	37.7051282051282
A_PB1	101	81	T	0	0	81	37.4691358024691
A_PB1	102	83	C	0	0	83	37.289156626506
A_PB1	103	85	C	0	0	85	37.2823529411765
A_PB1	104	85	T	0	0	83	37.3975903614458
A_PB1	105	89	C	0	0	89	37.6292134831461
A_PB1	106	89	C	0	0	89	37.5955056179775
A_PB1	107	91	A	0	0	91	37.1758241758242
A_PB1	108	91	T	0	0	91	38.2087912087912
A_PB1	109	91	A	0	0	91	38.2197802197802
A_PB1	110	92	C	0	0	92	38.1521739130435
A_PB1	111	92	A	0	0	92	38.1521739130435
A_PB1	112	96	G	0	0	96	37.6041666666667
A_PB1	113	98	C	0	0	98	37.530612244898
A_PB1	114	98	C	0	0	98	37.1224489795918
A_PB1	115	98	A	0	0	98	37.7040816326531
A_PB1	116	98	T	0	0	98	37.9591836734694
A_PB1	117	98	G	0	0	98	38.0408163265306
A_PB1	118	102	G	0	0	102	37.3921568627451
A_PB1	119	102	A	0	0	99	37.4141414141414
A_PB1	120	102	A	0	0	102	38
A_PB1	121	103	C	0	0	103	37.6796116504854
A_PB1	122	103	A	0	0	102	37.6470588235294
A_PB1	123	106	G	0	0	105	37.7333333333333
A_PB1	124	108	G	0	0	108	36.9259259259259
A_PB1	125	108	A	0	0	108	37.3518518518519
A_PB1	126	108	A	0	0	108	37.6944444444444
A_PB1	127	110	C	0	0	110	37.9818181818182
A_PB1	128	110	A	0	0	110	38.0909090909091
A_PB1	129	116	G	0	0	116	37.5086206896552
A_PB1	130	116	G	0	0	116	37.0344827586207
A_PB1	131	117	A	0	0	116	37.3362068965517
A_PB1	132	117	T	0	0	117	37.2307692307692
A_PB1	133	117	A	0	0	117	37.7008547008547
A_PB1	134	122	C	0	0	122	38.0655737704918
A_PB1	135	126	A	0	0	126	37.5873015873016
A_PB1	136	132	C	0	0	132	37.75
A_PB1	137	132	C	0	0	132	37.1287878787879
A_PB1	138	131	A	0	0	131	37.4732824427481
A_PB1	139	132	T	0	0	132	37.219696969697
A_PB1	140	137	G	0	0	137	37.3138686131387
A_PB1	141	137	G	0	0	137	37.1532846715328
A_PB1	142	137	A	0	0	137	37.6934306569343
A_PB1	143	137	C	0	0	137	37.9489051094891
A_PB1	144	135	A	0	0	135	37.6296296296296
A_PB1	145	139	C	0	0	139	37.7553956834532
A_PB1	146	140	A	0	0	140	37.6428571428571
A_PB1	147	141	G	0	0	141	37.5531914893617
A_PB1	148	141	T	0	0	141	37.5248226950355
A_PB1	149	146	C	0	0	146	37.5890410958904
A_PB1	150	146	A	0	0	146	37.6780821917808
A_PB1	151	147	A	0	0	147	37.6190476190476
A_PB1	152	147	C	0	0	147	37.5034013605442
A_PB1	153	147	A	0	0	147	37.5510204081633
A_PB1	154	150	G	0	0	150	37.8333333333333
A_PB1	155	150	A	0	0	149	37.8120805369128
A_PB1	156	149	A	0	0	149	38.1409395973154
A_PB1	157	149	C	0	0	149	37.6979865771812
A_PB1	158	149	A	0	0	149	37.9328859060403
A_PB1	159	156	C	0	0	156	37.9166666666667
A_PB1	160	156	A	0	0	156	37.4935897435897
A_PB1	161	160	T	0	0	160	37.6125
A_PB1	162	161	C	0	0	161	37.7826086956522
A_PB1	163	161	A	0	0	161	37.3478260869565
A_PB1	164	157	A	0	0	157	38.0636942675159
A_PB1	165	157	T	0	0	157	38.1910828025478
A_PB1	166	157	A	0	0	157	38.312101910828
A_PB1	167	155	C	0	0	139	38.1151079136691
A_PB1	168	155	T	0	0	155	38.141935483871
A_PB1	169	155	C	0	0	155	38.341935483871
A_PB1	170	155	A	0	0	155	38.1225806451613
A_PB1	171	158	G	0	0	158	38.3670886075949
A_PB1	172	159	A	0	0	159	37.8364779874214
A_PB1	173	159	A	0	0	159	37.9937106918239
A_PB1	174	159	A	0	0	159	37.811320754717
A_PB1	175	159	A	0	0	159	37.7987421383648
A_PB1	176	158	G	0	0	158	38.1772151898734
A_PB1	177	158	G	0	0	158	37.4493670886076
A_PB1	178	160	G	0	0	160	36.80625
A_PB1	179	160	A	0	0	159	37.5408805031447
A_PB1	180	160	A	0	0	160	38.2
A_PB1	181	160	A	0	0	160	38.18125
A_PB1	182	159	A	0	0	159	37.8050314465409
A_PB1	183	159	T	0	0	159	38.2704402515723
A_PB1	184	159	G	0	0	158	38.2658227848101
A_PB1	185	159	G	0	0	158	38.126582278481
A_PB1	186	161	A	0	0	161	38.6086956521739
A_PB1	187	164	C	0	0	164	38.2987804878049
A_PB1	188	164	A	0	0	164	38.1280487804878
A_PB1	189	167	A	0	0	167	38.311377245509
A_PB1	190	173	C	0	0	173	38.0057803468208
A_PB1	191	172	A	0	0	172	38.1337209302326
A_PB1	192	171	A	0	0	171	37.9649122807018
A_PB1	193	171	A	0	0	171	38.1695906432749
A_PB1	194	172	C	0	0	172	37.9709302325581
A_PB1	195	172	A	0	0	172	38.093023255814
A_PB1	196	165	C	0	0	165	38.3333333333333
A_PB1	197	164	A	0	0	164	38.0426829268293
A_PB1	198	170	G	0	0	170	37.9235294117647
A_PB1	199	173	A	0	0	173	37.8728323699422
A_PB1	200	180	G	0	0	180	37.2888888888889
A_PB1	201	180	A	0	0	180	37.6111111111111
A_PB1	202	180	C	0	0	180	37.7666666666667
A_PB1	203	180	C	0	0	165	36.8545454545455
A_PB1	204	180	G	0	0	179	36.8491620111732
A_PB1	205	181	G	0	0	180	36.6166666666667
A_PB1	206	181	A	0	0	181	37.1325966850829
A_PB1	207	181	G	0	0	181	36.0552486187845
A_PB1	208	180	C	0	0	179	36.7094972067039
A_PB1	209	178	A	0	0	178	37.4775280898876
A_PB1	210	184	C	0	0	183	37.8306010928962
A_PB1	211	184	C	0	0	183	37.551912568306
A_PB1	212	184	C	0	0	184	37.0489130434783
A_PB1	213	185	C	0	0	185	37.1135135135135
A_PB1	214	186	A	0	0	186	37.4569892473118
A_PB1	215	188	A	0	0	188	37.5691489361702
A_PB1	216	188	C	0	0	187	37.2032085561497
A_PB1	217	188	T	0	0	188	37.6595744680851
A_PB1	218	189	C	0	0	189	37.8306878306878
A_PB1	219	188	A	0	0	188	38.313829787234
A_PB1	220	186	A	0	0	186	37.9462365591398
A_PB1	221	187	C	0	0	165	37.6
A_PB1	222	187	C	0	0	187	37.524064171123
A_PB1	223	189	C	0	0	189	36.6137566137566
A_PB1	224	189	A	0	0	189	37.6349206349206
A_PB1	225	190	A	0	0	190	38.0052631578947
A_PB1	226	189	T	0	0	189	37.8201058201058
A_PB1	227	188	T	0	0	188	37.5691489361702
A_PB1	228	188	G	0	0	188	37.8510638297872
A_PB1	229	188	A	0	0	188	37.9734042553191
A_PB1	230	189	T	0	0	188	37.6542553191489
A_PB1	231	189	G	0	0	189	37.4656084656085
A_PB1	232	190	G	0	0	190	37.3631578947368
A_PB1	233	192	A	0	0	192	37.8802083333333
A_PB1	234	192	C	0	0	192	38.015625
A_PB1	235	191	C	0	0	191	37.8219895287958
A_PB1	236	191	A	0	0	191	38.0261780104712
A_PB1	237	198	C	0	0	197	37.4010152284264
A_PB1	238	201	T	0	0	201	37.1641791044776
A_PB1	239	203	A	0	0	203	37.6502463054187
A_PB1	240	205	C	0	0	205	37.0682926829268
A_PB1	241	201	C	0	0	201	36.9203980099502
A_PB1	242	201	A	0	0	176	37.4545454545455
A_PB1	243	203	G	0	0	203	37.3399014778325
A_PB1	244	201	A	0	0	201	36.6865671641791
A_PB1	245	202	G	0	0	202	36.6831683168317
A_PB1	246	202	G	0	0	202	36.4009900990099
A_PB1	247	201	A	0	0	200	37.81
A_PB1	248	201	C	0	0	201	36.9502487562189
A_PB1	249	199	A	0	0	198	37.8282828282828
A_PB1	250	200	A	0	0	199	38.0402010050251
A_PB1	251	198	C	0	0	198	37.3333333333333
A_PB1	252	198	G	0	0	198	36.8080808080808
A_PB1	253	198	A	0	0	198	36.8232323232323
A_PB1	254	199	A	0	0	178	36.8089887640449
A_PB1	255	196	C	0	0	196	36.8418367346939
A_PB1	256	196	C	0	0	196	36.8775510204082
A_PB1	257	196	A	0	0	196	37.9132653061224
A_PB1	258	196	A	0	0	196	37.8112244897959
A_PB1	259	196	G	0	0	196	36.9591836734694
A_PB1	260	196	C	0	0	196	36.8877551020408
A_PB1	261	196	G	0	0	196	37.0816326530612
A_PB1	262	199	G	0	0	198	37.1666666666667
A_PB1	263	198	A	0	0	198	36.8838383838384
A_PB1	264	197	T	0	0	196	36.6887755102041
A_PB1	265	198	A	0	0	198	37.2272727272727
A_PB1	266	198	T	0	0	198	38.1262626262626
A_PB1	267	198	G	0	0	198	37.4141414141414
A_PB1	268	198	C	0	0	197	37.6751269035533
A_PB1	269	198	A	0	0	198	37.6414141414141
A_PB1	270	203	C	0	0	203	37.9901477832512
A_PB1	271	201	A	0	0	201	38.2139303482587
A_PB1	272	204	A	0	0	204	37.8872549019608
A_PB1	273	204	A	0	0	203	37.8325123152709
A_PB1	274	209	C	0	0	209	37.3349282296651
A_PB1	275	206	A	0	0	206	38.0436893203884
A_PB1	276	206	G	0	0	205	37.7121951219512
A_PB1	277	206	A	0	0	206	37.1844660194175
A_PB1	278	204	C	0	0	179	37.3631284916201
A_PB1	279	203	T	0	0	202	37.5346534653465
A_PB1	280	203	G	0	0	203	37.5467980295566
A_PB1	281	198	C	0	0	197	37.5532994923858
A_PB1	282	199	G	0	0	199	36.6331658291457
A_PB1	283	198	T	0	0	198	35.6666666666667
A_PB1	284	199	G	0	0	196	36.7244897959184
A_PB1	285	198	T	0	0	197	37.1065989847716
A_PB1	286	196	T	0	0	196	38.1224489795918
A_PB1	287	192	G	0	0	192	38.1822916666667
A_PB1	288	194	G	0	0	194	37.9278350515464
A_PB1	289	194	A	0	0	194	37.5360824742268
A_PB1	290	196	A	0	0	195	37.774358974359
A_PB1	291	196	G	0	0	196	37.7040816326531
A_PB1	292	194	C	0	0	189	37.8941798941799
A_PB1	293	195	A	0	0	195	38.1589743589744
A_PB1	294	195	A	0	0	194	37.5824742268041
A_PB1	295	195	T	0	0	195	37.6
A_PB1	296	194	G	0	0	194	37.5463917525773
A_PB1	297	193	G	0	0	193	37.020725388601
A_PB1	298	188	C	0	0	188	37.9521276595745
A_PB1	299	188	T	0	0	188	37.9840425531915
A_PB1	300	188	T	0	0	188	37.6436170212766
A_PB1	301	197	T	0	0	197	37.5939086294416
A_PB1	302	197	C	0	0	197	37.3045685279188
A_PB1	303	197	C	0	0	197	38.0507614213198
A_PB1	304	197	T	0	0	197	37.9543147208122
A_PB1	305	195	T	0	0	195	37.7333333333333
A_PB1	306	195	G	0	0	195	37.8410256410256
A_PB1	307	195	A	0	0	195	37.6153846153846
A_PB1	308	194	A	0	0	191	37.7120418848168
A_PB1	309	196	G	0	0	196	37.5663265306122
A_PB1	310	181	A	0	0	180	37.95
A_PB1	311	189	G	0	0	189	37.5820105820106
A_PB1	312	194	T	0	0	194	37.2628865979381
A_PB1	313	196	C	0	0	196	37.1581632653061
A_PB1	314	196	C	0	0	195	37.0923076923077
A_PB1	315	203	C	0	0	203	37.0394088669951
A_PB1	316	204	A	0	0	204	37.6078431372549
A_PB1	317	206	C	0	0	206	37.6553398058252
A_PB1	318	205	C	0	0	205	36.9365853658537
A_PB1	319	205	C	0	0	205	37.009756097561
A_PB1	320	198	A	0	0	198	37.5505050505051
A_PB1	321	198	G	0	0	198	37.6414141414141
A_PB1	322	196	G	0	0	196	37.4744897959184
A_PB1	323	196	G	0	0	196	37.530612244898
A_PB1	324	196	A	0	0	196	37.2551020408163
A_PB1	325	192	T	0	0	192	38.4114583333333
A_PB1	326	190	C	0	0	189	37.8783068783069
A_PB1	327	190	T	0	0	190	38.321052631579
A_PB1	328	190	T	0	0	190	38.4789473684211
A_PB1	329	189	T	0	0	189	38.5978835978836
A_PB1	330	189	G	0	0	189	38.3492063492063
A_PB1	331	189	A	0	0	189	38.2539682539683
A_PB1	332	189	A	0	0	189	37.6084656084656
A_PB1	333	189	A	0	0	189	38.015873015873
A_PB1	334	189	A	0	0	189	37.9417989417989
A_PB1	335	190	C	0	0	190	38.2947368421053
A_PB1	336	185	T	0	0	185	38.4972972972973
A_PB1	337	187	C	0	0	187	38.4010695187166
A_PB1	338	186	T	0	0	186	38.4784946236559
A_PB1	339	187	T	0	0	187	38.4064171122995
A_PB1	340	189	G	0	0	189	38.2962962962963
A_PB1	341	186	T	0	0	186	38.2849462365591
A_PB1	342	186	C	0	0	186	38.494623655914
A_PB1	343	186	T	0	0	186	38.6397849462366
A_PB1	344	186	T	0	0	186	38.4784946236559
A_PB1	345	185	G	0	0	185	38.2594594594595
A_PB1	346	186	A	0	0	186	37.8655913978495
A_PB1	347	186	A	0	0	186	38.3010752688172
A_PB1	348	186	A	0	0	186	38.4086021505376
A_PB1	349	177	C	0	0	177	38.2994350282486
A_PB1	350	178	G	0	0	178	38.0898876404494
A_PB1	351	174	A	0	0	174	37.7471264367816
A_PB1	352	175	T	0	0	175	37.8971428571429
A_PB1	353	175	G	0	0	175	38.1085714285714
A_PB1	354	177	G	0	0	177	38.1412429378531
A_PB1	355	179	A	0	0	179	38.1005586592179
A_PB1	356	178	A	0	0	178	37.9550561797753
A_PB1	357	179	G	0	0	179	37.8715083798883
A_PB1	358	179	T	0	0	179	36.8659217877095
A_PB1	359	178	C	0	0	178	38.1685393258427
A_PB1	360	178	G	0	0	178	37.6179775280899
A_PB1	361	178	T	0	0	178	37.4044943820225
A_PB1	362	178	T	0	0	178	37.1741573033708
A_PB1	363	178	C	0	0	178	37.8483146067416
A_PB1	364	177	A	0	0	177	38.3841807909604
A_PB1	365	177	G	0	0	177	38.4011299435028
A_PB1	366	186	C	0	0	186	38.2096774193548
A_PB1	367	188	A	0	0	188	38.3829787234043
A_PB1	368	189	A	0	0	189	38.037037037037
A_PB1	369	189	A	0	0	189	38.2380952380952
A_PB1	370	191	C	0	0	191	37.9581151832461
A_PB1	371	191	A	0	0	191	38.0994764397906
A_PB1	372	195	A	0	0	194	38.0154639175258
A_PB1	373	196	G	0	0	196	37.7397959183673
A_PB1	374	197	A	0	0	197	37.6903553299492
A_PB1	375	200	G	0	0	200	37.75
A_PB1	376	210	T	0	0	210	37.0809523809524
A_PB1	377	212	G	0	0	212	37.5141509433962
A_PB1	378	211	G	0	0	211	37.175355450237
A_PB1	379	211	A	0	0	211	37.8104265402844
A_PB1	380	211	T	0	0	209	38.177033492823
A_PB1	381	210	A	0	0	210	38.0190476190476
A_PB1	382	210	A	0	0	209	38.177033492823
A_PB1	383	211	A	0	0	210	37.752380952381
A_PB1	384	211	C	0	0	211	37.6587677725119
A_PB1	385	211	T	0	0	210	38.1285714285714
A_PB1	386	213	A	0	0	213	37.9906103286385
A_PB1	387	213	A	0	0	213	37.4084507042254
A_PB1	388	205	C	0	0	205	37.4926829268293
A_PB1	389	205	T	0	0	203	36.6650246305419
A_PB1	390	204	C	0	0	203	37.9113300492611
A_PB1	391	199	A	0	0	198	38.2424242424242
A_PB1	392	199	A	0	0	198	37.5050505050505
A_PB1	393	199	G	0	0	198	37.2424242424242
A_PB1	394	199	G	0	0	198	37.2121212121212
A_PB1	395	198	T	0	0	197	37.005076142132
A_PB1	396	198	C	0	0	196	37.2551020408163
A_PB1	397	198	G	0	0	196	37.4591836734694
A_PB1	398	199	C	0	0	199	37.5376884422111
A_PB1	399	199	C	0	0	199	37.4422110552764
A_PB1	400	199	A	0	0	198	37.6565656565657
A_PB1	401	201	G	0	0	200	37.745
A_PB1	402	202	A	0	0	200	37.73
A_PB1	403	202	C	0	0	202	37.2970297029703
A_PB1	404	202	T	0	0	202	37.6980198019802
A_PB1	405	201	T	0	0	201	37.9850746268657
A_PB1	406	202	A	0	0	201	37.9651741293532
A_PB1	407	202	T	0	0	201	37.6268656716418
A_PB1	408	202	G	0	0	202	37.529702970297
A_PB1	409	202	A	0	0	201	37.8358208955224
A_PB1	410	200	C	0	0	200	37.645
A_PB1	411	194	T	0	0	193	37.9430051813472
A_PB1	412	194	G	0	0	194	38.0412371134021
A_PB1	413	194	G	0	0	194	37.9123711340206
A_PB1	414	195	A	0	0	194	37.8350515463918
A_PB1	415	196	C	0	0	196	37.8622448979592
A_PB1	416	196	A	0	0	195	37.6666666666667
A_PB1	417	199	C	0	0	197	37.9543147208122
A_PB1	418	197	T	0	0	197	37.6802030456853
A_PB1	419	202	G	0	0	202	37.5594059405941
A_PB1	420	203	A	0	0	203	37.9162561576355
A_PB1	421	201	A	0	0	201	37.4029850746269
A_PB1	422	200	T	0	0	200	37.465
A_PB1	423	195	A	0	0	195	37.8153846153846
A_PB1	424	195	G	0	0	195	37.5333333333333
A_PB1	425	195	A	0	0	195	37.7538461538462
A_PB1	426	195	A	0	0	195	37.625641025641
A_PB1	427	195	A	0	0	194	36.5721649484536
A_PB1	428	190	C	0	0	190	37.1684210526316
A_PB1	429	188	C	0	0	188	37.5531914893617
A_PB1	430	185	A	0	0	185	38.1891891891892
A_PB1	431	185	G	0	0	158	36.8354430379747
A_PB1	432	185	C	0	0	185	37.3459459459459
A_PB1	433	185	C	0	0	185	37.4594594594595
A_PB1	434	185	A	0	0	185	37.7621621621622
A_PB1	435	185	G	0	0	185	37.772972972973
A_PB1	436	184	C	0	0	184	37.3858695652174
A_PB1	437	183	T	0	0	182	37.7637362637363
A_PB1	438	183	G	0	0	183	37.9562841530055
A_PB1	439	185	C	0	0	185	37.972972972973
A_PB1	440	185	A	0	0	185	37.6432432432432
A_PB1	441	182	A	0	0	181	37.9226519337017
A_PB1	442	184	C	0	0	184	36.695652173913
A_PB1	443	181	T	0	0	181	37.3756906077348
A_PB1	444	183	G	0	0	183	37.3387978142077
A_PB1	445	183	C	0	0	182	36.9945054945055
A_PB1	446	183	C	0	0	182	36.8846153846154
A_PB1	447	185	C	0	0	184	37.2445652173913
A_PB1	448	182	T	0	0	181	37.7734806629834
A_PB1	449	190	G	0	0	190	36.8947368421053
A_PB1	450	192	G	0	0	192	36.8645833333333
A_PB1	451	191	C	0	0	191	36.979057591623
A_PB1	452	192	C	0	0	191	36.6910994764398
A_PB1	453	190	A	0	0	190	37.2210526315789
A_PB1	454	203	A	0	0	203	36.384236453202
A_PB1	455	207	C	0	0	207	36.280193236715
A_PB1	456	207	A	0	0	206	36.3689320388349
A_PB1	457	214	C	0	0	214	36.6542056074766
A_PB1	458	211	T	0	0	211	37.1658767772512
A_PB1	459	212	A	0	0	211	37.0521327014218
A_PB1	460	211	T	0	0	211	37.0710900473934
A_PB1	461	209	A	0	0	209	36.8421052631579
A_PB1	462	207	G	0	0	207	36.9661835748792
A_PB1	463	194	A	0	0	193	37.0725388601036
A_PB1	464	193	G	0	0	192	36.875
A_PB1	465	194	G	0	0	194	36.8350515463918
A_PB1	466	183	T	0	0	182	36.478021978022
A_PB1	467	183	C	0	0	183	36.3934426229508
A_PB1	468	180	T	0	0	180	37.2666666666667
A_PB1	469	180	T	0	0	180	37.0333333333333
A_PB1	470	180	C	0	0	179	37.3854748603352
A_PB1	471	180	A	0	0	180	37.9277777777778
A_PB1	472	180	G	0	0	180	37.4444444444444
A_PB1	473	180	A	0	0	180	37.1111111111111
A_PB1	474	180	T	0	0	180	37.5277777777778
A_PB1	475	178	C	0	0	178	37.752808988764
A_PB1	476	177	G	0	0	177	37.3220338983051
A_PB1	477	177	A	0	0	176	37.1761363636364
A_PB1	478	177	A	0	0	176	37.4375
A_PB1	479	177	T	0	0	177	37.5028248587571
A_PB1	480	180	G	0	0	180	37.3166666666667
A_PB1	481	191	G	0	0	191	37.4397905759162
A_PB1	482	194	T	0	0	193	36.5699481865285
A_PB1	483	194	C	0	0	193	37.0569948186528
A_PB1	484	196	T	0	0	196	37.1326530612245
A_PB1	485	197	A	0	0	196	37.2142857142857
A_PB1	486	197	A	0	0	197	37.4060913705584
A_PB1	487	198	C	0	0	198	37.4040404040404
A_PB1	488	196	A	0	0	196	37.7091836734694
A_PB1	489	198	G	0	0	197	37.8071065989848
A_PB1	490	197	C	0	0	197	37.2893401015228
A_PB1	491	198	C	0	0	198	37.2222222222222
A_PB1	492	197	A	0	0	197	37.9441624365482
A_PB1	493	197	A	0	0	197	37.5634517766497
A_PB1	494	197	T	0	0	197	37.6497461928934
A_PB1	495	202	G	0	0	202	37.6138613861386
A_PB1	496	202	A	0	0	201	37.6119402985075
A_PB1	497	201	A	0	0	200	37.56
A_PB1	498	200	T	0	0	200	36.91
A_PB1	499	200	C	0	0	192	37.2395833333333
A_PB1	500	200	G	0	0	198	37.5555555555556
A_PB1	501	201	G	0	0	201	36.9253731343284
A_PB1	502	201	G	0	0	201	36.5373134328358
A_PB1	503	200	A	0	0	200	36.925
A_PB1	504	196	A	0	0	196	37.1479591836735
A_PB1	505	209	G	0	0	209	36.622009569378
A_PB1	506	210	A	0	0	209	37.2918660287081
A_PB1	507	218	C	0	0	218	37.3577981651376
A_PB1	508	218	T	0	0	218	37.1605504587156
A_PB1	509	216	A	0	0	216	37.1805555555556
A_PB1	510	219	A	0	0	217	37.0645161290323
A_PB1	511	220	T	0	0	220	37.4772727272727
A_PB1	512	220	A	0	0	220	37.4363636363636
A_PB1	513	220	G	0	0	220	37.1590909090909
A_PB1	514	211	A	0	0	211	37.5023696682464
A_PB1	515	214	C	0	0	180	37.0111111111111
A_PB1	516	211	T	0	0	211	37.3175355450237
A_PB1	517	243	T	0	0	243	36.9794238683128
A_PB1	518	253	C	0	0	252	36.4960317460317
A_PB1	519	252	C	0	0	252	36.4246031746032
A_PB1	520	252	T	0	0	252	36.75
A_PB1	521	251	C	0	0	205	37.0926829268293
A_PB1	522	251	A	0	0	250	37.008
A_PB1	523	249	A	0	0	249	37.4096385542169
A_PB1	524	249	G	0	0	249	37.3775100401606
A_PB1	525	249	G	0	0	248	37.2096774193548
A_PB1	526	232	A	0	0	232	37.0603448275862
A_PB1	527	224	T	0	0	224	37.5803571428571
A_PB1	528	229	G	0	0	228	37.8859649122807
A_PB1	529	228	T	0	0	227	37.4625550660793
A_PB1	530	227	G	0	0	227	37.726872246696
A_PB1	531	228	A	0	0	228	37.7412280701754
A_PB1	532	228	T	0	0	228	37.6885964912281
A_PB1	533	228	G	0	0	227	37.5418502202643
A_PB1	534	227	G	0	0	227	37.5726872246696
A_PB1	535	229	A	0	0	228	37.7149122807018
A_PB1	536	228	C	0	0	228	37.2982456140351
A_PB1	537	227	T	0	0	227	37.5550660792952
A_PB1	538	230	C	0	0	230	37.604347826087
A_PB1	539	230	A	0	0	229	37.7685589519651
A_PB1	540	233	A	0	0	232	38.3060344827586
A_PB1	541	233	T	0	0	232	38.0948275862069
A_PB1	542	231	G	0	0	230	38.0869565217391
A_PB1	543	231	G	0	0	231	37.8614718614719
A_PB1	544	230	A	0	0	229	37.9082969432314
A_PB1	545	230	C	0	0	230	37.7173913043478
A_PB1	546	229	A	0	0	229	38.2620087336245
A_PB1	547	228	A	0	0	226	37.9867256637168
A_PB1	548	228	A	0	0	228	38.1798245614035
A_PB1	549	230	G	0	0	230	38.1391304347826
A_PB1	550	231	A	0	0	231	38.0562770562771
A_PB1	551	230	A	0	0	229	38.3886462882096
A_PB1	552	229	G	0	0	228	38.25
A_PB1	553	228	A	0	0	227	38.0748898678414
A_PB1	554	228	A	0	0	226	38.287610619469
A_PB1	555	229	A	0	0	228	37.8947368421053
A_PB1	556	228	T	0	0	228	37.7938596491228
A_PB1	557	228	G	0	0	227	37.9515418502203
A_PB1	558	228	G	0	0	227	37.7973568281938
A_PB1	559	229	A	0	0	229	37.6375545851528
A_PB1	560	228	A	0	0	228	37.7938596491228
A_PB1	561	228	A	0	0	228	37.6929824561403
A_PB1	562	230	T	0	0	230	38.0260869565217
A_PB1	563	230	A	0	0	230	37.7565217391304
A_PB1	564	230	A	0	0	230	38.3347826086957
A_PB1	565	229	C	0	0	228	38.0921052631579
A_PB1	566	228	A	0	0	227	37.9735682819383
A_PB1	567	228	A	0	0	228	37.9956140350877
A_PB1	568	228	C	0	0	228	37.9956140350877
A_PB1	569	228	A	0	0	228	37.4824561403509
A_PB1	570	223	C	0	0	223	37.4439461883408
A_PB1	571	219	A	0	0	219	37.8675799086758
A_PB1	572	219	T	0	0	219	38.2191780821918
A_PB1	573	219	T	0	0	219	38.0776255707763
A_PB1	574	219	T	0	0	219	37.8127853881279
A_PB1	575	219	C	0	0	219	37.7899543378995
A_PB1	576	219	C	0	0	219	37.62100456621
A_PB1	577	219	A	0	0	218	38.1743119266055
A_PB1	578	219	A	0	0	219	37.9178082191781
A_PB1	579	218	A	0	0	218	38.2752293577982
A_PB1	580	220	G	0	0	220	38.3045454545455
A_PB1	581	222	A	0	0	222	38.1216216216216
A_PB1	582	221	A	0	0	220	37.9909090909091
A_PB1	583	222	A	0	0	222	37.9774774774775
A_PB1	584	224	G	0	0	224	38.0892857142857
A_PB1	585	224	A	0	0	223	37.5695067264574
A_PB1	586	223	G	0	0	223	38.0807174887892
A_PB1	587	223	A	0	0	223	37.8206278026906
A_PB1	588	223	A	0	0	223	37.8026905829596
A_PB1	589	278	G	0	0	278	36.4748201438849
A_PB1	590	275	A	0	0	275	36.3309090909091
A_PB1	591	277	G	0	0	277	36.7400722021661
A_PB1	592	277	T	0	0	273	35.4102564102564
A_PB1	593	277	A	0	0	277	36.3754512635379
A_PB1	594	278	A	0	0	278	37.5647482014388
A_PB1	595	278	G	0	0	277	37.3898916967509
A_PB1	596	281	G	0	0	281	37.1209964412811
A_PB1	597	282	G	0	0	281	36.6583629893238
A_PB1	598	281	A	0	0	280	36.7321428571429
A_PB1	599	277	C	0	0	277	36.3176895306859
A_PB1	600	277	A	0	0	276	36.2608695652174
A_PB1	601	278	A	0	0	277	37.7400722021661
A_PB1	602	277	C	0	0	277	37.6281588447653
A_PB1	603	278	A	0	0	277	37.884476534296
A_PB1	604	279	T	0	0	279	37.3978494623656
A_PB1	605	272	G	0	0	272	37.3933823529412
A_PB1	606	269	A	0	0	269	37.7583643122677
A_PB1	607	265	C	0	0	265	37.3849056603774
A_PB1	608	266	C	0	0	266	37.2556390977444
A_PB1	609	267	A	0	0	267	37.752808988764
A_PB1	610	269	A	0	0	269	37.7918215613383
A_PB1	611	270	G	0	0	270	37.7074074074074
A_PB1	612	272	A	0	0	272	38
A_PB1	613	272	A	0	0	272	38.3235294117647
A_PB1	614	271	A	0	0	271	37.859778597786
A_PB1	615	270	A	0	0	270	37.5444444444444
A_PB1	616	269	T	0	0	269	37.7174721189591
A_PB1	617	270	G	0	0	270	37.9888888888889
A_PB1	618	271	G	0	0	270	37.2851851851852
A_PB1	619	272	T	0	0	270	36.7185185185185
A_PB1	620	280	C	0	0	280	37.3857142857143
A_PB1	621	283	A	0	0	282	37.4503546099291
A_PB1	622	291	C	0	0	291	37.786941580756
A_PB1	623	294	A	0	0	294	37.6530612244898
A_PB1	624	295	C	0	0	295	37.5525423728814
A_PB1	625	294	A	0	0	294	37.3027210884354
A_PB1	626	296	A	0	0	296	36.9560810810811
A_PB1	627	295	A	0	0	295	37.7084745762712
A_PB1	628	300	G	0	0	299	37.5518394648829
A_PB1	629	300	G	0	0	300	37.2733333333333
A_PB1	630	302	A	0	0	301	37.4418604651163
A_PB1	631	294	C	0	0	294	37.4965986394558
A_PB1	632	287	A	0	0	287	37.7386759581882
A_PB1	633	287	A	0	0	287	37.6062717770035
A_PB1	634	287	T	0	0	287	37.6236933797909
A_PB1	635	285	A	0	0	285	37.7789473684211
A_PB1	636	285	G	0	0	284	37.419014084507
A_PB1	637	279	G	0	0	278	37.5503597122302
A_PB1	638	279	G	0	0	279	37.663082437276
A_PB1	639	279	A	0	0	279	37.2795698924731
A_PB1	640	277	A	0	0	273	37.5494505494505
A_PB1	641	280	G	0	0	280	37.1107142857143
A_PB1	642	278	A	0	0	277	37.6714801444043
A_PB1	643	278	A	0	0	278	37.6762589928058
A_PB1	644	278	A	0	0	278	38.0863309352518
A_PB1	645	278	A	0	0	278	38.4208633093525
A_PB1	646	276	A	0	0	275	38.1454545454545
A_PB1	647	276	A	0	0	276	37.5398550724638
A_PB1	648	276	C	0	0	276	37.713768115942
A_PB1	649	276	A	0	0	276	38.3550724637681
A_PB1	650	277	A	0	0	277	37.9963898916968
A_PB1	651	275	A	0	0	275	37.8981818181818
A_PB1	652	281	G	0	0	281	37.3843416370107
A_PB1	653	282	G	0	0	281	37.1921708185053
A_PB1	654	275	C	0	0	274	37.1459854014599
A_PB1	655	274	T	0	0	273	37.1391941391941
A_PB1	656	279	A	0	0	279	37.7491039426523
A_PB1	657	279	A	0	0	279	37.8207885304659
A_PB1	658	276	A	0	0	276	37.6847826086956
A_PB1	659	276	T	0	0	276	37.731884057971
A_PB1	660	276	A	0	0	276	37.8804347826087
A_PB1	661	269	A	0	0	268	38.1567164179104
A_PB1	662	270	G	0	0	270	37.4481481481481
A_PB1	663	269	A	0	0	268	37.884328358209
A_PB1	664	271	G	0	0	271	37.8856088560886
A_PB1	665	274	G	0	0	274	36.6605839416058
A_PB1	666	269	A	0	0	268	37.8134328358209
A_PB1	667	269	G	0	0	268	36.2276119402985
A_PB1	668	252	C	0	0	216	36.9259259259259
A_PB1	669	253	T	0	0	251	36.7091633466135
A_PB1	670	257	A	0	0	257	37.15953307393
A_PB1	671	262	C	0	0	262	37.2251908396947
A_PB1	672	265	T	0	0	265	37.0452830188679
A_PB1	673	268	T	0	0	268	37.2089552238806
A_PB1	674	268	A	0	0	268	37.5671641791045
A_PB1	675	269	A	0	0	268	37.7611940298507
A_PB1	676	268	T	0	0	268	37.7425373134328
A_PB1	677	268	A	0	0	268	37.7611940298507
A_PB1	678	266	A	0	0	266	37.9360902255639
A_PB1	679	263	G	0	0	263	37.3384030418251
A_PB1	680	259	A	0	0	256	37.73828125
A_PB1	681	261	G	0	0	259	37.6640926640927
A_PB1	682	274	C	0	0	274	37.3649635036496
A_PB1	683	274	A	0	0	274	37.5985401459854
A_PB1	684	274	C	0	0	274	37.3905109489051
A_PB1	685	272	T	0	0	272	37.1654411764706
A_PB1	686	272	G	0	0	271	37.619926199262
A_PB1	687	275	A	0	0	275	37.3818181818182
A_PB1	688	275	C	0	0	275	37.4254545454545
A_PB1	689	274	A	0	0	274	37.5656934306569
A_PB1	690	274	C	0	0	274	37.6423357664234
A_PB1	691	268	T	0	0	268	37.3470149253731
A_PB1	692	270	G	0	0	270	37.6888888888889
A_PB1	693	270	A	0	0	270	37.6555555555556
A_PB1	694	270	A	0	0	268	37.6194029850746
A_PB1	695	271	C	0	0	271	37.5461254612546
A_PB1	696	266	A	0	0	265	37.9132075471698
A_PB1	697	267	C	0	0	267	37.625468164794
A_PB1	698	267	A	0	0	266	37.9699248120301
A_PB1	699	267	A	0	0	267	37.3220973782772
A_PB1	700	264	T	0	0	264	37.5189393939394
A_PB1	701	264	G	0	0	262	37.4503816793893
A_PB1	702	264	A	0	0	264	37.7348484848485
A_PB1	703	265	C	0	0	265	37.577358490566
A_PB1	704	265	A	0	0	265	38.1735849056604
A_PB1	705	266	A	0	0	266	38.1578947368421
A_PB1	706	263	A	0	0	262	37.7099236641221
A_PB1	707	263	A	0	0	263	37.6083650190114
A_PB1	708	263	G	0	0	263	37.5209125475285
A_PB1	709	262	A	0	0	260	36.7615384615385
A_PB1	710	261	C	0	0	261	37.4980842911877
A_PB1	711	261	G	0	0	261	37.360153256705
A_PB1	712	264	C	0	0	264	37.0871212121212
A_PB1	713	263	A	0	0	263	37.2699619771863
A_PB1	714	265	G	0	0	264	37.155303030303
A_PB1	715	266	A	0	0	266	36.9172932330827
A_PB1	716	266	G	0	0	240	37.9
A_PB1	717	268	A	0	0	268	37.6529850746269
A_PB1	718	268	G	0	0	268	37.2350746268657
A_PB1	719	267	A	0	0	267	36.8876404494382
A_PB1	720	268	G	0	0	268	37.2425373134328
A_PB1	721	267	G	0	0	266	36.7443609022556
A_PB1	722	267	C	0	0	267	36.8951310861423
A_PB1	723	267	A	0	0	267	37.6928838951311
A_PB1	724	268	A	0	0	268	38.1380597014925
A_PB1	725	268	A	0	0	268	38.115671641791
A_PB1	726	273	T	0	0	273	38.0549450549451
A_PB1	727	276	T	0	0	276	37.7065217391304
A_PB1	728	277	A	0	0	277	38.3790613718412
A_PB1	729	277	A	0	0	277	38.0613718411552
A_PB1	730	277	A	0	0	277	38.1985559566787
A_PB1	731	275	G	0	0	275	37.9309090909091
A_PB1	732	272	A	0	0	271	37.8892988929889
A_PB1	733	272	G	0	0	271	37.719557195572
A_PB1	734	271	A	0	0	271	37.1845018450185
A_PB1	735	269	C	0	0	269	37.360594795539
A_PB1	736	269	G	0	0	269	36.9256505576208
A_PB1	737	269	G	0	0	268	36.4701492537313
A_PB1	738	269	G	0	0	269	36.9553903345725
A_PB1	739	226	C	0	0	226	36.9115044247788
A_PB1	740	225	A	0	0	225	37.7822222222222
A_PB1	741	227	A	0	0	226	37.7079646017699
A_PB1	742	229	T	0	0	229	37.0960698689956
A_PB1	743	230	C	0	0	230	37.3130434782609
A_PB1	744	230	G	0	0	230	37.4565217391304
A_PB1	745	229	C	0	0	229	37.2227074235808
A_PB1	746	227	A	0	0	226	36.8053097345133
A_PB1	747	226	A	0	0	226	37.1814159292035
A_PB1	748	227	C	0	0	222	36.9774774774775
A_PB1	749	227	A	0	0	227	36.863436123348
A_PB1	750	229	C	0	0	229	37.0742358078603
A_PB1	751	224	C	0	0	224	37.1339285714286
A_PB1	752	224	A	0	0	224	37.6205357142857
A_PB1	753	225	G	0	0	224	37.5178571428571
A_PB1	754	224	G	0	0	224	36.6830357142857
A_PB1	755	225	G	0	0	212	37.0471698113208
A_PB1	756	226	A	0	0	226	37.2566371681416
A_PB1	757	226	T	0	0	225	37.5955555555556
A_PB1	758	226	G	0	0	226	37.3318584070796
A_PB1	759	225	C	0	0	224	37.6607142857143
A_PB1	760	225	A	0	0	225	37.6755555555556
A_PB1	761	236	G	0	0	236	37.521186440678
A_PB1	762	243	A	0	0	243	37.2716049382716
A_PB1	763	245	T	0	0	244	37.0450819672131
A_PB1	764	246	T	0	0	245	37.8
A_PB1	765	241	A	0	0	241	37.6016597510373
A_PB1	766	241	G	0	0	241	37.4730290456432
A_PB1	767	242	A	0	0	242	37.6115702479339
A_PB1	768	241	G	0	0	240	36.8791666666667
A_PB1	769	241	G	0	0	241	36.5809128630705
A_PB1	770	243	G	0	0	242	36.6322314049587
A_PB1	771	229	T	0	0	228	35.9517543859649
A_PB1	772	228	T	0	0	228	37.1929824561403
A_PB1	773	223	T	0	0	223	37.4215246636771
A_PB1	774	225	G	0	0	225	37.2711111111111
A_PB1	775	225	T	0	0	224	37.5357142857143
A_PB1	776	225	G	0	0	225	37.68
A_PB1	777	223	T	0	0	223	37.6591928251121
A_PB1	778	224	A	0	0	222	37.2612612612613
A_PB1	779	221	C	0	0	221	37.8280542986425
A_PB1	780	218	T	0	0	218	38.0275229357798
A_PB1	781	218	T	0	0	218	37.4954128440367
A_PB1	782	217	T	0	0	217	37.5023041474654
A_PB1	783	218	G	0	0	218	37.4587155963303
A_PB1	784	219	T	0	0	219	36.9452054794521
A_PB1	785	222	C	0	0	222	37.3468468468468
A_PB1	786	222	G	0	0	222	37.6306306306306
A_PB1	787	222	A	0	0	221	37.8642533936652
A_PB1	788	222	A	0	0	220	37.7863636363636
A_PB1	789	223	A	0	0	223	37.3587443946188
A_PB1	790	226	C	0	0	226	37.358407079646
A_PB1	791	225	A	0	0	222	37.4009009009009
A_PB1	792	225	C	0	0	225	37.48
A_PB1	793	221	T	0	0	221	37.1674208144796
A_PB1	794	226	G	0	0	226	37.1814159292035
A_PB1	795	226	G	0	0	226	37.358407079646
A_PB1	796	230	C	0	0	230	36.3652173913043
A_PB1	797	231	A	0	0	229	37.589519650655
A_PB1	798	231	A	0	0	230	37.7
A_PB1	799	235	G	0	0	234	37.0128205128205
A_PB1	800	236	G	0	0	236	36.9830508474576
A_PB1	801	234	A	0	0	234	37.5
A_PB1	802	235	G	0	0	234	37.0042735042735
A_PB1	803	232	C	0	0	232	37.3318965517241
A_PB1	804	232	A	0	0	232	37.5474137931034
A_PB1	805	232	T	0	0	232	37.7974137931034
A_PB1	806	230	C	0	0	230	37.8521739130435
A_PB1	807	230	T	0	0	230	37.6739130434783
A_PB1	808	231	G	0	0	231	37.8528138528139
A_PB1	809	230	T	0	0	229	37.707423580786
A_PB1	810	230	G	0	0	230	37.6652173913043
A_PB1	811	230	A	0	0	230	37.4260869565217
A_PB1	812	230	A	0	0	230	37.8347826086957
A_PB1	813	230	A	0	0	229	37.4323144104804
A_PB1	814	230	A	0	0	230	37.4565217391304
A_PB1	815	230	A	0	0	230	37.2652173913043
A_PB1	816	229	C	0	0	229	37.4585152838428
A_PB1	817	226	T	0	0	226	37.7256637168142
A_PB1	818	225	T	0	0	225	37.6622222222222
A_PB1	819	225	G	0	0	225	37.5155555555556
A_PB1	820	228	A	0	0	228	37.6140350877193
A_PB1	821	224	G	0	0	224	37.5580357142857
A_PB1	822	226	C	0	0	226	37.1725663716814
A_PB1	823	222	A	0	0	222	37.4594594594595
A_PB1	824	224	G	0	0	224	36.7946428571429
A_PB1	825	220	T	0	0	220	37.3045454545455
A_PB1	826	220	C	0	0	220	36.9454545454545
A_PB1	827	220	T	0	0	220	37.4818181818182
A_PB1	828	219	G	0	0	219	37.2328767123288
A_PB1	829	219	G	0	0	219	37.2785388127854
A_PB1	830	222	A	0	0	222	36.5720720720721
A_PB1	831	220	C	0	0	220	36.8772727272727
A_PB1	832	204	T	0	0	204	36.8676470588235
A_PB1	833	201	C	0	0	201	37.1293532338308
A_PB1	834	198	C	0	0	198	36.3989898989899
A_PB1	835	199	C	0	0	199	36.5778894472362
A_PB1	836	200	C	0	0	200	36.295
A_PB1	837	201	G	0	0	201	37.547263681592
A_PB1	838	201	T	0	0	201	37.2139303482587
A_PB1	839	200	T	0	0	200	37.75
A_PB1	840	198	G	0	0	198	36.7020202020202
A_PB1	841	200	G	0	0	199	37.8391959798995
A_PB1	842	196	A	0	0	196	37.4744897959184
A_PB1	843	194	G	0	0	194	38.201030927835
A_PB1	844	198	G	0	0	198	37.4090909090909
A_PB1	845	201	G	0	0	201	37.81592039801
A_PB1	846	203	A	0	0	203	37.8669950738916
A_PB1	847	205	A	0	0	205	38.419512195122
A_PB1	848	205	T	0	0	205	38.3121951219512
A_PB1	849	206	G	0	0	206	38.1504854368932
A_PB1	850	208	A	0	0	208	37.9855769230769
A_PB1	851	208	A	0	0	208	37.8894230769231
A_PB1	852	208	A	0	0	208	37.6875
A_PB1	853	208	A	0	0	208	37.9903846153846
A_PB1	854	205	G	0	0	205	38.0585365853659
A_PB1	855	206	A	0	0	206	37.7766990291262
A_PB1	856	207	A	0	0	207	37.7487922705314
A_PB1	857	207	G	0	0	190	37.6894736842105
A_PB1	858	207	G	0	0	207	37.4541062801932
A_PB1	859	207	C	0	0	207	37.1835748792271
A_PB1	860	206	T	0	0	206	37.9077669902913
A_PB1	861	206	A	0	0	206	37.9466019417476
A_PB1	862	205	A	0	0	205	37.8585365853659
A_PB1	863	203	A	0	0	203	37.7881773399015
A_PB1	864	204	C	0	0	204	37.7107843137255
A_PB1	865	202	T	0	0	202	37.8762376237624
A_PB1	866	202	G	0	0	202	37.6287128712871
A_PB1	867	204	G	0	0	204	37.3529411764706
A_PB1	868	205	C	0	0	205	37.5121951219512
A_PB1	869	205	A	0	0	205	37.9560975609756
A_PB1	870	204	A	0	0	204	37.7352941176471
A_PB1	871	204	A	0	0	204	37.578431372549
A_PB1	872	204	T	0	0	204	37.8382352941176
A_PB1	873	203	G	0	0	203	37.1034482758621
A_PB1	874	208	T	0	0	207	37.6086956521739
A_PB1	875	202	T	0	0	202	37.9554455445545
A_PB1	876	203	G	0	0	203	38.0197044334975
A_PB1	877	196	T	0	0	196	37.4642857142857
A_PB1	878	193	G	0	0	193	37.5336787564767
A_PB1	879	192	A	0	0	192	38.2291666666667
A_PB1	880	192	G	0	0	192	38.1197916666667
A_PB1	881	193	A	0	0	193	38.2227979274611
A_PB1	882	192	A	0	0	191	38.2041884816754
A_PB1	883	192	A	0	0	192	38.546875
A_PB1	884	198	A	0	0	198	38.459595959596
A_PB1	885	201	A	0	0	201	38.1791044776119
A_PB1	886	202	T	0	0	202	37.8564356435644
A_PB1	887	202	G	0	0	202	38.3118811881188
A_PB1	888	202	A	0	0	202	37.9306930693069
A_PB1	889	200	T	0	0	199	38.1407035175879
A_PB1	890	202	G	0	0	202	37.980198019802
A_PB1	891	202	A	0	0	202	37.3663366336634
A_PB1	892	200	C	0	0	200	37.59
A_PB1	893	200	C	0	0	185	37.3621621621622
A_PB1	894	199	A	0	0	199	37.7638190954774
A_PB1	895	200	A	0	0	200	37.23
A_PB1	896	201	C	0	0	201	37.4029850746269
A_PB1	897	203	T	0	0	202	37.0594059405941
A_PB1	898	204	C	0	0	202	37.9257425742574
A_PB1	899	208	A	0	0	207	37.4975845410628
A_PB1	900	226	C	0	0	226	37.6283185840708
A_PB1	901	227	A	0	0	227	37.5286343612335
A_PB1	902	226	A	0	0	226	37.2610619469027
A_PB1	903	227	G	0	0	227	37.1233480176211
A_PB1	904	235	A	0	0	235	37.2510638297872
A_PB1	905	234	T	0	0	234	37.2863247863248
A_PB1	906	234	A	0	0	233	37.4635193133047
A_PB1	907	234	C	0	0	234	37.5683760683761
A_PB1	908	228	A	0	0	228	37.8157894736842
A_PB1	909	237	G	0	0	237	37.0506329113924
A_PB1	910	234	A	0	0	234	37.0982905982906
A_PB1	911	233	G	0	0	233	36.8412017167382
A_PB1	912	225	C	0	0	225	36.2088888888889
A_PB1	913	215	T	0	0	215	37.1116279069767
A_PB1	914	218	C	0	0	218	37.2339449541284
A_PB1	915	217	T	0	0	217	37.705069124424
A_PB1	916	216	C	0	0	216	37.212962962963
A_PB1	917	216	C	0	0	216	37.412037037037
A_PB1	918	212	T	0	0	211	37.4075829383886
A_PB1	919	215	T	0	0	215	37.5162790697674
A_PB1	920	217	C	0	0	217	37.3963133640553
A_PB1	921	217	A	0	0	217	37.3179723502304
A_PB1	922	219	C	0	0	219	37.7899543378995
A_PB1	923	214	A	0	0	214	37.7663551401869
A_PB1	924	213	A	0	0	213	37.5915492957746
A_PB1	925	210	T	0	0	210	37.8238095238095
A_PB1	926	210	T	0	0	209	37.9138755980861
A_PB1	927	210	A	0	0	210	37.3333333333333
A_PB1	928	211	C	0	0	211	37.8104265402844
A_PB1	929	210	T	0	0	210	37.8238095238095
A_PB1	930	210	G	0	0	210	37.6571428571429
A_PB1	931	210	G	0	0	210	37.5666666666667
A_PB1	932	213	A	0	0	213	37.2676056338028
A_PB1	933	214	G	0	0	214	36.8971962616822
A_PB1	934	213	A	0	0	213	37.7042253521127
A_PB1	935	215	C	0	0	215	37.1906976744186
A_PB1	936	209	A	0	0	209	37.4497607655502
A_PB1	937	210	A	0	0	209	37.9760765550239
A_PB1	938	209	T	0	0	187	37.1336898395722
A_PB1	939	210	A	0	0	210	36.7333333333333
A_PB1	940	208	C	0	0	208	37.6826923076923
A_PB1	941	205	C	0	0	205	37.9804878048781
A_PB1	942	204	A	0	0	204	38.093137254902
A_PB1	943	204	A	0	0	204	37.5049019607843
A_PB1	944	201	A	0	0	200	38.08
A_PB1	945	198	T	0	0	198	37.9444444444444
A_PB1	946	197	G	0	0	197	37.5837563451777
A_PB1	947	198	G	0	0	198	37.7222222222222
A_PB1	948	197	A	0	0	196	37.6122448979592
A_PB1	949	197	A	0	0	197	37.8730964467005
A_PB1	950	192	T	0	0	192	37.9114583333333
A_PB1	951	192	G	0	0	192	37.9791666666667
A_PB1	952	188	A	0	0	187	37.8288770053476
A_PB1	953	188	G	0	0	188	37.7021276595745
A_PB1	954	197	A	0	0	197	37.8527918781726
A_PB1	955	199	A	0	0	199	38.0150753768844
A_PB1	956	198	T	0	0	198	37.459595959596
A_PB1	957	198	C	0	0	198	37.9848484848485
A_PB1	958	198	A	0	0	198	38.0353535353535
A_PB1	959	198	A	0	0	197	37.8578680203046
A_PB1	960	199	A	0	0	199	37.5929648241206
A_PB1	961	205	A	0	0	205	37.5317073170732
A_PB1	962	205	T	0	0	205	37.4634146341463
A_PB1	963	205	C	0	0	205	37.5463414634146
A_PB1	964	205	C	0	0	205	37.4926829268293
A_PB1	965	204	T	0	0	204	37.7107843137255
A_PB1	966	204	A	0	0	204	37.4656862745098
A_PB1	967	209	G	0	0	209	37.3253588516746
A_PB1	968	209	G	0	0	209	36.9952153110048
A_PB1	969	210	A	0	0	209	37.6602870813397
A_PB1	970	206	T	0	0	205	37.8
A_PB1	971	205	G	0	0	179	37.8324022346369
A_PB1	972	202	T	0	0	202	37.529702970297
A_PB1	973	200	T	0	0	200	37.61
A_PB1	974	200	T	0	0	199	37.8090452261307
A_PB1	975	197	C	0	0	197	37.7868020304569
A_PB1	976	194	T	0	0	194	37.9329896907216
A_PB1	977	194	G	0	0	194	37.819587628866
A_PB1	978	194	G	0	0	193	37.8652849740933
A_PB1	979	194	C	0	0	194	37.0773195876289
A_PB1	980	191	A	0	0	191	38.1465968586387
A_PB1	981	193	A	0	0	193	37.860103626943
A_PB1	982	197	T	0	0	197	37.8324873096447
A_PB1	983	200	G	0	0	200	37.8
A_PB1	984	200	A	0	0	200	37.89
A_PB1	985	200	T	0	0	200	37.75
A_PB1	986	200	A	0	0	200	37.475
A_PB1	987	212	A	0	0	212	37.7877358490566
A_PB1	988	213	C	0	0	211	37.8862559241706
A_PB1	989	213	A	0	0	213	37.8169014084507
A_PB1	990	213	T	0	0	213	37.6338028169014
A_PB1	991	209	A	0	0	209	37.7272727272727
A_PB1	992	210	C	0	0	210	37.1142857142857
A_PB1	993	203	A	0	0	203	37.7586206896552
A_PB1	994	203	T	0	0	203	37.4630541871921
A_PB1	995	203	C	0	0	203	37.6354679802956
A_PB1	996	201	A	0	0	201	37.0796019900498
A_PB1	997	200	C	0	0	200	37.525
A_PB1	998	198	A	0	0	198	37.9393939393939
A_PB1	999	198	A	0	0	197	37.7664974619289
A_PB1	1000	198	G	0	0	198	37.5959595959596
A_PB1	1001	193	A	0	0	193	37.5129533678756
A_PB1	1002	192	A	0	0	192	37.6927083333333
A_PB1	1003	192	A	0	0	192	37.375
A_PB1	1004	195	C	0	0	195	37.1948717948718
A_PB1	1005	194	C	0	0	193	37.5647668393782
A_PB1	1006	192	A	0	0	192	37.6822916666667
A_PB1	1007	191	A	0	0	190	37.6631578947368
A_PB1	1008	192	C	0	0	192	37.0625
A_PB1	1009	194	C	0	0	194	37.4484536082474
A_PB1	1010	193	T	0	0	192	37.9791666666667
A_PB1	1011	193	G	0	0	193	38.1295336787565
A_PB1	1012	195	A	0	0	195	37.6358974358974
A_PB1	1013	197	A	0	0	197	37.9644670050761
A_PB1	1014	197	T	0	0	197	38.0304568527919
A_PB1	1015	196	G	0	0	196	38.0459183673469
A_PB1	1016	204	G	0	0	203	37.4827586206897
A_PB1	1017	202	T	0	0	201	37.5074626865672
A_PB1	1018	201	T	0	0	201	37.7412935323383
A_PB1	1019	202	T	0	0	202	37.519801980198
A_PB1	1020	202	A	0	0	202	37.8019801980198
A_PB1	1021	204	G	0	0	204	37.3725490196078
A_PB1	1022	204	A	0	0	204	37.7843137254902
A_PB1	1023	204	A	0	0	203	38.0788177339901
A_PB1	1024	205	A	0	0	204	37.8333333333333
A_PB1	1025	197	T	0	0	197	37.7157360406091
A_PB1	1026	200	G	0	0	200	37.935
A_PB1	1027	200	T	0	0	200	37.02
A_PB1	1028	200	C	0	0	200	37.34
A_PB1	1029	200	T	0	0	200	37.745
A_PB1	1030	197	T	0	0	197	37.492385786802
A_PB1	1031	197	G	0	0	196	37.4540816326531
A_PB1	1032	197	A	0	0	197	37.7868020304569
A_PB1	1033	200	G	0	0	200	37.615
A_PB1	1034	200	C	0	0	200	37.465
A_PB1	1035	188	A	0	0	187	37.8770053475936
A_PB1	1036	188	T	0	0	187	37.5401069518717
A_PB1	1037	187	T	0	0	186	37.4354838709677
A_PB1	1038	190	G	0	0	190	36.9105263157895
A_PB1	1039	195	C	0	0	194	36.5876288659794
A_PB1	1040	194	C	0	0	192	36.6145833333333
A_PB1	1041	198	C	0	0	197	36.8527918781726
A_PB1	1042	201	C	0	0	200	36.98
A_PB1	1043	200	T	0	0	200	37.175
A_PB1	1044	203	A	0	0	203	36.9211822660099
A_PB1	1045	203	T	0	0	203	37.384236453202
A_PB1	1046	203	A	0	0	203	37.3546798029557
A_PB1	1047	201	A	0	0	201	37.318407960199
A_PB1	1048	192	T	0	0	192	37.5989583333333
A_PB1	1049	190	G	0	0	190	37.5578947368421
A_PB1	1050	186	T	0	0	186	36.6881720430108
A_PB1	1051	171	T	0	0	171	37.3391812865497
A_PB1	1052	170	C	0	0	170	37.2470588235294
A_PB1	1053	169	T	0	0	168	37.2857142857143
A_PB1	1054	167	C	0	0	167	37.2574850299401
A_PB1	1055	167	G	0	0	167	36.9461077844311
A_PB1	1056	166	A	0	0	166	37.2771084337349
A_PB1	1057	167	A	0	0	167	37.5928143712575
A_PB1	1058	167	C	0	0	167	37.8083832335329
A_PB1	1059	168	A	0	0	168	37.5892857142857
A_PB1	1060	165	A	0	0	164	37.7560975609756
A_PB1	1061	168	A	0	0	168	37.3392857142857
A_PB1	1062	178	A	0	0	177	37.4632768361582
A_PB1	1063	179	T	0	0	178	37.2752808988764
A_PB1	1064	178	G	0	0	178	37.2584269662921
A_PB1	1065	180	G	0	0	180	36.9111111111111
A_PB1	1066	180	C	0	0	180	37.5444444444444
A_PB1	1067	180	G	0	0	180	37.1666666666667
A_PB1	1068	180	A	0	0	178	36.4943820224719
A_PB1	1069	181	G	0	0	181	37.2099447513812
A_PB1	1070	180	A	0	0	178	36.9325842696629
A_PB1	1071	179	T	0	0	179	37.0279329608939
A_PB1	1072	179	T	0	0	179	38.0782122905028
A_PB1	1073	180	G	0	0	179	37.6256983240223
A_PB1	1074	180	G	0	0	180	37.7833333333333
A_PB1	1075	180	G	0	0	180	36.8833333333333
A_PB1	1076	180	A	0	0	180	37.4888888888889
A_PB1	1077	180	A	0	0	180	37.7666666666667
A_PB1	1078	181	A	0	0	181	37.2872928176796
A_PB1	1079	180	A	0	0	180	37.7722222222222
A_PB1	1080	184	G	0	0	184	37.5760869565217
A_PB1	1081	186	G	0	0	185	37.1135135135135
A_PB1	1082	189	A	0	0	188	37.5531914893617
A_PB1	1083	187	T	0	0	187	37.7112299465241
A_PB1	1084	187	A	0	0	187	37.2245989304813
A_PB1	1085	185	C	0	0	183	38.0765027322404
A_PB1	1086	185	A	0	0	185	37.6216216216216
A_PB1	1087	185	T	0	0	185	37.5081081081081
A_PB1	1088	184	G	0	0	184	37.6739130434783
A_PB1	1089	188	T	0	0	187	37.7379679144385
A_PB1	1090	187	T	0	0	187	37.7754010695187
A_PB1	1091	187	T	0	0	186	37.747311827957
A_PB1	1092	187	G	0	0	187	37.6951871657754
A_PB1	1093	188	A	0	0	188	37.5531914893617
A_PB1	1094	189	A	0	0	189	37.5449735449735
A_PB1	1095	191	A	0	0	191	37.1256544502618
A_PB1	1096	198	G	0	0	198	37.4545454545455
A_PB1	1097	195	T	0	0	195	36.8923076923077
A_PB1	1098	194	A	0	0	194	37.680412371134
A_PB1	1099	194	A	0	0	194	37.4896907216495
A_PB1	1100	195	A	0	0	164	37.6036585365854
A_PB1	1101	195	A	0	0	195	37.3384615384615
A_PB1	1102	195	G	0	0	195	37.0358974358974
A_PB1	1103	195	C	0	0	194	37.3092783505155
A_PB1	1104	191	A	0	0	191	37.5549738219895
A_PB1	1105	179	T	0	0	179	37.1843575418994
A_PB1	1106	177	G	0	0	177	37.2655367231638
A_PB1	1107	179	A	0	0	179	38.0111731843575
A_PB1	1108	179	A	0	0	179	37.5810055865922
A_PB1	1109	179	G	0	0	179	36.5977653631285
A_PB1	1110	175	C	0	0	175	36.8971428571429
A_PB1	1111	175	T	0	0	175	37.4171428571429
A_PB1	1112	175	A	0	0	175	37.6114285714286
A_PB1	1113	178	C	0	0	178	36.7134831460674
A_PB1	1114	179	G	0	0	179	37.0279329608939
A_PB1	1115	179	G	0	0	179	36.6033519553073
A_PB1	1116	178	A	0	0	177	36.9209039548023
A_PB1	1117	180	C	0	0	179	35.9832402234637
A_PB1	1118	180	A	0	0	180	36.7944444444444
A_PB1	1119	181	C	0	0	181	37.4806629834254
A_PB1	1120	180	A	0	0	180	37.85
A_PB1	1121	180	A	0	0	178	37.5898876404494
A_PB1	1122	179	A	0	0	179	37.391061452514
A_PB1	1123	181	T	0	0	181	36.3756906077348
A_PB1	1124	181	A	0	0	179	36.0335195530726
A_PB1	1125	183	C	0	0	183	37.3169398907104
A_PB1	1126	182	C	0	0	182	37.1373626373626
A_PB1	1127	181	T	0	0	181	37.0441988950276
A_PB1	1128	183	G	0	0	183	36.9016393442623
A_PB1	1129	183	C	0	0	183	36.7868852459016
A_PB1	1130	183	A	0	0	183	37.5628415300546
A_PB1	1131	183	G	0	0	183	37.1584699453552
A_PB1	1132	198	A	0	0	198	37.4646464646465
A_PB1	1133	196	A	0	0	196	37.1734693877551
A_PB1	1134	194	A	0	0	194	36.8762886597938
A_PB1	1135	194	T	0	0	194	36.7783505154639
A_PB1	1136	194	G	0	0	194	36.0721649484536
A_PB1	1137	195	C	0	0	195	36.3025641025641
A_PB1	1138	180	T	0	0	180	37
A_PB1	1139	181	T	0	0	181	37.414364640884
A_PB1	1140	178	G	0	0	178	36.938202247191
A_PB1	1141	178	C	0	0	178	35.7022471910112
A_PB1	1142	178	A	0	0	178	37.9101123595506
A_PB1	1143	178	A	0	0	178	38.2078651685393
A_PB1	1144	177	A	0	0	177	37.1920903954802
A_PB1	1145	181	C	0	0	180	37.4888888888889
A_PB1	1146	179	A	0	0	178	37.0842696629214
A_PB1	1147	178	T	0	0	178	36.0056179775281
A_PB1	1148	178	C	0	0	177	36.2881355932203
A_PB1	1149	178	G	0	0	178	36.6011235955056
A_PB1	1150	178	A	0	0	178	37.3707865168539
A_PB1	1151	178	C	0	0	178	36.3988764044944
A_PB1	1152	179	T	0	0	179	36.854748603352
A_PB1	1153	179	T	0	0	179	36.8435754189944
A_PB1	1154	179	A	0	0	179	38.2402234636872
A_PB1	1155	179	A	0	0	179	37.9385474860335
A_PB1	1156	178	A	0	0	178	37.5505617977528
A_PB1	1157	179	A	0	0	179	37.122905027933
A_PB1	1158	178	T	0	0	178	36.7977528089888
A_PB1	1159	176	A	0	0	175	35.0857142857143
A_PB1	1160	178	C	0	0	178	37.0337078651685
A_PB1	1161	178	T	0	0	178	37.5393258426966
A_PB1	1162	178	T	0	0	177	36.2033898305085
A_PB1	1163	182	C	0	0	182	36.0824175824176
A_PB1	1164	180	A	0	0	180	37.9555555555556
A_PB1	1165	181	A	0	0	180	37.4555555555556
A_PB1	1166	180	T	0	0	180	36.8277777777778
A_PB1	1167	176	G	0	0	176	36.9772727272727
A_PB1	1168	173	A	0	0	173	37.121387283237
A_PB1	1169	176	G	0	0	176	36.5170454545455
A_PB1	1170	174	T	0	0	172	36.593023255814
A_PB1	1171	171	C	0	0	171	35.7251461988304
A_PB1	1172	170	A	0	0	168	37.7559523809524
A_PB1	1173	170	A	0	0	170	36.8117647058824
A_PB1	1174	171	C	0	0	171	37.1228070175439
A_PB1	1175	170	A	0	0	170	37.9117647058824
A_PB1	1176	170	A	0	0	170	37.7882352941176
A_PB1	1177	170	G	0	0	170	37.2647058823529
A_PB1	1178	172	A	0	0	171	38.0233918128655
A_PB1	1179	172	A	0	0	172	37.6686046511628
A_PB1	1180	172	A	0	0	172	37.453488372093
A_PB1	1181	172	G	0	0	172	36.9883720930233
A_PB1	1182	173	A	0	0	173	38.1271676300578
A_PB1	1183	176	A	0	0	176	38.0113636363636
A_PB1	1184	176	A	0	0	176	37.7045454545455
A_PB1	1185	177	A	0	0	177	37.1242937853107
A_PB1	1186	179	T	0	0	179	37.2234636871508
A_PB1	1187	177	T	0	0	153	36.437908496732
A_PB1	1188	178	G	0	0	178	36.4606741573034
A_PB1	1189	177	A	0	0	177	36.5028248587571
A_PB1	1190	176	G	0	0	176	36.3238636363636
A_PB1	1191	176	A	0	0	176	37.8920454545455
A_PB1	1192	174	A	0	0	174	38.1149425287356
A_PB1	1193	173	A	0	0	173	37.7919075144509
A_PB1	1194	173	A	0	0	173	37.1098265895954
A_PB1	1195	171	T	0	0	171	35.7953216374269
A_PB1	1196	171	A	0	0	170	37.0117647058824
A_PB1	1197	171	A	0	0	171	36.5321637426901
A_PB1	1198	173	G	0	0	172	36.3139534883721
A_PB1	1199	174	A	0	0	171	33.8245614035088
A_PB1	1200	179	C	0	0	179	36.6536312849162
A_PB1	1201	177	C	0	0	177	35.819209039548
A_PB1	1202	179	T	0	0	178	35.6966292134831
A_PB1	1203	186	C	0	0	184	35.8532608695652
A_PB1	1204	186	T	0	0	186	36.1720430107527
A_PB1	1205	186	A	0	0	185	34.627027027027
A_PB1	1206	188	C	0	0	188	36.0053191489362
A_PB1	1207	188	T	0	0	187	35.5347593582888
A_PB1	1208	188	A	0	0	188	37.3191489361702
A_PB1	1209	189	A	0	0	188	36.3829787234043
A_PB1	1210	189	T	0	0	188	35.7659574468085
A_PB1	1211	189	A	0	0	189	36.2857142857143
A_PB1	1212	185	G	0	0	185	35.9891891891892
A_PB1	1213	168	A	0	0	168	36.9226190476191
A_PB1	1214	166	T	0	0	166	36.0903614457831
A_PB1	1215	165	G	0	0	165	36.9757575757576
A_PB1	1216	165	G	0	0	165	34.3030303030303
A_PB1	1217	165	C	0	0	165	35.1515151515151
A_PB1	1218	165	A	0	0	163	35.6564417177914
A_PB1	1219	164	C	0	0	164	36.8109756097561
A_PB1	1220	162	C	0	0	162	37.0308641975309
A_PB1	1221	164	G	0	0	163	36.2944785276074
A_PB1	1222	164	C	0	0	163	36.6073619631902
A_PB1	1223	170	C	0	0	169	36.5562130177515
A_PB1	1224	171	T	0	0	171	37.2631578947368
A_PB1	1225	175	C	0	0	175	36.8
A_PB1	1226	176	A	0	0	176	37.2556818181818
A_PB1	1227	176	T	0	0	176	37.3295454545455
A_PB1	1228	176	T	0	0	176	37.7443181818182
A_PB1	1229	177	G	0	0	177	37.7118644067797
A_PB1	1230	173	A	0	0	172	37.3255813953488
A_PB1	1231	184	G	0	0	184	36.7065217391304
A_PB1	1232	184	T	0	0	184	36.8695652173913
A_PB1	1233	183	C	0	0	183	36.9071038251366
A_PB1	1234	183	C	0	0	183	37.1475409836066
A_PB1	1235	183	T	0	0	182	36.9725274725275
A_PB1	1236	187	G	0	0	187	37.6096256684492
A_PB1	1237	190	G	0	0	190	37.5842105263158
A_PB1	1238	190	A	0	0	190	37.3263157894737
A_PB1	1239	191	A	0	0	191	36.9685863874346
A_PB1	1240	182	T	0	0	181	37.4585635359116
A_PB1	1241	183	G	0	0	183	37.775956284153
A_PB1	1242	185	A	0	0	185	37.3783783783784
A_PB1	1243	188	T	0	0	188	37.7074468085106
A_PB1	1244	188	G	0	0	188	37.6595744680851
A_PB1	1245	186	A	0	0	186	37.4516129032258
A_PB1	1246	184	T	0	0	183	37.9071038251366
A_PB1	1247	181	G	0	0	181	37.5745856353591
A_PB1	1248	185	G	0	0	185	37.0594594594595
A_PB1	1249	185	G	0	0	185	37.3135135135135
A_PB1	1250	187	C	0	0	187	37.0320855614973
A_PB1	1251	185	A	0	0	184	37.6902173913044
A_PB1	1252	185	T	0	0	185	37.5945945945946
A_PB1	1253	189	G	0	0	189	37.7089947089947
A_PB1	1254	190	T	0	0	190	37.7157894736842
A_PB1	1255	192	T	0	0	192	37.328125
A_PB1	1256	194	C	0	0	194	37.5721649484536
A_PB1	1257	194	A	0	0	194	37.8659793814433
A_PB1	1258	195	A	0	0	195	37.4205128205128
A_PB1	1259	195	T	0	0	195	37.548717948718
A_PB1	1260	200	A	0	0	200	37.56
A_PB1	1261	200	T	0	0	199	37.4874371859297
A_PB1	1262	198	G	0	0	198	37.1919191919192
A_PB1	1263	199	C	0	0	199	37.1959798994975
A_PB1	1264	196	T	0	0	196	37.1887755102041
A_PB1	1265	198	G	0	0	198	37.4545454545455
A_PB1	1266	198	A	0	0	198	37.3080808080808
A_PB1	1267	205	G	0	0	205	36.8341463414634
A_PB1	1268	206	T	0	0	206	37.252427184466
A_PB1	1269	205	A	0	0	204	37.4705882352941
A_PB1	1270	207	C	0	0	207	37.4589371980676
A_PB1	1271	203	A	0	0	201	37.4626865671642
A_PB1	1272	222	G	0	0	222	36.9144144144144
A_PB1	1273	227	T	0	0	225	36.6533333333333
A_PB1	1274	225	A	0	0	225	36.9466666666667
A_PB1	1275	226	T	0	0	226	36.9159292035398
A_PB1	1276	220	T	0	0	220	37.05
A_PB1	1277	220	A	0	0	220	37.4136363636364
A_PB1	1278	220	G	0	0	220	37.0090909090909
A_PB1	1279	222	G	0	0	221	36.9864253393665
A_PB1	1280	211	A	0	0	211	36.6113744075829
A_PB1	1281	208	G	0	0	208	37.4903846153846
A_PB1	1282	204	T	0	0	203	37.2216748768473
A_PB1	1283	204	C	0	0	170	37.0882352941176
A_PB1	1284	203	T	0	0	203	37.6059113300493
A_PB1	1285	195	C	6	0	195	37.5435897435897
A_PB1	1286	202	A	0	0	201	37.547263681592
A_PB1	1287	207	A	0	0	207	37.0096618357488
A_PB1	1288	205	T	0	0	205	37.3756097560976
A_PB1	1289	205	C	0	0	205	37.2146341463415
A_PB1	1290	205	C	0	0	205	37.0536585365854
A_PB1	1291	204	T	0	0	203	37.6600985221675
A_PB1	1292	204	G	0	0	204	37.656862745098
A_PB1	1293	205	A	0	0	205	37.3073170731707
A_PB1	1294	208	A	0	0	207	37.4299516908213
A_PB1	1295	208	T	0	0	208	37.5576923076923
A_PB1	1296	206	C	0	0	206	37.4660194174757
A_PB1	1297	206	T	0	0	206	37.2233009708738
A_PB1	1298	205	T	0	0	205	37.419512195122
A_PB1	1299	207	G	0	0	207	37.6038647342995
A_PB1	1300	209	G	0	0	209	36.7703349282297
A_PB1	1301	209	G	0	0	209	36.9808612440191
A_PB1	1302	209	C	0	0	209	37.133971291866
A_PB1	1303	208	A	0	0	207	37.5024154589372
A_PB1	1304	212	G	0	0	212	36.8301886792453
A_PB1	1305	212	A	0	0	211	37.2654028436019
A_PB1	1306	212	A	0	0	212	37.377358490566
A_PB1	1307	214	G	0	0	209	37.4784688995215
A_PB1	1308	215	A	0	0	215	37.2372093023256
A_PB1	1309	217	G	0	0	217	37.2626728110599
A_PB1	1310	217	G	0	0	217	37.1198156682028
A_PB1	1311	215	T	0	0	214	36.6028037383178
A_PB1	1312	215	A	0	0	214	37.0934579439252
A_PB1	1313	218	C	0	0	218	36.8440366972477
A_PB1	1314	214	A	0	0	213	36.9107981220657
A_PB1	1315	214	C	0	0	214	36.9345794392523
A_PB1	1316	214	C	0	0	212	37.6320754716981
A_PB1	1317	213	A	0	0	213	37.1408450704225
A_PB1	1318	213	A	0	0	212	37.2028301886792
A_PB1	1319	214	A	0	0	214	35.8317757009346
A_PB1	1320	215	A	0	0	215	37.1209302325581
A_PB1	1321	215	C	0	0	214	37.6168224299065
A_PB1	1322	215	C	0	0	215	36.9116279069767
A_PB1	1323	216	A	0	0	215	37.1720930232558
A_PB1	1324	216	C	0	0	216	36.9166666666667
A_PB1	1325	213	A	0	0	212	37.5235849056604
A_PB1	1326	213	T	0	0	213	37.5023474178404
A_PB1	1327	214	A	0	0	214	36.8271028037383
A_PB1	1328	216	C	0	0	216	37.212962962963
A_PB1	1329	210	T	0	0	210	36.7142857142857
A_PB1	1330	210	G	1	0	210	36.9285714285714
A_PB1	1331	212	G	0	0	212	36.8066037735849
A_PB1	1332	211	T	0	0	210	36.5047619047619
A_PB1	1333	211	G	0	0	211	36.7061611374408
A_PB1	1334	210	G	0	0	210	36.9333333333333
A_PB1	1335	211	G	0	0	211	36.8199052132701
A_PB1	1336	211	A	0	0	211	37.3838862559242
A_PB1	1337	209	T	0	0	209	37.9425837320574
A_PB1	1338	209	G	0	0	209	36.6172248803828
A_PB1	1339	208	G	0	0	207	36.512077294686
A_PB1	1340	206	A	0	0	206	37.504854368932
A_PB1	1341	211	C	0	0	211	37.5260663507109
A_PB1	1342	210	T	0	0	207	37.1497584541063
A_PB1	1343	212	C	0	0	212	36.8490566037736
A_PB1	1344	211	C	0	0	211	37.39336492891
A_PB1	1345	211	A	0	0	211	37.9620853080569
A_PB1	1346	211	A	0	0	211	37.6255924170616
A_PB1	1347	211	T	0	0	211	37.6398104265403
A_PB1	1348	213	C	0	0	213	37.1455399061033
A_PB1	1349	209	C	0	0	208	37.6394230769231
A_PB1	1350	208	T	0	0	208	37.4951923076923
A_PB1	1351	203	C	0	0	203	37.9211822660099
A_PB1	1352	203	T	0	0	202	37.8663366336634
A_PB1	1353	203	G	0	0	203	37.4039408866995
A_PB1	1354	203	A	0	0	203	37.9408866995074
A_PB1	1355	203	T	0	0	203	37.4778325123153
A_PB1	1356	204	G	0	0	204	37.6813725490196
A_PB1	1357	203	A	0	0	203	38.2068965517241
A_PB1	1358	203	T	0	0	203	37.0591133004926
A_PB1	1359	203	T	0	0	203	37.423645320197
A_PB1	1360	203	T	0	0	203	37.7142857142857
A_PB1	1361	203	C	0	0	203	37.4334975369458
A_PB1	1362	203	G	0	0	203	36.8571428571429
A_PB1	1363	206	C	0	0	206	36.0242718446602
A_PB1	1364	207	C	0	0	207	36.536231884058
A_PB1	1365	209	C	0	0	209	36.9760765550239
A_PB1	1366	211	T	0	0	211	36.9336492890995
A_PB1	1367	216	C	0	0	216	37.6203703703704
A_PB1	1368	217	A	0	0	217	37.4562211981567
A_PB1	1369	217	T	0	0	217	37.6497695852535
A_PB1	1370	217	A	0	0	217	37.7235023041475
A_PB1	1371	219	G	0	0	219	37.5525114155251
A_PB1	1372	219	T	0	0	216	37.1435185185185
A_PB1	1373	219	G	0	0	219	37.1780821917808
A_PB1	1374	211	A	0	0	211	37.5402843601896
A_PB1	1375	210	A	0	0	210	37.9095238095238
A_PB1	1376	207	T	0	0	207	37.4347826086956
A_PB1	1377	205	G	0	0	205	37.2634146341463
A_PB1	1378	211	C	0	0	211	37.042654028436
A_PB1	1379	211	A	0	0	211	37.4881516587678
A_PB1	1380	211	C	0	0	211	37.6255924170616
A_PB1	1381	201	C	0	0	201	37.5373134328358
A_PB1	1382	200	A	1	0	169	37.7869822485207
A_PB1	1383	203	A	0	0	203	36.9556650246305
A_PB1	1384	204	A	0	0	204	36.9950980392157
A_PB1	1385	215	T	0	0	215	37.1488372093023
A_PB1	1386	214	C	0	0	214	37.0607476635514
A_PB1	1387	209	A	0	0	208	36.7836538461538
A_PB1	1388	208	C	0	0	208	37.375
A_PB1	1389	208	A	0	0	182	37.4175824175824
A_PB1	1390	210	A	0	0	210	37.0380952380952
A_PB1	1391	208	G	0	0	208	37.3413461538462
A_PB1	1392	220	G	0	0	220	36.2227272727273
A_PB1	1393	224	G	0	0	224	35.8794642857143
A_PB1	1394	218	A	0	0	218	36.9816513761468
A_PB1	1395	226	A	0	0	226	37.4911504424779
A_PB1	1396	226	T	0	0	226	37.6106194690265
A_PB1	1397	226	A	0	0	226	37.4203539823009
A_PB1	1398	226	C	0	0	225	37.7555555555556
A_PB1	1399	224	A	0	0	224	37.71875
A_PB1	1400	226	G	0	0	226	37.3318584070796
A_PB1	1401	230	G	0	0	230	37.0826086956522
A_PB1	1402	231	C	0	0	231	36.5800865800866
A_PB1	1403	230	A	0	0	230	37.2739130434783
A_PB1	1404	229	G	0	0	229	36.6855895196507
A_PB1	1405	230	G	0	0	230	36.2260869565217
A_PB1	1406	231	A	0	0	231	35.5497835497835
A_PB1	1407	232	G	0	0	232	36.2025862068966
A_PB1	1408	232	T	0	0	231	37
A_PB1	1409	236	G	0	0	234	36.8119658119658
A_PB1	1410	240	G	0	0	240	36.5
A_PB1	1411	249	A	0	0	249	37.289156626506
A_PB1	1412	249	T	0	0	247	36.8259109311741
A_PB1	1413	247	A	0	0	247	37.1578947368421
A_PB1	1414	249	G	0	0	249	37.1767068273092
A_PB1	1415	258	A	0	0	258	37.0658914728682
A_PB1	1416	256	T	0	0	256	36.80078125
A_PB1	1417	256	T	0	0	256	37.05859375
A_PB1	1418	276	C	0	0	276	36.9347826086956
A_PB1	1419	276	T	0	0	275	36.6109090909091
A_PB1	1420	277	A	0	0	277	37.0108303249097
A_PB1	1421	279	T	0	0	278	36.7661870503597
A_PB1	1422	279	A	0	0	279	36.741935483871
A_PB1	1423	269	G	0	0	269	36.910780669145
A_PB1	1424	261	G	0	0	260	36.85
A_PB1	1425	261	A	0	0	261	36.7241379310345
A_PB1	1426	263	C	0	0	263	36.8631178707224
A_PB1	1427	254	C	0	0	253	36.7549407114625
A_PB1	1428	250	T	0	0	250	37.256
A_PB1	1429	253	G	0	0	252	37.1626984126984
A_PB1	1430	253	C	0	0	251	37.2788844621514
A_PB1	1431	254	A	0	0	254	37.8425196850394
A_PB1	1432	255	A	0	0	255	37.7725490196078
A_PB1	1433	255	A	0	0	254	37.5
A_PB1	1434	255	C	0	0	253	37.1422924901186
A_PB1	1435	253	T	0	0	251	36.5776892430279
A_PB1	1436	259	G	0	0	258	36.7286821705426
A_PB1	1437	259	G	0	0	259	36.5752895752896
A_PB1	1438	255	T	0	0	255	36.6196078431373
A_PB1	1439	256	T	0	0	255	37.3490196078431
A_PB1	1440	256	G	0	0	255	36.7450980392157
A_PB1	1441	259	G	0	0	259	36.8880308880309
A_PB1	1442	260	G	0	0	259	37.019305019305
A_PB1	1443	264	A	0	0	264	37.1666666666667
A_PB1	1444	264	T	0	0	264	37.0833333333333
A_PB1	1445	262	C	0	0	261	36.8505747126437
A_PB1	1446	261	A	0	0	260	37.7346153846154
A_PB1	1447	266	A	0	0	265	38
A_PB1	1448	267	C	0	0	267	37.1573033707865
A_PB1	1449	269	A	0	0	269	37.6877323420074
A_PB1	1450	268	T	0	0	266	38.0187969924812
A_PB1	1451	267	G	0	0	266	37.6616541353383
A_PB1	1452	268	A	0	0	267	37.6179775280899
A_PB1	1453	269	G	0	0	269	37.1338289962825
A_PB1	1454	266	C	0	0	266	37.093984962406
A_PB1	1455	268	A	0	0	267	37.9925093632959
A_PB1	1456	271	A	0	0	270	37.6185185185185
A_PB1	1457	271	A	0	0	270	37.6666666666667
A_PB1	1458	289	A	0	0	289	37.121107266436
A_PB1	1459	289	A	0	0	289	37.4948096885813
A_PB1	1460	291	G	0	0	291	36.7285223367698
A_PB1	1461	290	A	0	0	290	37.1103448275862
A_PB1	1462	291	A	0	0	290	37.5758620689655
A_PB1	1463	300	G	0	0	255	37.1333333333333
A_PB1	1464	300	T	0	0	298	36.9630872483221
A_PB1	1465	301	C	0	0	301	37.375415282392
A_PB1	1466	303	T	0	0	300	37.54
A_PB1	1467	307	T	0	0	307	37.4560260586319
A_PB1	1468	307	A	0	0	306	37.8496732026144
A_PB1	1469	307	C	0	0	305	37.8360655737705
A_PB1	1470	307	A	0	0	307	38.0553745928339
A_PB1	1471	304	T	0	0	304	38.0592105263158
A_PB1	1472	305	A	0	0	305	37.4360655737705
A_PB1	1473	305	A	0	0	304	37.1940789473684
A_PB1	1474	304	A	0	0	303	37.2244224422442
A_PB1	1475	304	C	0	0	302	37.2847682119205
A_PB1	1476	302	C	0	0	300	37.3466666666667
A_PB1	1477	301	G	0	0	298	37.244966442953
A_PB1	1478	302	G	0	0	255	36.7843137254902
A_PB1	1479	302	A	0	0	301	37.1461794019934
A_PB1	1480	302	C	0	0	302	37.2152317880795
A_PB1	1481	301	A	0	0	300	37.0933333333333
A_PB1	1482	302	G	0	0	302	37.3476821192053
A_PB1	1483	307	G	0	0	306	36.9705882352941
A_PB1	1484	305	A	0	0	303	37.3762376237624
A_PB1	1485	304	A	0	0	304	38.0197368421053
A_PB1	1486	306	C	0	0	306	37.875816993464
A_PB1	1487	305	A	0	0	305	37.6295081967213
A_PB1	1488	305	T	0	0	305	37.7016393442623
A_PB1	1489	304	T	0	0	303	37.8514851485149
A_PB1	1490	305	T	0	0	305	37.7540983606557
A_PB1	1491	307	G	0	0	307	37.4885993485342
A_PB1	1492	303	A	0	0	303	37.9207920792079
A_PB1	1493	304	G	0	0	302	37.1192052980132
A_PB1	1494	304	T	0	0	303	37.6171617161716
A_PB1	1495	303	T	0	0	303	37.7524752475247
A_PB1	1496	303	C	0	0	303	37.8877887788779
A_PB1	1497	302	A	0	0	302	37.6754966887417
A_PB1	1498	307	C	0	0	307	37.6416938110749
A_PB1	1499	307	A	0	0	305	37.7737704918033
A_PB1	1500	311	A	0	0	311	37.7974276527331
A_PB1	1501	311	G	0	0	310	37.1516129032258
A_PB1	1502	311	C	0	0	311	37.2475884244373
A_PB1	1503	307	T	0	0	306	37.5915032679739
A_PB1	1504	306	T	0	0	305	37.5508196721311
A_PB1	1505	307	C	0	0	306	37.7483660130719
A_PB1	1506	307	T	0	0	307	37.5472312703583
A_PB1	1507	308	T	0	0	308	37.711038961039
A_PB1	1508	308	C	0	0	307	37.3648208469055
A_PB1	1509	306	T	0	0	306	37.8137254901961
A_PB1	1510	306	A	0	0	305	38.0754098360656
A_PB1	1511	306	T	0	0	306	37.5065359477124
A_PB1	1512	308	C	0	0	294	37.5578231292517
A_PB1	1513	308	G	0	0	307	37.1661237785016
A_PB1	1514	306	C	0	0	303	37.046204620462
A_PB1	1515	303	T	0	0	303	37.6732673267327
A_PB1	1516	303	A	0	0	303	37.4884488448845
A_PB1	1517	300	T	0	0	300	37.6266666666667
A_PB1	1518	297	G	0	0	297	38.1414141414141
A_PB1	1519	298	G	0	0	298	37.8791946308725
A_PB1	1520	299	A	0	0	299	37.6923076923077
A_PB1	1521	298	T	0	0	298	37.4798657718121
A_PB1	1522	296	T	0	0	296	37.9087837837838
A_PB1	1523	298	T	0	0	298	37.9127516778523
A_PB1	1524	299	G	0	0	299	37.8561872909699
A_PB1	1525	298	T	0	0	296	37.4966216216216
A_PB1	1526	301	G	0	0	301	37.4617940199336
A_PB1	1527	303	G	0	0	303	36.5049504950495
A_PB1	1528	300	C	0	0	300	37.1266666666667
A_PB1	1529	300	T	0	0	299	37.7023411371237
A_PB1	1530	301	A	0	0	301	37.6544850498339
A_PB1	1531	300	A	0	0	299	37.685618729097
A_PB1	1532	319	C	0	0	317	37.5236593059937
A_PB1	1533	319	T	0	0	318	37.5408805031447
A_PB1	1534	325	T	0	0	325	37.5230769230769
A_PB1	1535	321	C	0	0	320	37.68125
A_PB1	1536	321	A	0	0	321	37.4236760124611
A_PB1	1537	326	G	0	0	326	37.4969325153374
A_PB1	1538	328	T	0	0	325	37.1907692307692
A_PB1	1539	329	A	0	0	329	37.3282674772036
A_PB1	1540	329	T	0	0	329	37.6474164133739
A_PB1	1541	319	G	0	0	319	37.5611285266458
A_PB1	1542	321	G	0	0	321	37.1713395638629
A_PB1	1543	315	A	0	0	315	37.5142857142857
A_PB1	1544	314	G	0	0	314	36.5222929936306
A_PB1	1545	315	C	0	0	315	36.6349206349206
A_PB1	1546	300	T	0	0	300	37.7766666666667
A_PB1	1547	307	G	0	0	306	37.2679738562092
A_PB1	1548	310	C	0	0	309	36.7961165048544
A_PB1	1549	310	C	0	0	310	37.058064516129
A_PB1	1550	308	C	0	0	307	37.5667752442997
A_PB1	1551	306	A	0	0	304	37.4013157894737
A_PB1	1552	333	G	0	0	333	37.021021021021
A_PB1	1553	330	C	0	0	324	36.7993827160494
A_PB1	1554	331	T	0	0	330	37.369696969697
A_PB1	1555	331	T	0	0	331	37.4833836858006
A_PB1	1556	326	T	0	0	281	37.6548042704626
A_PB1	1557	327	G	0	0	327	37.2599388379205
A_PB1	1558	327	G	0	0	327	37.394495412844
A_PB1	1559	326	A	0	0	326	37.0368098159509
A_PB1	1560	321	G	0	0	321	37.0809968847352
A_PB1	1561	296	T	0	0	295	37.0338983050847
A_PB1	1562	312	G	0	0	312	36.9102564102564
A_PB1	1563	313	T	0	0	313	36.9137380191693
A_PB1	1564	307	C	0	0	305	37.5770491803279
A_PB1	1565	308	T	0	0	308	37.4707792207792
A_PB1	1566	306	G	0	0	306	37.375816993464
A_PB1	1567	308	G	0	0	308	37.525974025974
A_PB1	1568	308	A	0	0	307	37.6058631921824
A_PB1	1569	297	A	0	0	296	37.4560810810811
A_PB1	1570	295	T	0	0	295	37.5491525423729
A_PB1	1571	287	C	0	0	286	37.7867132867133
A_PB1	1572	284	A	0	0	283	37.7985865724382
A_PB1	1573	284	A	0	0	283	37.8374558303887
A_PB1	1574	284	T	0	0	284	37.9471830985916
A_PB1	1575	297	G	0	0	297	37.8956228956229
A_PB1	1576	299	A	0	0	299	37.7056856187291
A_PB1	1577	298	A	0	0	298	37.6040268456376
A_PB1	1578	298	T	0	0	297	37.5353535353535
A_PB1	1579	296	C	0	0	294	37.9421768707483
A_PB1	1580	294	A	0	0	294	37.9149659863946
A_PB1	1581	296	G	0	0	296	37.5675675675676
A_PB1	1582	296	C	0	0	295	37.9118644067797
A_PB1	1583	296	T	0	0	295	37.735593220339
A_PB1	1584	297	G	0	0	297	37.8787878787879
A_PB1	1585	298	A	0	0	298	37.7751677852349
A_PB1	1586	296	C	0	0	296	37.7364864864865
A_PB1	1587	296	A	0	0	296	37.847972972973
A_PB1	1588	295	T	0	0	295	38.0237288135593
A_PB1	1589	299	G	0	0	299	37.6153846153846
A_PB1	1590	296	A	0	0	295	37.5728813559322
A_PB1	1591	303	G	0	0	303	37.6567656765677
A_PB1	1592	303	C	0	0	301	37.2823920265781
A_PB1	1593	298	A	0	0	298	37.6979865771812
A_PB1	1594	299	T	0	0	298	37.6577181208054
A_PB1	1595	297	T	0	0	297	37.6902356902357
A_PB1	1596	293	G	0	0	293	37.6689419795222
A_PB1	1597	309	G	0	0	308	37.2662337662338
A_PB1	1598	304	A	0	0	303	37.2673267326733
A_PB1	1599	304	G	0	0	304	37.6973684210526
A_PB1	1600	298	T	0	0	298	36.9194630872483
A_PB1	1601	298	T	0	0	296	37.5135135135135
A_PB1	1602	295	A	0	0	294	37.7074829931973
A_PB1	1603	290	C	0	0	290	37.7103448275862
A_PB1	1604	289	A	0	0	288	37.6180555555556
A_PB1	1605	296	G	0	0	296	37.6858108108108
A_PB1	1606	290	T	0	0	288	37.5381944444444
A_PB1	1607	293	G	0	0	293	37.2730375426621
A_PB1	1608	297	A	0	0	296	37.4459459459459
A_PB1	1609	297	T	0	0	297	37.5151515151515
A_PB1	1610	295	A	0	0	294	37.8265306122449
A_PB1	1611	297	A	0	0	297	37.6767676767677
A_PB1	1612	296	A	0	0	296	37.6283783783784
A_PB1	1613	299	G	0	0	299	37.6822742474916
A_PB1	1614	291	A	0	0	291	37.5979381443299
A_PB1	1615	292	A	0	0	292	37.9006849315069
A_PB1	1616	295	C	0	0	294	37.9421768707483
A_PB1	1617	290	A	0	0	290	38.1965517241379
A_PB1	1618	289	A	0	0	289	38.0311418685121
A_PB1	1619	293	C	0	0	292	37.8664383561644
A_PB1	1620	295	A	0	0	295	37.9898305084746
A_PB1	1621	298	T	0	0	298	37.7885906040268
A_PB1	1622	300	G	0	0	300	37.9166666666667
A_PB1	1623	301	A	0	0	301	37.6511627906977
A_PB1	1624	302	T	0	0	302	37.8278145695364
A_PB1	1625	302	A	0	0	302	37.7715231788079
A_PB1	1626	306	A	0	0	306	37.7287581699346
A_PB1	1627	312	A	0	0	312	37.6570512820513
A_PB1	1628	313	C	0	0	313	37.9392971246006
A_PB1	1629	309	A	0	0	308	37.9902597402597
A_PB1	1630	312	A	0	0	311	37.5144694533762
A_PB1	1631	309	T	0	0	309	37.6375404530744
A_PB1	1632	310	G	0	0	310	37.458064516129
A_PB1	1633	317	A	0	0	315	37.4888888888889
A_PB1	1634	319	C	0	0	319	37.294670846395
A_PB1	1635	318	C	0	0	318	37.377358490566
A_PB1	1636	318	T	0	0	318	37.4937106918239
A_PB1	1637	317	T	0	0	317	37.7917981072555
A_PB1	1638	319	G	0	0	319	37.5172413793103
A_PB1	1639	321	G	0	0	321	37.2928348909657
A_PB1	1640	325	A	0	0	324	37.8055555555556
A_PB1	1641	323	C	0	0	323	37.1547987616099
A_PB1	1642	322	C	0	0	321	37.7788161993769
A_PB1	1643	318	A	0	0	317	37.5488958990536
A_PB1	1644	322	G	0	0	321	37.5171339563863
A_PB1	1645	325	C	0	0	325	37.4061538461538
A_PB1	1646	325	A	0	0	325	37.9723076923077
A_PB1	1647	325	A	0	0	323	37.7430340557276
A_PB1	1648	327	C	0	0	325	37.6861538461538
A_PB1	1649	322	A	0	0	320	37.9875
A_PB1	1650	326	G	0	0	326	37.3282208588957
A_PB1	1651	324	C	0	0	324	37.4413580246914
A_PB1	1652	324	T	0	0	322	37.2888198757764
A_PB1	1653	325	C	0	0	325	37.9876923076923
A_PB1	1654	324	A	0	0	324	38.0648148148148
A_PB1	1655	324	A	0	0	323	37.8668730650155
A_PB1	1656	323	A	0	0	323	37.6532507739938
A_PB1	1657	323	T	0	0	323	37.3188854489164
A_PB1	1658	322	G	0	0	322	36.7391304347826
A_PB1	1659	323	G	0	0	322	36.6024844720497
A_PB1	1660	326	C	0	0	326	36.6073619631902
A_PB1	1661	326	C	0	0	324	37.1203703703704
A_PB1	1662	327	C	0	0	327	37.4556574923547
A_PB1	1663	327	T	0	0	327	37.7706422018349
A_PB1	1664	326	T	0	0	326	37.7699386503067
A_PB1	1665	332	C	0	0	332	37.7590361445783
A_PB1	1666	332	A	0	0	332	37.9759036144578
A_PB1	1667	337	A	0	0	336	37.8095238095238
A_PB1	1668	332	T	0	0	297	38.03367003367
A_PB1	1669	332	T	0	0	332	37.5090361445783
A_PB1	1670	333	A	0	0	332	38.0150602409639
A_PB1	1671	331	T	0	0	331	37.6102719033233
A_PB1	1672	331	T	0	0	331	37.9546827794562
A_PB1	1673	332	C	0	0	332	37.7861445783133
A_PB1	1674	334	A	0	0	334	38.0808383233533
A_PB1	1675	333	T	0	0	330	37.4212121212121
A_PB1	1676	330	C	0	0	330	38.0424242424242
A_PB1	1677	331	A	0	0	331	38.1993957703927
A_PB1	1678	331	A	0	0	330	38.0030303030303
A_PB1	1679	334	G	0	0	334	37.5568862275449
A_PB1	1680	340	G	0	0	339	37.2743362831858
A_PB1	1681	341	A	0	0	341	37.4017595307918
A_PB1	1682	342	C	0	0	342	37.640350877193
A_PB1	1683	340	T	0	0	339	37.4601769911504
A_PB1	1684	339	A	0	0	339	37.8849557522124
A_PB1	1685	358	C	0	0	358	37.5837988826816
A_PB1	1686	359	A	0	0	359	37.8189415041783
A_PB1	1687	362	G	0	0	362	37.4972375690608
A_PB1	1688	376	G	0	0	375	37.0506666666667
A_PB1	1689	377	T	0	0	376	36.3218085106383
A_PB1	1690	384	A	0	0	384	37.1901041666667
A_PB1	1691	385	C	0	0	385	37.2545454545455
A_PB1	1692	385	A	0	0	384	37.3802083333333
A_PB1	1693	388	C	0	0	388	37.5541237113402
A_PB1	1694	378	G	0	0	334	36.5419161676647
A_PB1	1695	382	T	0	0	381	37.2965879265092
A_PB1	1696	381	A	0	0	380	37.15
A_PB1	1697	379	C	0	0	379	37.2163588390501
A_PB1	1698	375	C	0	0	374	36.6363636363636
A_PB1	1699	371	G	0	0	371	37.4150943396226
A_PB1	1700	367	A	0	0	366	37.3224043715847
A_PB1	1701	369	T	0	0	369	37.5934959349593
A_PB1	1702	369	G	0	0	368	37.4048913043478
A_PB1	1703	370	C	0	0	370	37.0216216216216
A_PB1	1704	369	C	0	0	369	37.7533875338753
A_PB1	1705	371	A	0	0	370	37.8648648648649
A_PB1	1706	371	C	0	0	371	37.5471698113208
A_PB1	1707	371	A	0	0	371	37.6738544474394
A_PB1	1708	375	G	0	0	375	37.5893333333333
A_PB1	1709	376	G	0	0	337	37.3412462908012
A_PB1	1710	376	G	0	0	376	37.3085106382979
A_PB1	1711	377	G	0	0	376	37.0425531914894
A_PB1	1712	373	T	0	0	372	36.2016129032258
A_PB1	1713	364	G	0	0	364	36.9862637362637
A_PB1	1714	363	A	0	0	361	37.7783933518006
A_PB1	1715	363	C	0	0	363	37.9807162534435
A_PB1	1716	362	A	0	0	362	37.9585635359116
A_PB1	1717	362	C	0	0	361	38.2825484764543
A_PB1	1718	362	A	0	0	362	38.1602209944751
A_PB1	1719	362	C	0	0	362	37.9005524861878
A_PB1	1720	362	A	0	0	362	38.0469613259668
A_PB1	1721	365	A	0	0	365	37.8712328767123
A_PB1	1722	364	A	0	0	363	38.0798898071625
A_PB1	1723	366	T	0	0	366	38.0327868852459
A_PB1	1724	366	T	0	0	366	38.2732240437158
A_PB1	1725	364	C	0	0	364	37.6923076923077
A_PB1	1726	362	A	0	0	362	37.7762430939227
A_PB1	1727	367	A	0	0	367	37.7438692098093
A_PB1	1728	367	A	0	0	367	37.858310626703
A_PB1	1729	368	C	0	0	368	37.741847826087
A_PB1	1730	368	G	0	0	368	37.3777173913044
A_PB1	1731	367	A	0	0	366	36.9890710382514
A_PB1	1732	366	G	0	0	366	37.5573770491803
A_PB1	1733	369	G	0	0	369	37.5013550135501
A_PB1	1734	371	A	0	0	371	37.4824797843666
A_PB1	1735	372	G	0	0	372	37.4704301075269
A_PB1	1736	375	A	0	0	375	37.896
A_PB1	1737	374	T	0	0	371	37.6819407008086
A_PB1	1738	383	C	0	0	383	37.7885117493473
A_PB1	1739	383	A	0	0	383	37.8825065274151
A_PB1	1740	382	T	0	0	382	37.7696335078534
A_PB1	1741	382	T	0	0	382	37.7748691099476
A_PB1	1742	380	T	0	0	333	38.1741741741742
A_PB1	1743	383	G	0	0	383	37.8250652741514
A_PB1	1744	381	A	0	0	381	37.49343832021
A_PB1	1745	382	G	0	0	382	37.3560209424084
A_PB1	1746	380	C	0	0	380	37.6
A_PB1	1747	375	T	0	0	374	38.1016042780749
A_PB1	1748	388	G	0	0	388	37.6855670103093
A_PB1	1749	388	A	0	0	388	37.5953608247423
A_PB1	1750	388	A	0	0	388	37.7345360824742
A_PB1	1751	388	G	0	0	388	37.6134020618557
A_PB1	1752	388	A	0	0	388	37.6752577319588
A_PB1	1753	388	A	0	0	386	37.5777202072539
A_PB1	1754	388	G	0	0	388	37.5
A_PB1	1755	388	C	0	0	387	37.2403100775194
A_PB1	1756	382	T	0	0	382	36.9895287958115
A_PB1	1757	382	G	0	0	382	37.9738219895288
A_PB1	1758	382	T	0	0	382	37.4267015706806
A_PB1	1759	382	G	0	0	382	36.9371727748691
A_PB1	1760	386	G	0	0	386	37.199481865285
A_PB1	1761	393	G	0	0	393	37.0381679389313
A_PB1	1762	391	A	0	0	390	37.2461538461538
A_PB1	1763	391	G	0	0	391	37.1994884910486
A_PB1	1764	386	C	0	0	386	36.9637305699482
A_PB1	1765	383	A	0	0	382	37.5916230366492
A_PB1	1766	388	G	0	0	387	37.3565891472868
A_PB1	1767	387	A	0	0	385	37.2805194805195
A_PB1	1768	387	C	0	0	387	36.6485788113695
A_PB1	1769	386	C	0	0	385	36.838961038961
A_PB1	1770	379	C	0	0	379	37.4960422163588
A_PB1	1771	385	G	0	0	385	36.8649350649351
A_PB1	1772	381	T	0	0	380	36.9947368421053
A_PB1	1773	381	T	0	0	381	37.2860892388451
A_PB1	1774	404	C	0	0	404	37.4678217821782
A_PB1	1775	402	A	0	0	401	37.428927680798
A_PB1	1776	406	A	0	0	406	37.7093596059113
A_PB1	1777	408	A	0	0	407	37.9459459459459
A_PB1	1778	408	G	0	0	384	37.375
A_PB1	1779	432	G	0	0	432	36.7592592592593
A_PB1	1780	428	C	0	0	427	37.0070257611241
A_PB1	1781	422	A	0	0	422	37.4478672985782
A_PB1	1782	446	G	0	0	446	36.8520179372197
A_PB1	1783	449	G	0	0	449	36.3518930957684
A_PB1	1784	447	A	0	0	447	36.2975391498881
A_PB1	1785	451	C	0	0	451	36.9756097560976
A_PB1	1786	446	T	0	0	444	36.722972972973
A_PB1	1787	463	G	0	0	462	36.5670995670996
A_PB1	1788	463	T	0	0	462	37.1818181818182
A_PB1	1789	464	T	0	0	464	37.3362068965517
A_PB1	1790	466	G	0	0	466	36.7317596566524
A_PB1	1791	485	G	0	0	483	36.6231884057971
A_PB1	1792	487	T	0	0	486	35.6893004115226
A_PB1	1793	510	G	0	0	510	36.3705882352941
A_PB1	1794	518	T	0	0	517	36.4526112185687
A_PB1	1795	519	C	0	0	518	37.0772200772201
A_PB1	1796	518	A	0	0	516	37.4515503875969
A_PB1	1797	519	G	0	0	518	37.4131274131274
A_PB1	1798	538	A	0	0	538	36.9721189591078
A_PB1	1799	538	T	0	0	537	37.3333333333333
A_PB1	1800	537	G	0	0	537	37.6610800744879
A_PB1	1801	538	G	0	0	537	37.4115456238361
A_PB1	1802	537	A	0	0	534	37.314606741573
A_PB1	1803	543	G	0	0	543	37.3701657458564
A_PB1	1804	551	G	0	0	551	36.7858439201452
A_PB1	1805	552	A	0	0	552	36.536231884058
A_PB1	1806	552	C	0	0	552	36.7228260869565
A_PB1	1807	551	C	0	0	550	36.8545454545455
A_PB1	1808	551	A	0	0	551	37.4936479128857
A_PB1	1809	617	A	0	0	617	37.0340356564019
A_PB1	1810	633	A	0	0	629	36.7933227344992
A_PB1	1811	671	C	0	0	670	36.6850746268657
A_PB1	1812	685	C	0	0	685	36.6
A_PB1	1813	680	T	0	0	680	36.7588235294118
A_PB1	1814	698	A	0	0	698	37.2478510028653
A_PB1	1815	697	T	0	0	697	37.3012912482066
A_PB1	1816	695	A	0	0	693	37.1356421356421
A_PB1	1817	697	C	0	0	697	37.5667144906743
A_PB1	1818	677	A	1	0	677	37.629246676514
A_PB1	1819	685	A	1	0	685	37.5664233576642
A_PB1	1820	688	C	0	0	688	37.2223837209302
A_PB1	1821	692	A	0	0	692	36.6936416184971
A_PB1	1822	695	T	0	0	694	36.8659942363112
A_PB1	1823	686	T	0	0	685	37.1138686131387
A_PB1	1824	684	C	0	0	683	37.5226939970717
A_PB1	1825	683	G	0	0	683	37.7554904831625
A_PB1	1826	688	G	0	0	688	37.5116279069767
A_PB1	1827	687	A	0	0	687	36.9767103347889
A_PB1	1828	691	A	0	0	691	37.10998552822
A_PB1	1829	693	T	0	0	693	37.1226551226551
A_PB1	1830	709	C	0	0	709	37.4823695345557
A_PB1	1831	712	T	0	0	709	37.6488011283498
A_PB1	1832	721	T	0	0	683	37.701317715959
A_PB1	1833	717	C	0	0	717	37.5327754532775
A_PB1	1834	720	A	0	0	720	37.3569444444444
A_PB1	1835	717	C	0	0	680	37.7029411764706
A_PB1	1836	710	A	0	0	710	37.6845070422535
A_PB1	1837	777	T	0	0	776	37.3479381443299
A_PB1	1838	776	T	0	0	776	37.3028350515464
A_PB1	1839	785	C	0	0	784	37.2040816326531
A_PB1	1840	774	C	0	0	770	37.1987012987013
A_PB1	1841	771	A	0	0	769	37.0819245773732
A_PB1	1842	771	G	0	0	771	37.7963683527886
A_PB1	1843	770	A	0	0	770	37.3194805194805
A_PB1	1844	777	G	0	0	775	37.2154838709677
A_PB1	1845	786	G	0	0	785	37.003821656051
A_PB1	1846	767	T	0	0	767	36.8813559322034
A_PB1	1847	769	C	0	0	769	37.0221066319896
A_PB1	1848	768	T	0	0	767	37.6688396349413
A_PB1	1849	792	G	0	0	792	37.7007575757576
A_PB1	1850	796	C	0	0	793	37.2837326607818
A_PB1	1851	798	C	0	0	797	37.5658720200753
A_PB1	1852	803	T	0	0	802	37.928927680798
A_PB1	1853	815	G	0	0	815	37.7509202453988
A_PB1	1854	818	A	0	0	817	37.5128518971848
A_PB1	1855	830	A	0	0	830	37.7373493975904
A_PB1	1856	832	A	0	0	786	37.7468193384224
A_PB1	1857	832	T	0	0	831	37.6979542719615
A_PB1	1858	822	G	0	0	820	37.4487804878049
A_PB1	1859	818	G	0	0	817	37.7258261933905
A_PB1	1860	822	G	0	0	822	37.5620437956204
A_PB1	1861	818	A	0	0	817	37.5544675642595
A_PB1	1862	820	G	0	0	820	37.2951219512195
A_PB1	1863	825	C	0	0	825	36.7963636363636
A_PB1	1864	824	T	0	0	824	37.9575242718447
A_PB1	1865	840	G	0	0	840	38.0297619047619
A_PB1	1866	842	A	0	0	841	37.8549346016647
A_PB1	1867	849	T	0	0	849	37.8975265017668
A_PB1	1868	852	G	0	0	852	37.9072769953052
A_PB1	1869	862	G	0	0	862	37.7366589327146
A_PB1	1870	864	A	0	0	863	37.7033603707995
A_PB1	1871	865	T	0	0	816	37.8676470588235
A_PB1	1872	874	G	0	0	874	37.8764302059497
A_PB1	1873	879	A	0	0	879	37.707622298066
A_PB1	1874	877	A	0	0	873	37.815578465063
A_PB1	1875	887	G	0	0	887	37.5862457722661
A_PB1	1876	882	A	0	0	880	37.6818181818182
A_PB1	1877	911	C	0	0	910	37.8318681318681
A_PB1	1878	910	T	0	0	910	37.910989010989
A_PB1	1879	916	A	0	0	916	37.8264192139738
A_PB1	1880	920	C	0	0	920	37.5619565217391
A_PB1	1881	920	C	0	0	919	37.6985854189336
A_PB1	1882	916	A	0	0	914	37.9135667396061
A_PB1	1883	926	G	0	0	924	37.8181818181818
A_PB1	1884	930	G	0	0	927	37.1499460625674
A_PB1	1885	931	G	0	0	931	36.8689581095596
A_PB1	1886	929	C	0	0	929	36.94617868676
A_PB1	1887	928	A	0	0	923	37.3228602383532
A_PB1	1888	942	G	0	0	941	36.6089266737513
A_PB1	1889	959	G	0	0	959	36.7851929092805
A_PB1	1890	960	T	0	0	958	37.0542797494781
A_PB1	1891	961	T	0	0	960	37.8364583333333
A_PB1	1892	987	G	0	0	987	37.9412360688956
A_PB1	1893	988	T	0	0	987	37.0273556231003
A_PB1	1894	998	G	0	0	998	37.2865731462926
A_PB1	1895	997	T	0	0	996	37.8483935742972
A_PB1	1896	994	A	0	0	993	38.0765357502518
A_PB1	1897	992	A	0	0	992	37.9082661290323
A_PB1	1898	983	T	0	0	980	37.9622448979592
A_PB1	1899	989	C	0	0	989	37.7876643073812
A_PB1	1900	996	C	0	0	995	37.991959798995
A_PB1	1901	991	T	0	0	991	37.8072653884965
A_PB1	1902	992	C	0	0	992	38.0665322580645
A_PB1	1903	992	T	0	0	992	38.2006048387097
A_PB1	1904	997	G	0	0	997	38.1765295887663
A_PB1	1905	998	A	0	0	998	37.9338677354709
A_PB1	1906	1001	A	0	0	1001	38.006993006993
A_PB1	1907	1001	T	0	0	1000	38.047
A_PB1	1908	1001	C	0	0	1000	37.829
A_PB1	1909	1000	C	0	0	1000	38.095
A_PB1	1910	1000	A	0	0	1000	38.119
A_PB1	1911	1001	T	0	0	1001	38.1798201798202
A_PB1	1912	999	T	0	0	999	38.2572572572573
A_PB1	1913	996	T	0	0	995	38.3316582914573
A_PB1	1914	996	G	0	0	996	38.2991967871486
A_PB1	1915	995	T	0	0	993	38.1581067472306
A_PB1	1916	993	C	0	0	993	38.2346424974824
A_PB1	1917	992	A	0	0	992	38.2489919354839
A_PB1	1918	1016	G	0	0	1016	38.2687007874016
A_PB1	1919	1017	T	0	0	1016	38.125
A_PB1	1920	1018	C	0	0	1017	38.2035398230088
A_PB1	1921	1018	A	0	0	1018	38.3025540275049
A_PB1	1922	1016	T	0	0	1016	38.375
A_PB1	1923	1017	A	0	0	1015	38.3369458128079
A_PB1	1924	1020	A	0	0	1019	38.3012757605496
A_PB1	1925	1020	A	0	0	1019	38.297350343474
A_PB1	1926	1030	G	0	0	1030	38.2679611650485
A_PB1	1927	1020	A	0	0	1020	38.2421568627451
A_PB1	1928	1017	A	0	0	1017	38.1868239921337
A_PB1	1929	1017	A	0	0	1017	38.0491642084562
A_PB1	1930	1017	T	0	0	1017	37.9587020648968
A_PB1	1931	1017	T	0	0	1016	38.25
A_PB1	1932	1019	G	0	0	1019	38.1844946025515
A_PB1	1933	1010	A	0	0	1009	37.9028741328048
A_PB1	1934	1028	G	0	0	1027	37.9698149951315
A_PB1	1935	1037	T	0	0	1034	37.6460348162476
A_PB1	1936	1032	C	0	0	1032	37.9496124031008
A_PB1	1937	1031	T	0	0	974	37.8347022587269
A_PB1	1938	1053	G	0	0	1053	38.002849002849
A_PB1	1939	1056	T	0	0	1054	37.9468690702087
A_PB1	1940	1077	A	0	0	1077	37.9851439182915
A_PB1	1941	1075	A	0	0	1074	37.8491620111732
A_PB1	1942	1073	A	0	0	1069	37.8465855940131
A_PB1	1943	1066	C	0	0	1065	37.9154929577465
A_PB1	1944	1043	A	0	0	1042	38.1257197696737
A_PB1	1945	1054	A	0	0	1054	37.6669829222011
A_PB1	1946	1051	T	0	0	1051	37.9686013320647
A_PB1	1947	1055	G	0	0	1055	37.9943127962085
A_PB1	1948	1046	C	0	0	1044	37.8946360153257
A_PB1	1949	1033	T	0	0	1033	38.0600193610842
A_PB1	1950	1055	G	0	0	1055	38.2123222748815
A_PB1	1951	1053	T	0	0	1052	37.7423954372624
A_PB1	1952	1064	G	0	0	1063	37.8730009407338
A_PB1	1953	1063	G	0	0	1063	37.788334901223
A_PB1	1954	1055	T	0	0	1055	37.80663507109
A_PB1	1955	1052	A	0	0	1052	38.1311787072243
A_PB1	1956	1055	A	0	0	1054	37.865275142315
A_PB1	1957	1052	T	0	0	1051	37.8591817316841
A_PB1	1958	1052	G	0	0	1049	37.6596758817922
A_PB1	1959	1033	C	0	0	1033	37.5711519845111
A_PB1	1960	1014	C	0	0	1013	37.6712734452122
A_PB1	1961	1010	G	0	0	1006	37.3469184890656
A_PB1	1962	1007	G	0	0	1005	37.2497512437811
A_PB1	1963	1016	C	0	0	1015	37.2817733990148
A_PB1	1964	1014	C	0	0	1014	37.1528599605523
A_PB1	1965	1015	C	0	0	1014	37.7258382642998
A_PB1	1966	1019	A	0	0	1018	37.7603143418468
A_PB1	1967	1024	T	0	0	1023	37.7536656891496
A_PB1	1968	1025	G	0	0	1025	37.9248780487805
A_PB1	1969	1043	G	0	0	1041	37.7550432276657
A_PB1	1970	1034	C	0	0	973	37.1901336073998
A_PB1	1971	1026	C	0	0	1024	37.001953125
A_PB1	1972	1022	C	0	0	1019	37.2188420019627
A_PB1	1973	1028	A	0	0	1028	37.2217898832685
A_PB1	1974	1044	G	0	0	1044	37.6072796934866
A_PB1	1975	1046	C	0	0	1046	37.6644359464627
A_PB1	1976	1046	C	0	0	1046	37.4263862332696
A_PB1	1977	1044	A	0	0	1043	37.9482262703739
A_PB1	1978	1034	A	0	0	1032	37.8226744186046
A_PB1	1979	1044	G	0	0	1043	37.8926174496644
A_PB1	1980	1044	A	0	0	1044	37.7710727969349
A_PB1	1981	1041	G	0	0	1039	37.8161693936477
A_PB1	1982	1027	C	0	0	1026	37.948343079922
A_PB1	1983	1018	A	0	0	1018	38.016699410609
A_PB1	1984	1017	T	0	0	1015	38.0758620689655
A_PB1	1985	1015	G	0	0	1015	37.8147783251232
A_PB1	1986	1068	G	0	0	1068	37.811797752809
A_PB1	1987	1068	A	0	0	1067	37.8228678537957
A_PB1	1988	1068	A	0	0	1067	37.9578256794752
A_PB1	1989	1065	T	0	0	1065	37.8600938967136
A_PB1	1990	1050	A	0	0	1050	37.9742857142857
A_PB1	1991	1047	T	0	0	1047	38.0200573065903
A_PB1	1992	1045	G	0	0	1045	37.8727272727273
A_PB1	1993	1055	A	0	0	1053	37.644824311491
A_PB1	1994	1052	T	0	0	1052	37.7309885931559
A_PB1	1995	1013	G	0	0	1011	37.8170128585559
A_PB1	1996	1005	C	0	0	1005	37.8467661691542
A_PB1	1997	988	T	0	0	983	38.0671414038657
A_PB1	1998	1002	G	0	0	1002	37.6616766467066
A_PB1	1999	1000	T	0	0	999	37.6156156156156
A_PB1	2000	1003	T	0	0	1001	37.6403596403596
A_PB1	2001	1010	G	0	0	1009	37.4677898909812
A_PB1	2002	1000	C	0	0	998	37.5210420841683
A_PB1	2003	1001	G	0	0	1000	37.475
A_PB1	2004	1008	A	0	0	1006	37.279324055666
A_PB1	2005	1013	C	0	0	1004	37.2868525896414
A_PB1	2006	1016	T	0	0	1016	37.4320866141732
A_PB1	2007	1010	A	0	0	1008	37.3025793650794
A_PB1	2008	1015	C	0	0	1015	37.8502463054187
A_PB1	2009	1015	A	0	0	1013	37.7245804540967
A_PB1	2010	1026	C	0	0	1025	37.7960975609756
A_PB1	2011	1032	A	0	0	1032	37.5436046511628
A_PB1	2012	1090	C	0	0	1090	37.3192660550459
A_PB1	2013	1072	T	0	0	1070	37.5757009345794
A_PB1	2014	1073	C	1	0	1073	37.8369058713886
A_PB1	2015	1073	A	0	0	1072	37.8078358208955
A_PB1	2016	1063	T	0	0	1061	37.7379830348728
A_PB1	2017	1062	G	0	0	1062	37.9030131826742
A_PB1	2018	1055	G	0	0	1054	37.2960151802657
A_PB1	2019	1040	A	0	0	1037	37.6682738669238
A_PB1	2020	1046	T	0	0	1045	37.577990430622
A_PB1	2021	1035	C	0	0	1035	37.4260869565217
A_PB1	2022	1033	C	0	0	1032	37.562984496124
A_PB1	2023	1024	C	0	0	1024	38.05078125
A_PB1	2024	1024	T	0	0	1023	38.1241446725318
A_PB1	2025	1038	A	0	0	1036	37.988416988417
A_PB1	2026	1036	A	0	0	1036	38.1110038610039
A_PB1	2027	1039	A	0	0	1038	38.1599229287091
A_PB1	2028	1031	A	0	0	1030	38.0203883495146
A_PB1	2029	1027	G	0	0	1026	37.9561403508772
A_PB1	2030	1016	G	0	0	1014	36.9644970414201
A_PB1	2031	1004	A	0	0	1000	37.503
A_PB1	2032	1010	A	0	0	1006	37.5705765407555
A_PB1	2033	1012	C	0	0	1010	37.4336633663366
A_PB1	2034	1004	C	0	0	1002	37.0199600798403
A_PB1	2035	1017	G	0	0	1016	37.6683070866142
A_PB1	2036	1024	T	0	0	1024	37.7841796875
A_PB1	2037	1025	T	0	0	1024	37.7197265625
A_PB1	2038	1019	C	0	0	1019	38.0314033366045
A_PB1	2039	1011	C	0	0	1007	38.0973187686197
A_PB1	2040	1019	A	0	0	1019	38.2266928361138
A_PB1	2041	1023	T	0	0	1021	38.1684622918707
A_PB1	2042	1046	T	0	0	1046	38.1166347992352
A_PB1	2043	1050	C	0	0	1050	38.0447619047619
A_PB1	2044	1029	T	0	0	1027	38.0457643622201
A_PB1	2045	1030	C	0	0	1030	38.2097087378641
A_PB1	2046	1030	A	0	0	1030	38.0766990291262
A_PB1	2047	1041	A	0	0	1041	38.0701248799231
A_PB1	2048	1041	T	0	0	1040	38.0326923076923
A_PB1	2049	1034	A	0	0	1031	37.8147429679922
A_PB1	2050	1034	C	0	0	1034	37.720502901354
A_PB1	2051	1015	C	0	0	1011	37.7626112759644
A_PB1	2052	1011	A	0	0	1011	38.1503461918892
A_PB1	2053	1021	G	0	0	1021	37.9138099902057
A_PB1	2054	1020	C	0	0	1019	37.7556427870461
A_PB1	2055	1022	C	0	0	1022	37.9227005870842
A_PB1	2056	1014	A	0	0	1013	38.1342546890425
A_PB1	2057	1016	A	0	0	1014	38.2899408284024
A_PB1	2058	1016	A	0	0	1016	38.1259842519685
A_PB1	2059	1022	G	0	0	1021	38.1214495592556
A_PB1	2060	1023	G	0	0	971	37.9062821833162
A_PB1	2061	1016	G	0	0	1014	37.5552268244576
A_PB1	2062	1014	G	0	0	1012	37.6808300395257
A_PB1	2063	1010	A	0	0	1009	37.7264618434093
A_PB1	2064	1014	A	0	0	1014	37.7820512820513
A_PB1	2065	1011	T	0	0	1011	38.1701285855588
A_PB1	2066	1016	T	0	0	1015	38.1812807881773
A_PB1	2067	1014	C	0	0	1013	38.218163869694
A_PB1	2068	1001	T	0	0	1001	38.2017982017982
A_PB1	2069	1000	T	0	0	1000	38.293
A_PB1	2070	1000	G	0	0	998	38.2114228456914
A_PB1	2071	998	A	0	0	998	38.1533066132265
A_PB1	2072	1006	G	0	0	1006	38.0427435387674
A_PB1	2073	1009	G	0	0	1009	38.00792864222
A_PB1	2074	1005	A	0	0	1004	38.0448207171315
A_PB1	2075	992	T	0	0	991	38.1200807265389
A_PB1	2076	995	G	0	0	993	38.1802618328298
A_PB1	2077	991	A	0	0	990	38.0030303030303
A_PB1	2078	993	G	0	0	992	38.0725806451613
A_PB1	2079	994	C	0	0	991	38.1574167507568
A_PB1	2080	986	A	0	0	985	38.1522842639594
A_PB1	2081	991	G	0	0	990	38.1434343434343
A_PB1	2082	1007	A	0	0	1007	38.0923535253227
A_PB1	2083	1006	T	0	0	1005	38.0855721393035
A_PB1	2084	1009	G	0	0	1009	37.9028741328048
A_PB1	2085	996	T	0	0	996	37.3825301204819
A_PB1	2086	994	A	0	0	992	37.5322580645161
A_PB1	2087	998	C	0	0	996	37.9738955823293
A_PB1	2088	985	C	0	0	984	38.0772357723577
A_PB1	2089	978	A	0	0	978	38.1840490797546
A_PB1	2090	978	G	0	0	978	38.1697341513292
A_PB1	2091	970	A	0	0	970	38.2701030927835
A_PB1	2092	972	A	0	0	971	38.0978372811535
A_PB1	2093	969	A	0	0	967	38.0837642192347
A_PB1	2094	960	T	0	0	958	38.1367432150313
A_PB1	2095	957	G	0	0	957	38.067920585162
A_PB1	2096	952	C	0	0	952	37.953781512605
A_PB1	2097	944	T	0	0	944	38.2097457627119
A_PB1	2098	944	G	0	0	943	37.5503711558855
A_PB1	2099	944	C	0	0	943	38.0869565217391
A_PB1	2100	943	A	0	0	943	38.1039236479321
A_PB1	2101	940	G	0	0	939	38.0362087326944
A_PB1	2102	939	C	0	0	938	37.6929637526652
A_PB1	2103	942	C	0	0	942	37.5074309978769
A_PB1	2104	945	T	0	0	945	37.842328042328
A_PB1	2105	946	A	0	0	943	38.2502651113468
A_PB1	2106	946	T	0	0	945	38.1492063492064
A_PB1	2107	944	T	0	0	944	38.2256355932203
A_PB1	2108	948	C	0	0	947	37.6768743400211
A_PB1	2109	946	G	0	0	946	38.1744186046512
A_PB1	2110	944	A	0	0	943	38.0763520678685
A_PB1	2111	944	G	0	0	944	38.1938559322034
A_PB1	2112	934	A	0	0	934	38.3768736616702
A_PB1	2113	936	A	0	0	936	38.0373931623932
A_PB1	2114	929	A	0	0	929	38.2303552206674
A_PB1	2115	933	T	0	0	933	38.2540192926045
A_PB1	2116	935	T	0	0	934	38.1766595289079
A_PB1	2117	938	C	0	0	937	37.6286019210245
A_PB1	2118	946	T	0	0	946	37.7938689217759
A_PB1	2119	950	T	0	0	950	37.5757894736842
A_PB1	2120	951	C	0	0	950	37.1094736842105
A_PB1	2121	951	C	0	0	951	37.6119873817035
A_PB1	2122	949	C	0	0	912	37.9879385964912
A_PB1	2123	946	C	0	0	944	37.9735169491525
A_PB1	2124	940	A	0	0	939	37.9946751863685
A_PB1	2125	945	G	0	0	945	37.9301587301587
A_PB1	2126	967	T	0	0	966	38.0300207039338
A_PB1	2127	961	A	0	0	961	38.0822060353798
A_PB1	2128	961	G	0	0	961	37.9583766909469
A_PB1	2129	948	T	0	0	946	37.9904862579281
A_PB1	2130	958	T	0	0	956	37.6558577405858
A_PB1	2131	955	C	0	0	955	37.7759162303665
A_PB1	2132	952	A	0	0	950	38.0326315789474
A_PB1	2133	951	T	0	0	950	37.8021052631579
A_PB1	2134	934	A	0	0	931	37.6466165413534
A_PB1	2135	936	C	0	0	934	37.8661670235546
A_PB1	2136	894	A	0	0	893	38.026875699888
A_PB1	2137	890	G	0	0	889	37.9651293588301
A_PB1	2138	895	G	0	0	895	37.8502793296089
A_PB1	2139	866	A	0	0	866	37.8418013856813
A_PB1	2140	866	G	0	0	866	37.6316397228637
A_PB1	2141	866	A	0	0	865	37.4878612716763
A_PB1	2142	865	C	0	0	863	37.7184241019699
A_PB1	2143	864	C	0	0	863	37.8366164542294
A_PB1	2144	854	A	0	0	854	38.1241217798595
A_PB1	2145	856	G	0	0	856	38.0806074766355
A_PB1	2146	851	T	0	0	851	37.9341950646298
A_PB1	2147	849	T	0	0	848	37.8997641509434
A_PB1	2148	850	G	0	0	849	37.8845700824499
A_PB1	2149	843	G	0	0	843	37.9466192170819
A_PB1	2150	856	A	0	0	855	37.8900584795322
A_PB1	2151	856	A	0	0	855	37.9286549707602
A_PB1	2152	844	T	0	0	843	37.5966785290629
A_PB1	2153	841	C	0	0	778	37.7943444730077
A_PB1	2154	835	T	0	0	833	37.4477791116447
A_PB1	2155	839	C	0	0	838	37.6133651551313
A_PB1	2156	839	C	0	0	837	37.8243727598566
A_PB1	2157	817	A	0	0	817	37.8567931456548
A_PB1	2158	819	G	0	0	818	37.6784841075795
A_PB1	2159	806	C	0	0	805	37.8521739130435
A_PB1	2160	835	A	0	0	835	37.8395209580838
A_PB1	2161	835	T	0	0	835	37.5041916167665
A_PB1	2162	810	G	0	0	810	37.7975308641975
A_PB1	2163	814	G	0	0	814	37.9029484029484
A_PB1	2164	810	T	0	0	809	37.6304079110012
A_PB1	2165	809	G	0	0	809	37.2694684796044
A_PB1	2166	812	G	0	0	812	37.5332512315271
A_PB1	2167	797	A	0	0	797	37.33626097867
A_PB1	2168	799	G	0	0	799	37.3078848560701
A_PB1	2169	797	G	0	0	796	37.1306532663317
A_PB1	2170	796	C	0	0	795	36.4415094339623
A_PB1	2171	785	C	0	0	784	37.140306122449
A_PB1	2172	727	A	0	0	726	37.7424242424242
A_PB1	2173	725	T	0	0	724	37.5718232044199
A_PB1	2174	728	G	0	0	728	37.2348901098901
A_PB1	2175	729	G	0	0	729	37.8765432098765
A_PB1	2176	721	T	0	0	718	37.5348189415042
A_PB1	2177	725	G	0	0	725	37.6537931034483
A_PB1	2178	714	T	0	0	714	37.3305322128852
A_PB1	2179	708	C	0	0	708	37.1779661016949
A_PB1	2180	709	T	0	0	708	37.6539548022599
A_PB1	2181	703	A	0	0	703	37.5903271692745
A_PB1	2182	703	G	0	0	703	36.8634423897582
A_PB1	2183	696	G	0	0	693	36.6204906204906
A_PB1	2184	694	G	0	0	694	36.4193083573487
A_PB1	2185	687	C	0	0	686	36.0758017492711
A_PB1	2186	704	C	0	0	704	36.6988636363636
A_PB1	2187	683	C	0	0	683	36.5783308931186
A_PB1	2188	684	G	0	0	684	37.8318713450292
A_PB1	2189	695	A	0	0	692	37.7687861271676
A_PB1	2190	695	A	0	0	694	37.5187319884726
A_PB1	2191	696	T	0	0	696	37.4971264367816
A_PB1	2192	685	C	0	0	684	36.780701754386
A_PB1	2193	680	G	0	0	680	38.1264705882353
A_PB1	2194	680	A	0	0	679	38.0662739322533
A_PB1	2195	680	T	0	0	680	37.9529411764706
A_PB1	2196	680	G	0	0	679	37.4432989690722
A_PB1	2197	678	C	0	0	678	37.7389380530973
A_PB1	2198	676	A	0	0	674	37.272997032641
A_PB1	2199	678	C	0	0	677	37.9468242245199
A_PB1	2200	675	G	0	0	674	38.13353115727
A_PB1	2201	673	T	0	0	671	38.0894187779434
A_PB1	2202	671	A	0	0	670	38.0507462686567
A_PB1	2203	663	T	0	0	663	37.8868778280543
A_PB1	2204	660	T	0	0	659	38.1881638846737
A_PB1	2205	660	G	0	0	660	38.0954545454545
A_PB1	2206	649	A	0	0	649	38.1016949152542
A_PB1	2207	646	T	0	0	621	37.3011272141707
A_PB1	2208	632	T	0	0	632	38.0981012658228
A_PB1	2209	632	T	0	0	632	37.9541139240506
A_PB1	2210	629	C	0	0	628	37.5414012738853
A_PB1	2211	629	G	0	0	629	37.9570747217806
A_PB1	2212	630	A	0	0	630	38.1174603174603
A_PB1	2213	630	A	0	0	628	37.7882165605096
A_PB1	2214	624	T	0	0	624	38.0608974358974
A_PB1	2215	623	C	0	0	623	38.1268057784912
A_PB1	2216	618	T	0	0	618	38.1715210355987
A_PB1	2217	618	G	0	0	618	37.9417475728155
A_PB1	2218	618	G	0	0	618	38.1035598705502
A_PB1	2219	618	A	0	0	617	37.8816855753647
A_PB1	2220	615	A	0	0	615	38.0260162601626
A_PB1	2221	604	G	0	0	603	37.893864013267
A_PB1	2222	603	G	0	0	602	37.8787375415282
A_PB1	2223	602	A	0	0	592	38.0320945945946
A_PB1	2224	598	T	0	0	598	37.9732441471572
A_PB1	2225	598	T	0	0	598	38.2056856187291
A_PB1	2226	596	A	0	0	595	37.9378151260504
A_PB1	2227	594	A	0	0	594	37.952861952862
A_PB1	2228	594	G	0	0	594	37.9040404040404
A_PB1	2229	593	A	0	0	593	37.8094435075885
A_PB1	2230	575	A	0	0	575	38.1426086956522
A_PB1	2231	542	G	0	0	542	38.1660516605166
A_PB1	2232	540	G	0	0	540	38.2074074074074
A_PB1	2233	539	A	0	0	539	38.1428571428571
A_PB1	2234	539	A	0	0	538	37.9721189591078
A_PB1	2235	539	G	0	0	539	37.9517625231911
A_PB1	2236	536	A	0	0	535	37.8616822429907
A_PB1	2237	536	G	0	0	536	37.8619402985075
A_PB1	2238	527	T	0	0	527	37.7988614800759
A_PB1	2239	525	T	0	0	525	37.6228571428571
A_PB1	2240	519	T	0	0	518	38.0212355212355
A_PB1	2241	518	G	0	0	518	38.015444015444
A_PB1	2242	518	C	0	0	518	37.7779922779923
A_PB1	2243	516	T	0	0	516	38
A_PB1	2244	515	G	0	0	515	37.9067961165049
A_PB1	2245	501	A	0	0	501	38.061876247505
A_PB1	2246	501	G	0	0	501	37.9241516966068
A_PB1	2247	500	A	0	0	500	38.03
A_PB1	2248	499	T	0	0	499	37.7054108216433
A_PB1	2249	495	C	0	0	494	37.6336032388664
A_PB1	2250	485	A	0	0	485	37.9711340206186
A_PB1	2251	484	T	0	0	484	37.8780991735537
A_PB1	2252	484	G	0	0	484	37.9690082644628
A_PB1	2253	483	A	0	0	483	37.7432712215321
A_PB1	2254	481	A	0	0	480	37.73125
A_PB1	2255	456	G	0	0	456	37.4517543859649
A_PB1	2256	447	A	0	0	447	37.4921700223714
A_PB1	2257	446	T	0	0	443	37.2618510158014
A_PB1	2258	443	C	0	0	442	37.8054298642534
A_PB1	2259	434	T	0	0	434	38.0599078341014
A_PB1	2260	434	G	0	0	434	37.684331797235
A_PB1	2261	430	T	0	0	427	37.9250585480094
A_PB1	2262	430	T	0	0	428	37.1168224299065
A_PB1	2263	430	C	0	0	430	35.6976744186046
A_PB1	2264	421	C	0	0	421	36.9287410926366
A_PB1	2265	420	A	0	0	415	36.3012048192771
A_PB1	2266	421	C	0	0	421	37.2304038004751
A_PB1	2267	413	C	0	0	412	37.6747572815534
A_PB1	2268	409	A	0	0	409	37.8875305623472
A_PB1	2269	393	T	0	0	393	37.8600508905852
A_PB1	2270	388	T	0	0	388	37.7242268041237
A_PB1	2271	388	G	0	0	386	37.5103626943005
A_PB1	2272	388	A	0	0	388	37.6288659793814
A_PB1	2273	386	A	0	0	386	37.5051813471503
A_PB1	2274	386	G	0	0	385	37.1844155844156
A_PB1	2275	343	A	0	0	343	37.865889212828
A_PB1	2276	343	G	0	0	343	37.4110787172012
A_PB1	2277	336	C	0	0	336	37.3601190476191
A_PB1	2278	335	T	0	0	334	37.6167664670659
A_PB1	2279	334	C	0	0	333	36.7087087087087
A_PB1	2280	330	A	0	0	329	37.5379939209726
A_PB1	2281	330	G	0	0	329	36.8267477203647
A_PB1	2282	330	A	0	0	330	36.5515151515152
A_PB1	2283	328	C	0	0	302	36.4801324503311
A_PB1	2284	328	G	0	0	327	37.3363914373089
A_PB1	2285	322	G	0	0	320	37.41875
A_PB1	2286	322	C	0	0	322	37.1832298136646
A_PB1	2287	319	A	0	0	319	37.7899686520376
A_PB1	2288	309	A	0	0	309	37.6440129449838
A_PB1	2289	309	A	0	0	309	37.3883495145631
A_PB1	2290	307	A	0	0	307	37.5537459283388
A_PB1	2291	307	G	0	0	305	37.4295081967213
A_PB1	2292	297	T	0	0	297	37.4006734006734
A_PB1	2293	290	A	0	0	290	37.3931034482759
A_PB1	2294	290	G	0	0	288	37.2083333333333
A_PB1	2295	288	T	0	0	288	37.2743055555556
A_PB1	2296	288	G	0	0	288	37.2013888888889
A_PB1	2297	286	A	0	0	286	37.1958041958042
A_PB1	2298	286	A	0	0	286	37.5559440559441
A_PB1	2299	286	T	0	0	285	37.059649122807
A_PB1	2300	264	T	0	0	264	37.1477272727273
A_PB1	2301	264	T	0	0	264	37.1856060606061
A_PB1	2302	261	A	0	0	261	36.911877394636
A_PB1	2303	261	G	0	0	261	36.3256704980843
A_PB1	2304	260	C	0	0	260	36.8538461538462
A_PB1	2305	238	T	0	0	238	36.9705882352941
A_PB1	2306	229	T	0	0	228	36.9078947368421
A_PB1	2307	229	G	0	0	229	36.3886462882096
A_PB1	2308	229	T	0	0	229	36.4235807860262
A_PB1	2309	228	C	0	0	227	36.1101321585903
A_PB1	2310	224	C	0	0	224	36.5401785714286
A_PB1	2311	174	T	0	0	174	38.0689655172414
A_PB1	2312	173	T	0	0	173	37.7687861271676
A_PB1	2313	173	C	0	0	173	37.8612716763006
A_PB1	2314	173	A	0	0	173	37.8554913294798
A_PB1	2315	172	T	0	0	172	37.4418604651163
A_PB1	2316	167	G	0	0	167	37.5808383233533
A_PB1	2317	165	A	0	0	165	37.1818181818182
A_PB1	2318	165	A	0	0	165	37.7393939393939
A_PB1	2319	165	A	0	0	165	37.7636363636364
A_PB1	2320	165	A	0	0	165	37.6424242424242
A_PB1	2321	164	A	0	0	164	37.3536585365854
A_PB1	2322	164	A	0	0	164	37.1280487804878
A_PB1	2323	164	T	0	0	164	36.8231707317073
A_PB1	2324	164	G	0	0	164	36.640243902439
A_PB1	2325	164	C	0	0	164	33.609756097561
A_PB1	2326	157	C	0	0	156	36.3076923076923
A_PB1	2327	154	T	0	0	154	34.3701298701299
A_PB1	2328	154	T	0	0	154	36.0649350649351
A_PB1	2329	153	G	0	0	153	35.9150326797386
A_PB1	2330	150	T	0	0	150	36.02
A_PB1	2331	149	T	0	0	149	36.1946308724832
A_PB1	2332	148	T	0	0	148	32.5945945945946
A_PB1	2333	130	C	0	0	130	32.3461538461538
A_PB1	2334	129	T	0	0	129	32.8372093023256
A_PB1	2335	128	A	0	0	128	32.328125
A_PB1	2336	128	C	0	0	128	32.1015625
